time,mean_particle_number,variance,factorial_second_moment,g1_real,g1_imag,g1_magnitude,g2
0.000000000000000000e+00,1.000000000000000000e+02,0.000000000000000000e+00,9.900000000000000000e+03,0.000000000000000000e+00,0.000000000000000000e+00,0.000000000000000000e+00,9.899999999999999911e-01
1.000000000000000021e-03,9.989699999999999136e+01,1.103910000001633307e-01,9.879623999999997977e+03,0.000000000000000000e+00,0.000000000000000000e+00,0.000000000000000000e+00,9.900007512557899014e-01
2.000000000000000042e-03,9.980700000000000216e+01,1.957509999992907979e-01,9.861825999999999112e+03,0.000000000000000000e+00,0.000000000000000000e+00,0.000000000000000000e+00,9.900003135581664226e-01
3.000000000000000062e-03,9.969899999999999807e+01,3.103989999999612337e-01,9.840501999999998588e+03,0.000000000000000000e+00,0.000000000000000000e+00,0.000000000000000000e+00,9.900010367327380933e-01
4.000000000000000083e-03,9.961100000000000421e+01,4.076789999980974244e-01,9.823147999999997410e+03,0.000000000000000000e+00,0.000000000000000000e+00,0.000000000000000000e+00,9.900020350226820254e-01
5.000000000000000104e-03,9.950799999999999557e+01,5.239360000014130492e-01,9.802858000000000175e+03,0.000000000000000000e+00,0.000000000000000000e+00,0.000000000000000000e+00,9.900034697220758684e-01
6.000000000000000125e-03,9.942499999999999716e+01,6.263749999998253770e-01,9.786531999999999243e+03,0.000000000000000000e+00,0.000000000000000000e+00,0.000000000000000000e+00,9.900055315549954882e-01
7.000000000000000146e-03,9.934600000000000364e+01,6.982839999982388690e-01,9.770979999999999563e+03,0.000000000000000000e+00,0.000000000000000000e+00,0.000000000000000000e+00,9.900049202625870182e-01
8.000000000000000167e-03,9.925799999999999557e+01,7.734359999994921964e-01,9.753665999999999258e+03,0.000000000000000000e+00,0.000000000000000000e+00,0.000000000000000000e+00,9.900037496016488303e-01
9.000000000000001055e-03,9.915900000000000603e+01,8.757189999978436390e-01,9.734224000000000160e+03,0.000000000000000000e+00,0.000000000000000000e+00,0.000000000000000000e+00,9.900042503716299791e-01
1.000000000000000021e-02,9.906499999999999773e+01,9.807750000018131686e-01,9.715790000000000873e+03,0.000000000000000000e+00,0.000000000000000000e+00,0.000000000000000000e+00,9.900055551201035753e-01
1.099999999999999936e-02,9.898099999999999454e+01,1.042638999999326188e+00,9.699299999999999272e+03,0.000000000000000000e+00,0.000000000000000000e+00,0.000000000000000000e+00,9.900034726734969759e-01
1.200000000000000025e-02,9.888299999999999557e+01,1.129311000000598142e+00,9.680093999999999141e+03,0.000000000000000000e+00,0.000000000000000000e+00,0.000000000000000000e+00,9.900025351069876578e-01
1.300000000000000114e-02,9.879000000000000625e+01,1.203900000000430737e+00,9.661878000000000611e+03,0.000000000000000000e+00,0.000000000000000000e+00,0.000000000000000000e+00,9.900008751505114946e-01
1.400000000000000029e-02,9.868999999999999773e+01,1.323900000001231092e+00,9.642350000000000364e+03,0.000000000000000000e+00,0.000000000000000000e+00,0.000000000000000000e+00,9.900031891073294288e-01
1.499999999999999944e-02,9.859000000000000341e+01,1.427899999998771818e+00,9.622825999999999112e+03,0.000000000000000000e+00,0.000000000000000000e+00,0.000000000000000000e+00,9.900038869389149454e-01
1.600000000000000033e-02,9.848399999999999466e+01,1.503744000001461245e+00,9.602118000000000393e+03,0.000000000000000000e+00,0.000000000000000000e+00,0.000000000000000000e+00,9.900011059337392449e-01
1.700000000000000122e-02,9.837699999999999534e+01,1.550871000001279754e+00,9.581208000000000538e+03,0.000000000000000000e+00,0.000000000000000000e+00,0.000000000000000000e+00,9.899952689038508113e-01
1.800000000000000211e-02,9.829900000000000659e+01,1.627599000001282548e+00,9.566022000000000844e+03,0.000000000000000000e+00,0.000000000000000000e+00,0.000000000000000000e+00,9.899953980750341165e-01
1.899999999999999953e-02,9.819799999999999329e+01,1.712796000001617358e+00,9.546361999999999171e+03,0.000000000000000000e+00,0.000000000000000000e+00,0.000000000000000000e+00,9.899941166795658276e-01
2.000000000000000042e-02,9.809600000000000364e+01,1.814783999998326181e+00,9.526543999999999869e+03,0.000000000000000000e+00,0.000000000000000000e+00,0.000000000000000000e+00,9.899944960197434307e-01
2.100000000000000130e-02,9.798900000000000432e+01,1.914878999999928055e+00,9.505770000000000437e+03,0.000000000000000000e+00,0.000000000000000000e+00,0.000000000000000000e+00,9.899942011358132676e-01
2.199999999999999872e-02,9.789000000000000057e+01,2.021899999999732245e+00,9.486584000000000742e+03,0.000000000000000000e+00,0.000000000000000000e+00,0.000000000000000000e+00,9.899954522078957542e-01
2.299999999999999961e-02,9.778499999999999659e+01,2.112775000001420267e+00,9.466234000000000378e+03,0.000000000000000000e+00,0.000000000000000000e+00,0.000000000000000000e+00,9.899944401514982895e-01
2.400000000000000050e-02,9.768200000000000216e+01,2.138875999999072519e+00,9.446229999999999563e+03,0.000000000000000000e+00,0.000000000000000000e+00,0.000000000000000000e+00,9.899868585473190485e-01
2.500000000000000139e-02,9.757299999999999329e+01,2.258671000001413631e+00,9.425175999999999476e+03,0.000000000000000000e+00,0.000000000000000000e+00,0.000000000000000000e+00,9.899885062947162417e-01
2.600000000000000228e-02,9.747599999999999909e+01,2.341423999998369254e+00,9.406435999999997875e+03,0.000000000000000000e+00,0.000000000000000000e+00,0.000000000000000000e+00,9.899874894114555346e-01
2.699999999999999969e-02,9.738200000000000500e+01,2.394075999998676707e+00,9.388265999999999622e+03,0.000000000000000000e+00,0.000000000000000000e+00,0.000000000000000000e+00,9.899836148265936941e-01
2.800000000000000058e-02,9.727799999999999159e+01,2.484716000002663350e+00,9.368216000000000349e+03,0.000000000000000000e+00,0.000000000000000000e+00,0.000000000000000000e+00,9.899827548346302741e-01
2.900000000000000147e-02,9.718699999999999761e+01,2.588031000001137727e+00,9.350713999999999942e+03,0.000000000000000000e+00,0.000000000000000000e+00,0.000000000000000000e+00,9.899845596106261469e-01
2.999999999999999889e-02,9.710599999999999454e+01,2.710763999999471707e+00,9.335179999999998472e+03,0.000000000000000000e+00,0.000000000000000000e+00,0.000000000000000000e+00,9.899894498280664701e-01
3.099999999999999978e-02,9.700199999999999534e+01,2.791996000001745415e+00,9.315177999999999884e+03,0.000000000000000000e+00,0.000000000000000000e+00,0.000000000000000000e+00,9.899876587127718341e-01
3.200000000000000067e-02,9.689000000000000057e+01,2.917900000000372529e+00,9.293700000000000728e+03,0.000000000000000000e+00,0.000000000000000000e+00,0.000000000000000000e+00,9.899898399732134369e-01
3.300000000000000155e-02,9.678400000000000603e+01,3.079343999996126513e+00,9.273437999999998283e+03,0.000000000000000000e+00,0.000000000000000000e+00,0.000000000000000000e+00,9.899964525532252146e-01
3.400000000000000244e-02,9.669700000000000273e+01,3.177191000000675558e+00,9.256790000000000873e+03,0.000000000000000000e+00,0.000000000000000000e+00,0.000000000000000000e+00,9.899982127961168832e-01
3.500000000000000333e-02,9.659300000000000352e+01,3.339351000000533531e+00,9.236953999999999724e+03,0.000000000000000000e+00,0.000000000000000000e+00,0.000000000000000000e+00,9.900051903978798196e-01
3.600000000000000422e-02,9.649599999999999511e+01,3.421984000000520609e+00,9.218404000000000451e+03,0.000000000000000000e+00,0.000000000000000000e+00,0.000000000000000000e+00,9.900043778399015837e-01
3.699999999999999817e-02,9.641899999999999693e+01,3.447439000001395470e+00,9.203652000000000044e+03,0.000000000000000000e+00,0.000000000000000000e+00,0.000000000000000000e+00,9.899994271694487757e-01
3.799999999999999906e-02,9.632500000000000284e+01,3.589375000001382432e+00,9.185770000000000437e+03,0.000000000000000000e+00,0.000000000000000000e+00,0.000000000000000000e+00,9.900053275012160592e-01
3.899999999999999994e-02,9.623000000000000398e+01,3.659099999998943531e+00,9.167641999999999825e+03,0.000000000000000000e+00,0.000000000000000000e+00,0.000000000000000000e+00,9.900033723846672906e-01
4.000000000000000083e-02,9.610599999999999454e+01,3.790764000001217937e+00,9.144048000000000684e+03,0.000000000000000000e+00,0.000000000000000000e+00,0.000000000000000000e+00,9.900052397636130985e-01
4.100000000000000172e-02,9.599599999999999511e+01,3.891983999999865773e+00,9.123128000000000611e+03,0.000000000000000000e+00,0.000000000000000000e+00,0.000000000000000000e+00,9.900052417736110444e-01
4.200000000000000261e-02,9.590200000000000102e+01,4.016396000000895583e+00,9.105308000000000902e+03,0.000000000000000000e+00,0.000000000000000000e+00,0.000000000000000000e+00,9.900093867807635561e-01
4.300000000000000350e-02,9.582999999999999829e+01,4.111100000000078580e+00,9.091670000000000073e+03,0.000000000000000000e+00,0.000000000000000000e+00,0.000000000000000000e+00,9.900125214124385620e-01
4.399999999999999745e-02,9.573300000000000409e+01,4.217710999999326305e+00,9.073291999999999462e+03,0.000000000000000000e+00,0.000000000000000000e+00,0.000000000000000000e+00,9.900144884541280943e-01
4.499999999999999833e-02,9.564900000000000091e+01,4.301798999998936779e+00,9.057384000000000015e+03,0.000000000000000000e+00,0.000000000000000000e+00,0.000000000000000000e+00,9.900153148023393967e-01
4.599999999999999922e-02,9.555599999999999739e+01,4.388864000000467058e+00,9.039781999999999243e+03,0.000000000000000000e+00,0.000000000000000000e+00,0.000000000000000000e+00,9.900155904230633075e-01
4.700000000000000011e-02,9.546099999999999852e+01,4.480478999999832013e+00,9.021822000000000116e+03,0.000000000000000000e+00,0.000000000000000000e+00,0.000000000000000000e+00,9.900161864815637536e-01
4.800000000000000100e-02,9.536299999999999955e+01,4.561230999997860636e+00,9.003299999999999272e+03,0.000000000000000000e+00,0.000000000000000000e+00,0.000000000000000000e+00,9.900153119784158573e-01
4.900000000000000189e-02,9.528000000000000114e+01,4.677599999999074498e+00,8.987675999999999476e+03,0.000000000000000000e+00,0.000000000000000000e+00,0.000000000000000000e+00,9.900198698466879943e-01
5.000000000000000278e-02,9.518899999999999295e+01,4.789279000002352404e+00,8.970546000000000276e+03,0.000000000000000000e+00,0.000000000000000000e+00,0.000000000000000000e+00,9.900231472758429518e-01
5.100000000000000366e-02,9.508899999999999864e+01,4.881078999998862855e+00,8.951709999999999127e+03,0.000000000000000000e+00,0.000000000000000000e+00,0.000000000000000000e+00,9.900233643140586848e-01
5.200000000000000455e-02,9.499500000000000455e+01,4.910974999998870771e+00,8.933965999999998530e+03,0.000000000000000000e+00,0.000000000000000000e+00,0.000000000000000000e+00,9.900173398030335248e-01
5.299999999999999850e-02,9.490099999999999625e+01,4.983198999998421641e+00,8.916281999999997424e+03,0.000000000000000000e+00,0.000000000000000000e+00,0.000000000000000000e+00,9.900160108606498310e-01
5.399999999999999939e-02,9.480299999999999727e+01,5.086191000000326312e+00,8.897891999999999825e+03,0.000000000000000000e+00,0.000000000000000000e+00,0.000000000000000000e+00,9.900177220764038166e-01
5.500000000000000028e-02,9.470099999999999341e+01,5.105599000000438537e+00,8.878683999999999287e+03,0.000000000000000000e+00,0.000000000000000000e+00,0.000000000000000000e+00,9.900097446796752854e-01
5.600000000000000117e-02,9.460699999999999932e+01,5.154550999999628402e+00,8.861031999999999243e+03,0.000000000000000000e+00,0.000000000000000000e+00,0.000000000000000000e+00,9.900058539278290271e-01
5.700000000000000205e-02,9.450100000000000477e+01,5.327998999999181251e+00,8.841265999999999622e+03,0.000000000000000000e+00,0.000000000000000000e+00,0.000000000000000000e+00,9.900147124917357822e-01
5.800000000000000294e-02,9.439799999999999613e+01,5.533596000001125503e+00,8.822118000000000393e+03,0.000000000000000000e+00,0.000000000000000000e+00,0.000000000000000000e+00,9.900275413000357849e-01
5.900000000000000383e-02,9.430500000000000682e+01,5.573974999997517443e+00,8.804701999999999316e+03,0.000000000000000000e+00,0.000000000000000000e+00,0.000000000000000000e+00,9.900228601541638529e-01
5.999999999999999778e-02,9.421599999999999397e+01,5.609344000002238317e+00,8.788048000000000684e+03,0.000000000000000000e+00,0.000000000000000000e+00,0.000000000000000000e+00,9.900180124794979442e-01
6.099999999999999867e-02,9.410899999999999466e+01,5.705119000002014218e+00,8.768100000000000364e+03,0.000000000000000000e+00,0.000000000000000000e+00,0.000000000000000000e+00,9.900181965493570768e-01
6.199999999999999956e-02,9.402100000000000080e+01,5.778559000000313972e+00,8.751706000000000131e+03,0.000000000000000000e+00,0.000000000000000000e+00,0.000000000000000000e+00,9.900177651952438707e-01
6.300000000000000044e-02,9.391800000000000637e+01,5.877275999997436884e+00,8.732549999999999272e+03,0.000000000000000000e+00,0.000000000000000000e+00,0.000000000000000000e+00,9.900187270042525300e-01
6.400000000000000133e-02,9.382200000000000273e+01,5.922316000000137137e+00,8.714667999999999665e+03,0.000000000000000000e+00,0.000000000000000000e+00,0.000000000000000000e+00,9.900143131918461847e-01
6.500000000000000222e-02,9.372799999999999443e+01,5.930016000000250642e+00,8.697139999999999418e+03,0.000000000000000000e+00,0.000000000000000000e+00,0.000000000000000000e+00,9.900058504499513745e-01
6.600000000000000311e-02,9.363899999999999579e+01,6.018679000000702217e+00,8.680641999999999825e+03,0.000000000000000000e+00,0.000000000000000000e+00,0.000000000000000000e+00,9.900071054226847744e-01
6.700000000000000400e-02,9.355400000000000205e+01,6.075083999998241779e+00,8.664871999999999389e+03,0.000000000000000000e+00,0.000000000000000000e+00,0.000000000000000000e+00,9.900050949922398758e-01
6.800000000000000488e-02,9.345499999999999829e+01,6.171975000001111766e+00,8.646554000000000087e+03,0.000000000000000000e+00,0.000000000000000000e+00,0.000000000000000000e+00,9.900063368768895478e-01
6.900000000000000577e-02,9.337199999999999989e+01,6.361615999998321058e+00,8.631319999999999709e+03,0.000000000000000000e+00,0.000000000000000000e+00,0.000000000000000000e+00,9.900198340545015574e-01
7.000000000000000666e-02,9.327800000000000580e+01,6.432715999999345513e+00,8.613940000000000509e+03,0.000000000000000000e+00,0.000000000000000000e+00,0.000000000000000000e+00,9.900186843870630859e-01
7.100000000000000755e-02,9.319499999999999318e+01,6.536975000000893488e+00,8.598649999999999636e+03,0.000000000000000000e+00,0.000000000000000000e+00,0.000000000000000000e+00,9.900224580693557375e-01
7.200000000000000844e-02,9.309699999999999420e+01,6.629591000000800705e+00,8.580584000000000742e+03,0.000000000000000000e+00,0.000000000000000000e+00,0.000000000000000000e+00,9.900234341623715961e-01
7.299999999999999545e-02,9.298600000000000421e+01,6.741803999999319785e+00,8.560152000000000044e+03,0.000000000000000000e+00,0.000000000000000000e+00,0.000000000000000000e+00,9.900254170587394764e-01
7.399999999999999634e-02,9.291299999999999670e+01,6.871431000001393841e+00,8.546783999999999651e+03,0.000000000000000000e+00,0.000000000000000000e+00,0.000000000000000000e+00,9.900332089056717022e-01
7.499999999999999722e-02,9.283499999999999375e+01,6.921775000000707223e+00,8.532424000000000888e+03,0.000000000000000000e+00,0.000000000000000000e+00,0.000000000000000000e+00,9.900313456346565566e-01
7.599999999999999811e-02,9.273600000000000421e+01,6.982303999999203370e+00,8.514211999999999534e+03,0.000000000000000000e+00,0.000000000000000000e+00,0.000000000000000000e+00,9.900286002257093765e-01
7.699999999999999900e-02,9.265399999999999636e+01,7.024284000000989181e+00,8.499134000000000015e+03,0.000000000000000000e+00,0.000000000000000000e+00,0.000000000000000000e+00,9.900253846427472526e-01
7.799999999999999989e-02,9.255299999999999727e+01,7.095191000000340864e+00,8.480600000000000364e+03,0.000000000000000000e+00,0.000000000000000000e+00,0.000000000000000000e+00,9.900236712259620209e-01
7.900000000000000078e-02,9.245799999999999841e+01,7.250235999999858905e+00,8.463273999999999432e+03,0.000000000000000000e+00,0.000000000000000000e+00,0.000000000000000000e+00,9.900324096895387616e-01
8.000000000000000167e-02,9.236100000000000421e+01,7.388678999999683583e+00,8.445582000000000335e+03,0.000000000000000000e+00,0.000000000000000000e+00,0.000000000000000000e+00,9.900390621989451079e-01
8.100000000000000255e-02,9.226600000000000534e+01,7.501243999999132939e+00,8.428250000000000000e+03,0.000000000000000000e+00,0.000000000000000000e+00,0.000000000000000000e+00,9.900429215231586477e-01
8.200000000000000344e-02,9.216800000000000637e+01,7.671775999997407780e+00,8.410443999999999505e+03,0.000000000000000000e+00,0.000000000000000000e+00,0.000000000000000000e+00,9.900533468427143990e-01
8.300000000000000433e-02,9.207800000000000296e+01,7.759915999999066116e+00,8.394040000000000873e+03,0.000000000000000000e+00,0.000000000000000000e+00,0.000000000000000000e+00,9.900549041259389949e-01
8.400000000000000522e-02,9.200199999999999534e+01,7.851996000001236098e+00,8.380218000000000757e+03,0.000000000000000000e+00,0.000000000000000000e+00,0.000000000000000000e+00,9.900583240284174247e-01
8.500000000000000611e-02,9.190900000000000603e+01,7.992718999998032814e+00,8.363347999999999956e+03,0.000000000000000000e+00,0.000000000000000000e+00,0.000000000000000000e+00,9.900658629576973846e-01
8.600000000000000699e-02,9.183199999999999363e+01,8.111776000001555076e+00,8.349396000000000640e+03,0.000000000000000000e+00,0.000000000000000000e+00,0.000000000000000000e+00,9.900724451346066823e-01
8.700000000000000788e-02,9.174500000000000455e+01,8.123974999998608837e+00,8.333523999999999432e+03,0.000000000000000000e+00,0.000000000000000000e+00,0.000000000000000000e+00,9.900653933427977504e-01
8.799999999999999489e-02,9.166400000000000148e+01,8.123104000000239466e+00,8.318747999999999593e+03,0.000000000000000000e+00,0.000000000000000000e+00,0.000000000000000000e+00,9.900573644831742737e-01
8.899999999999999578e-02,9.159099999999999397e+01,8.213719000001219683e+00,8.305533999999999651e+03,0.000000000000000000e+00,0.000000000000000000e+00,0.000000000000000000e+00,9.900610129005845694e-01
8.999999999999999667e-02,9.150499999999999545e+01,8.263975000001664739e+00,8.289924000000000888e+03,0.000000000000000000e+00,0.000000000000000000e+00,0.000000000000000000e+00,9.900585949576459210e-01
9.099999999999999756e-02,9.140800000000000125e+01,8.269535999997970066e+00,8.272283999999999651e+03,0.000000000000000000e+00,0.000000000000000000e+00,0.000000000000000000e+00,9.900497593798266438e-01
9.199999999999999845e-02,9.133100000000000307e+01,8.369438999998237705e+00,8.258389999999999418e+03,0.000000000000000000e+00,0.000000000000000000e+00,0.000000000000000000e+00,9.900541824195626672e-01
9.299999999999999933e-02,9.123600000000000421e+01,8.430303999999523512e+00,8.241201999999999316e+03,0.000000000000000000e+00,0.000000000000000000e+00,0.000000000000000000e+00,9.900521841132136069e-01
9.400000000000000022e-02,9.111599999999999966e+01,8.466544000000794767e+00,8.219476000000000568e+03,0.000000000000000000e+00,0.000000000000000000e+00,0.000000000000000000e+00,9.900447835391035234e-01
9.500000000000000111e-02,9.102599999999999625e+01,8.539323999999396619e+00,8.203245999999999185e+03,0.000000000000000000e+00,0.000000000000000000e+00,0.000000000000000000e+00,9.900447336131267262e-01
9.600000000000000200e-02,9.095099999999999341e+01,8.606599000000642263e+00,8.189739999999998872e+03,0.000000000000000000e+00,0.000000000000000000e+00,0.000000000000000000e+00,9.900455076364979012e-01
9.700000000000000289e-02,9.086499999999999488e+01,8.660775000002104207e+00,8.174243999999999687e+03,0.000000000000000000e+00,0.000000000000000000e+00,0.000000000000000000e+00,9.900436334414246531e-01
9.800000000000000377e-02,9.077500000000000568e+01,8.672374999998282874e+00,8.157997999999999593e+03,0.000000000000000000e+00,0.000000000000000000e+00,0.000000000000000000e+00,9.900362108745485168e-01
9.900000000000000466e-02,9.069100000000000250e+01,8.757518999998865183e+00,8.142923999999999978e+03,0.000000000000000000e+00,0.000000000000000000e+00,0.000000000000000000e+00,9.900383099416284471e-01
1.000000000000000056e-01,9.059999999999999432e+01,8.930000000000291038e+00,8.126689999999999600e+03,0.000000000000000000e+00,0.000000000000000000e+00,0.000000000000000000e+00,9.900503876535630132e-01
1.010000000000000064e-01,9.049200000000000443e+01,9.035935999999310297e+00,8.107345999999999549e+03,0.000000000000000000e+00,0.000000000000000000e+00,0.000000000000000000e+00,9.900527496740821887e-01
1.020000000000000073e-01,9.038100000000000023e+01,9.081839000000400119e+00,8.087426000000000386e+03,0.000000000000000000e+00,0.000000000000000000e+00,0.000000000000000000e+00,9.900475093239582414e-01
1.030000000000000082e-01,9.028900000000000148e+01,9.121478999999453663e+00,8.070935999999999694e+03,0.000000000000000000e+00,0.000000000000000000e+00,0.000000000000000000e+00,9.900433647842044049e-01
1.040000000000000091e-01,9.020000000000000284e+01,9.233999999998559360e+00,8.055073999999999614e+03,0.000000000000000000e+00,0.000000000000000000e+00,0.000000000000000000e+00,9.900484756712109036e-01
1.049999999999999961e-01,9.010200000000000387e+01,9.255595999999059131e+00,8.037524000000000342e+03,0.000000000000000000e+00,0.000000000000000000e+00,0.000000000000000000e+00,9.900415477519765028e-01
1.059999999999999970e-01,9.000000000000000000e+01,9.347999999999956344e+00,8.019347999999999956e+03,0.000000000000000000e+00,0.000000000000000000e+00,0.000000000000000000e+00,9.900429629629629025e-01
1.069999999999999979e-01,8.990600000000000591e+01,9.405163999998876534e+00,8.002587999999999738e+03,0.000000000000000000e+00,0.000000000000000000e+00,0.000000000000000000e+00,9.900408324548567451e-01
1.079999999999999988e-01,8.981499999999999773e+01,9.430775000000721775e+00,7.986350000000000364e+03,0.000000000000000000e+00,0.000000000000000000e+00,0.000000000000000000e+00,9.900350968858158129e-01
1.089999999999999997e-01,8.973199999999999932e+01,9.480176000000028580e+00,7.971579999999999927e+03,0.000000000000000000e+00,0.000000000000000000e+00,0.000000000000000000e+00,9.900330973430425674e-01
1.100000000000000006e-01,8.962000000000000455e+01,9.653599999999642023e+00,7.951778000000000247e+03,0.000000000000000000e+00,0.000000000000000000e+00,0.000000000000000000e+00,9.900437070681681329e-01
1.110000000000000014e-01,8.953300000000000125e+01,9.686910999999781779e+00,7.936311999999999898e+03,0.000000000000000000e+00,0.000000000000000000e+00,0.000000000000000000e+00,9.900393569945223904e-01
1.120000000000000023e-01,8.944499999999999318e+01,9.766975000000456930e+00,7.920729999999999563e+03,0.000000000000000000e+00,0.000000000000000000e+00,0.000000000000000000e+00,9.900407548276265457e-01
1.130000000000000032e-01,8.933499999999999375e+01,9.862775000001420267e+00,7.901270000000000437e+03,0.000000000000000000e+00,0.000000000000000000e+00,0.000000000000000000e+00,9.900420007614018081e-01
1.140000000000000041e-01,8.925100000000000477e+01,9.921998999999232183e+00,7.886412000000000262e+03,0.000000000000000000e+00,0.000000000000000000e+00,0.000000000000000000e+00,9.900412276786250132e-01
1.150000000000000050e-01,8.917400000000000659e+01,9.993723999999019725e+00,7.872822000000000116e+03,0.000000000000000000e+00,0.000000000000000000e+00,0.000000000000000000e+00,9.900427246809302417e-01
1.160000000000000059e-01,8.908299999999999841e+01,9.940110999999888008e+00,7.856637999999999920e+03,0.000000000000000000e+00,0.000000000000000000e+00,0.000000000000000000e+00,9.900270823871030190e-01
1.170000000000000068e-01,8.898399999999999466e+01,1.008774400000129390e+01,7.839256000000000313e+03,0.000000000000000000e+00,0.000000000000000000e+00,0.000000000000000000e+00,9.900360269101651234e-01
1.180000000000000077e-01,8.889000000000000057e+01,1.011790000000019063e+01,7.822659999999999854e+03,0.000000000000000000e+00,0.000000000000000000e+00,0.000000000000000000e+00,9.900306553289244249e-01
1.190000000000000085e-01,8.878199999999999648e+01,1.002247600000100647e+01,7.803484000000000378e+03,0.000000000000000000e+00,0.000000000000000000e+00,0.000000000000000000e+00,9.900079813875084511e-01
1.199999999999999956e-01,8.868699999999999761e+01,1.014103100000011182e+01,7.786837999999999738e+03,0.000000000000000000e+00,0.000000000000000000e+00,0.000000000000000000e+00,9.900137146120806531e-01
1.209999999999999964e-01,8.859300000000000352e+01,1.027535099999931845e+01,7.770402000000000044e+03,0.000000000000000000e+00,0.000000000000000000e+00,0.000000000000000000e+00,9.900216019296881331e-01
1.219999999999999973e-01,8.850600000000000023e+01,1.025796400000035646e+01,7.755064000000000306e+03,0.000000000000000000e+00,0.000000000000000000e+00,0.000000000000000000e+00,9.900108618627228019e-01
1.229999999999999982e-01,8.841899999999999693e+01,1.032143900000028225e+01,7.739822000000000116e+03,0.000000000000000000e+00,0.000000000000000000e+00,0.000000000000000000e+00,9.900104419864342864e-01
1.239999999999999991e-01,8.834199999999999875e+01,1.043103599999994913e+01,7.726398000000000138e+03,0.000000000000000000e+00,0.000000000000000000e+00,0.000000000000000000e+00,9.900169298320465883e-01
1.250000000000000000e-01,8.825300000000000011e+01,1.051299099999960163e+01,7.710851999999999862e+03,0.000000000000000000e+00,0.000000000000000000e+00,0.000000000000000000e+00,9.900187339495805094e-01
1.260000000000000009e-01,8.816599999999999682e+01,1.050844400000096357e+01,7.695586000000000240e+03,0.000000000000000000e+00,0.000000000000000000e+00,0.000000000000000000e+00,9.900096329877562384e-01
1.270000000000000018e-01,8.808700000000000330e+01,1.050943100000040431e+01,7.681742000000000189e+03,0.000000000000000000e+00,0.000000000000000000e+00,0.000000000000000000e+00,9.900020139253011831e-01
1.280000000000000027e-01,8.798799999999999955e+01,1.059385600000041450e+01,7.664493999999999687e+03,0.000000000000000000e+00,0.000000000000000000e+00,0.000000000000000000e+00,9.900031952722049278e-01
1.290000000000000036e-01,8.790600000000000591e+01,1.066716399999859277e+01,7.650225999999999658e+03,0.000000000000000000e+00,0.000000000000000000e+00,0.000000000000000000e+00,9.900046344254886943e-01
1.300000000000000044e-01,8.782899999999999352e+01,1.070575900000130787e+01,7.636810000000000400e+03,0.000000000000000000e+00,0.000000000000000000e+00,0.000000000000000000e+00,9.900020860188309957e-01
1.310000000000000053e-01,8.773900000000000432e+01,1.083287899999868387e+01,7.621225999999999658e+03,0.000000000000000000e+00,0.000000000000000000e+00,0.000000000000000000e+00,9.900097686307297584e-01
1.320000000000000062e-01,8.766200000000000614e+01,1.095575599999938277e+01,7.607920000000000073e+03,0.000000000000000000e+00,0.000000000000000000e+00,0.000000000000000000e+00,9.900182205920695644e-01
1.330000000000000071e-01,8.757500000000000284e+01,1.107437499999923602e+01,7.592880000000000109e+03,0.000000000000000000e+00,0.000000000000000000e+00,0.000000000000000000e+00,9.900251886377069432e-01
1.340000000000000080e-01,8.748499999999999943e+01,1.104177499999968859e+01,7.577181999999999789e+03,0.000000000000000000e+00,0.000000000000000000e+00,0.000000000000000000e+00,9.900121546649156556e-01
1.350000000000000089e-01,8.740099999999999625e+01,1.110819900000024063e+01,7.562641999999999825e+03,0.000000000000000000e+00,0.000000000000000000e+00,0.000000000000000000e+00,9.900126388053459570e-01
1.360000000000000098e-01,8.731399999999999295e+01,1.121340400000190130e+01,7.547634000000000015e+03,0.000000000000000000e+00,0.000000000000000000e+00,0.000000000000000000e+00,9.900179373977778807e-01
1.370000000000000107e-01,8.721899999999999409e+01,1.129103900000063732e+01,7.531225999999999658e+03,0.000000000000000000e+00,0.000000000000000000e+00,0.000000000000000000e+00,9.900188741559243777e-01
1.380000000000000115e-01,8.711199999999999477e+01,1.139145600000028935e+01,7.512779999999999745e+03,0.000000000000000000e+00,0.000000000000000000e+00,0.000000000000000000e+00,9.900216724554536940e-01
1.390000000000000124e-01,8.702299999999999613e+01,1.146047099999941565e+01,7.497439999999998690e+03,0.000000000000000000e+00,0.000000000000000000e+00,0.000000000000000000e+00,9.900221175536859652e-01
1.400000000000000133e-01,8.691500000000000625e+01,1.164577499999904830e+01,7.478948000000000320e+03,0.000000000000000000e+00,0.000000000000000000e+00,0.000000000000000000e+00,9.900361317714158060e-01
1.410000000000000142e-01,8.681999999999999318e+01,1.171760000000085711e+01,7.462609999999999673e+03,0.000000000000000000e+00,0.000000000000000000e+00,0.000000000000000000e+00,9.900364466014915932e-01
1.420000000000000151e-01,8.673399999999999466e+01,1.186124400000062451e+01,7.447913999999999760e+03,0.000000000000000000e+00,0.000000000000000000e+00,0.000000000000000000e+00,9.900472047887994842e-01
1.430000000000000160e-01,8.663700000000000045e+01,1.202123099999971600e+01,7.431354000000000269e+03,0.000000000000000000e+00,0.000000000000000000e+00,0.000000000000000000e+00,9.900591434156627013e-01
1.440000000000000169e-01,8.654800000000000182e+01,1.205969599999934871e+01,7.416068000000000211e+03,0.000000000000000000e+00,0.000000000000000000e+00,0.000000000000000000e+00,9.900557046797414662e-01
1.449999999999999900e-01,8.647299999999999898e+01,1.202127099999961501e+01,7.403127999999999702e+03,0.000000000000000000e+00,0.000000000000000000e+00,0.000000000000000000e+00,9.900433386606020125e-01
1.459999999999999909e-01,8.637699999999999534e+01,1.211687100000108330e+01,7.386725999999999658e+03,0.000000000000000000e+00,0.000000000000000000e+00,0.000000000000000000e+00,9.900468748076934888e-01
1.469999999999999918e-01,8.629099999999999682e+01,1.212231900000097085e+01,7.371967999999999847e+03,0.000000000000000000e+00,0.000000000000000000e+00,0.000000000000000000e+00,9.900393070692279363e-01
1.479999999999999927e-01,8.621899999999999409e+01,1.216303900000093563e+01,7.359659999999999854e+03,0.000000000000000000e+00,0.000000000000000000e+00,0.000000000000000000e+00,9.900378274622646524e-01
1.489999999999999936e-01,8.613700000000000045e+01,1.233823099999972328e+01,7.345783999999999651e+03,0.000000000000000000e+00,0.000000000000000000e+00,0.000000000000000000e+00,9.900535149620082187e-01
1.499999999999999944e-01,8.605899999999999750e+01,1.251551900000049500e+01,7.332608000000000175e+03,0.000000000000000000e+00,0.000000000000000000e+00,0.000000000000000000e+00,9.900699464237707748e-01
1.509999999999999953e-01,8.596299999999999386e+01,1.243563100000028498e+01,7.316109999999999673e+03,0.000000000000000000e+00,0.000000000000000000e+00,0.000000000000000000e+00,9.900499354259991724e-01
1.519999999999999962e-01,8.587699999999999534e+01,1.246587100000124337e+01,7.301448000000000320e+03,0.000000000000000000e+00,0.000000000000000000e+00,0.000000000000000000e+00,9.900457584726837235e-01
1.529999999999999971e-01,8.577800000000000580e+01,1.248271599999861792e+01,7.284569999999999709e+03,0.000000000000000000e+00,0.000000000000000000e+00,0.000000000000000000e+00,9.900385123713278945e-01
1.539999999999999980e-01,8.568399999999999750e+01,1.259014400000069145e+01,7.268654000000000451e+03,0.000000000000000000e+00,0.000000000000000000e+00,0.000000000000000000e+00,9.900440797704236351e-01
1.549999999999999989e-01,8.560899999999999466e+01,1.266211900000143942e+01,7.255953999999999724e+03,0.000000000000000000e+00,0.000000000000000000e+00,0.000000000000000000e+00,9.900466820080604524e-01
1.559999999999999998e-01,8.552200000000000557e+01,1.272351599999910832e+01,7.241213999999999942e+03,0.000000000000000000e+00,0.000000000000000000e+00,0.000000000000000000e+00,9.900467104534954599e-01
1.570000000000000007e-01,8.544400000000000261e+01,1.270686399999885907e+01,7.227939999999998690e+03,0.000000000000000000e+00,0.000000000000000000e+00,0.000000000000000000e+00,9.900369329248472905e-01
1.580000000000000016e-01,8.535999999999999943e+01,1.283639999999923020e+01,7.213805999999999585e+03,0.000000000000000000e+00,0.000000000000000000e+00,0.000000000000000000e+00,9.900466210038041392e-01
1.590000000000000024e-01,8.529500000000000171e+01,1.287197500000002037e+01,7.202814000000000306e+03,0.000000000000000000e+00,0.000000000000000000e+00,0.000000000000000000e+00,9.900452693498326129e-01
1.600000000000000033e-01,8.521899999999999409e+01,1.286503900000116118e+01,7.189923999999999978e+03,0.000000000000000000e+00,0.000000000000000000e+00,0.000000000000000000e+00,9.900370157423669104e-01
1.610000000000000042e-01,8.512699999999999534e+01,1.296887100000185455e+01,7.174448000000000320e+03,0.000000000000000000e+00,0.000000000000000000e+00,0.000000000000000000e+00,9.900424933112852433e-01
1.620000000000000051e-01,8.504900000000000659e+01,1.295259899999837216e+01,7.161235999999999876e+03,0.000000000000000000e+00,0.000000000000000000e+00,0.000000000000000000e+00,9.900327543374013439e-01
1.630000000000000060e-01,8.497700000000000387e+01,1.300447099999928469e+01,7.149118000000000393e+03,0.000000000000000000e+00,0.000000000000000000e+00,0.000000000000000000e+00,9.900330111205560835e-01
1.640000000000000069e-01,8.489100000000000534e+01,1.303911899999911839e+01,7.134630000000000109e+03,0.000000000000000000e+00,0.000000000000000000e+00,0.000000000000000000e+00,9.900295480948284599e-01
1.650000000000000078e-01,8.480899999999999750e+01,1.317851900000005116e+01,7.120935999999999694e+03,0.000000000000000000e+00,0.000000000000000000e+00,0.000000000000000000e+00,9.900410401225737678e-01
1.660000000000000087e-01,8.470799999999999841e+01,1.320273599999927683e+01,7.103939999999999600e+03,0.000000000000000000e+00,0.000000000000000000e+00,0.000000000000000000e+00,9.900347279689039048e-01
1.670000000000000095e-01,8.462800000000000011e+01,1.311961599999995087e+01,7.090390000000000327e+03,0.000000000000000000e+00,0.000000000000000000e+00,0.000000000000000000e+00,9.900154428105608639e-01
1.680000000000000104e-01,8.453100000000000591e+01,1.325303899999926216e+01,7.074212000000000444e+03,0.000000000000000000e+00,0.000000000000000000e+00,0.000000000000000000e+00,9.900247622781593870e-01
1.690000000000000113e-01,8.443099999999999739e+01,1.329523900000003778e+01,7.057457999999999629e+03,0.000000000000000000e+00,0.000000000000000000e+00,0.000000000000000000e+00,9.900210667931201858e-01
1.700000000000000122e-01,8.436199999999999477e+01,1.324495600000045670e+01,7.045829999999999927e+03,0.000000000000000000e+00,0.000000000000000000e+00,0.000000000000000000e+00,9.900073664226636261e-01
1.710000000000000131e-01,8.426500000000000057e+01,1.333677500000067084e+01,7.029662000000000262e+03,0.000000000000000000e+00,0.000000000000000000e+00,0.000000000000000000e+00,9.900109395483387420e-01
1.720000000000000140e-01,8.418600000000000705e+01,1.339140399999905640e+01,7.016488000000000284e+03,0.000000000000000000e+00,0.000000000000000000e+00,0.000000000000000000e+00,9.900110380754456596e-01
1.730000000000000149e-01,8.410200000000000387e+01,1.346159599999919010e+01,7.002506000000000313e+03,0.000000000000000000e+00,0.000000000000000000e+00,0.000000000000000000e+00,9.900128740499345437e-01
1.740000000000000158e-01,8.403799999999999670e+01,1.346655600000030972e+01,6.991814000000000306e+03,0.000000000000000000e+00,0.000000000000000000e+00,0.000000000000000000e+00,9.900074210676288455e-01
1.750000000000000167e-01,8.395300000000000296e+01,1.352679100000023027e+01,6.977680000000000291e+03,0.000000000000000000e+00,0.000000000000000000e+00,0.000000000000000000e+00,9.900077826707449624e-01
1.759999999999999898e-01,8.387699999999999534e+01,1.352987100000154896e+01,6.965003999999999905e+03,0.000000000000000000e+00,0.000000000000000000e+00,0.000000000000000000e+00,9.900009071743377520e-01
1.769999999999999907e-01,8.379399999999999693e+01,1.353956400000060967e+01,6.951180000000000291e+03,0.000000000000000000e+00,0.000000000000000000e+00,0.000000000000000000e+00,9.899942901069055390e-01
1.779999999999999916e-01,8.369400000000000261e+01,1.358236399999987043e+01,6.934573999999999614e+03,0.000000000000000000e+00,0.000000000000000000e+00,0.000000000000000000e+00,9.899907519561380598e-01
1.789999999999999925e-01,8.360800000000000409e+01,1.357233599999926810e+01,6.920261999999999716e+03,0.000000000000000000e+00,0.000000000000000000e+00,0.000000000000000000e+00,9.899810183533837016e-01
1.799999999999999933e-01,8.351200000000000045e+01,1.348585599999933038e+01,6.904228000000000065e+03,0.000000000000000000e+00,0.000000000000000000e+00,0.000000000000000000e+00,9.899593357864303611e-01
1.809999999999999942e-01,8.342600000000000193e+01,1.357852400000047055e+01,6.890050000000000182e+03,0.000000000000000000e+00,0.000000000000000000e+00,0.000000000000000000e+00,9.899642952729035272e-01
1.819999999999999951e-01,8.332299999999999329e+01,1.358267100000102801e+01,6.872981999999999971e+03,0.000000000000000000e+00,0.000000000000000000e+00,0.000000000000000000e+00,9.899549015940488639e-01
1.829999999999999960e-01,8.323600000000000421e+01,1.352030399999875954e+01,6.858515999999999622e+03,0.000000000000000000e+00,0.000000000000000000e+00,0.000000000000000000e+00,9.899374473806568098e-01
1.839999999999999969e-01,8.313599999999999568e+01,1.356150400000115042e+01,6.842020000000000437e+03,0.000000000000000000e+00,0.000000000000000000e+00,0.000000000000000000e+00,9.899336548114527901e-01
1.849999999999999978e-01,8.306199999999999761e+01,1.365815600000041741e+01,6.829891999999999825e+03,0.000000000000000000e+00,0.000000000000000000e+00,0.000000000000000000e+00,9.899404452904629892e-01
1.859999999999999987e-01,8.298099999999999454e+01,1.357863900000120339e+01,6.816444000000000415e+03,0.000000000000000000e+00,0.000000000000000000e+00,0.000000000000000000e+00,9.899210122675581314e-01
1.869999999999999996e-01,8.290399999999999636e+01,1.354878399999961403e+01,6.803717999999999847e+03,0.000000000000000000e+00,0.000000000000000000e+00,0.000000000000000000e+00,9.899091405226781992e-01
1.880000000000000004e-01,8.280500000000000682e+01,1.367897499999980937e+01,6.787542000000000371e+03,0.000000000000000000e+00,0.000000000000000000e+00,0.000000000000000000e+00,9.899184232417318485e-01
1.890000000000000013e-01,8.271699999999999875e+01,1.367691099999956350e+01,6.773061999999999898e+03,0.000000000000000000e+00,0.000000000000000000e+00,0.000000000000000000e+00,9.899095207727175438e-01
1.900000000000000022e-01,8.265300000000000580e+01,1.374859099999866885e+01,6.762613999999999578e+03,0.000000000000000000e+00,0.000000000000000000e+00,0.000000000000000000e+00,9.899137490562529562e-01
1.910000000000000031e-01,8.256999999999999318e+01,1.394510000000082073e+01,6.749180000000000291e+03,0.000000000000000000e+00,0.000000000000000000e+00,0.000000000000000000e+00,9.899344582300970696e-01
1.920000000000000040e-01,8.247299999999999898e+01,1.386327100000016799e+01,6.733185999999999694e+03,0.000000000000000000e+00,0.000000000000000000e+00,0.000000000000000000e+00,9.899129977238986244e-01
1.930000000000000049e-01,8.239499999999999602e+01,1.391297500000109721e+01,6.720453999999999724e+03,0.000000000000000000e+00,0.000000000000000000e+00,0.000000000000000000e+00,9.899127013794478680e-01
1.940000000000000058e-01,8.231499999999999773e+01,1.396977499999957217e+01,6.707413999999999760e+03,0.000000000000000000e+00,0.000000000000000000e+00,0.000000000000000000e+00,9.899132742574688892e-01
1.950000000000000067e-01,8.221699999999999875e+01,1.399991099999988364e+01,6.691417999999999665e+03,0.000000000000000000e+00,0.000000000000000000e+00,0.000000000000000000e+00,9.899081698787246530e-01
1.960000000000000075e-01,8.214300000000000068e+01,1.408255100000042148e+01,6.679412000000000262e+03,0.000000000000000000e+00,0.000000000000000000e+00,0.000000000000000000e+00,9.899131934936487021e-01
1.970000000000000084e-01,8.204900000000000659e+01,1.415059899999960180e+01,6.664140000000000327e+03,0.000000000000000000e+00,0.000000000000000000e+00,0.000000000000000000e+00,9.899141393801446087e-01
1.980000000000000093e-01,8.195199999999999818e+01,1.424769600000126957e+01,6.648426000000000386e+03,0.000000000000000000e+00,0.000000000000000000e+00,0.000000000000000000e+00,9.899191497282779917e-01
1.990000000000000102e-01,8.186499999999999488e+01,1.424077500000021246e+01,6.634253999999999905e+03,0.000000000000000000e+00,0.000000000000000000e+00,0.000000000000000000e+00,9.899096607354426203e-01
2.000000000000000111e-01,8.177599999999999625e+01,1.424782400000094640e+01,6.619786000000000058e+03,0.000000000000000000e+00,0.000000000000000000e+00,0.000000000000000000e+00,9.899020482330036508e-01
2.010000000000000120e-01,8.169700000000000273e+01,1.434919099999933678e+01,6.607051999999999680e+03,0.000000000000000000e+00,0.000000000000000000e+00,0.000000000000000000e+00,9.899095333022773779e-01
2.020000000000000129e-01,8.161499999999999488e+01,1.437477500000022701e+01,6.593768000000000029e+03,0.000000000000000000e+00,0.000000000000000000e+00,0.000000000000000000e+00,9.899053982927638051e-01
2.030000000000000138e-01,8.153400000000000603e+01,1.435484399999859306e+01,6.580613999999999578e+03,0.000000000000000000e+00,0.000000000000000000e+00,0.000000000000000000e+00,9.898945177108333660e-01
2.040000000000000147e-01,8.146399999999999864e+01,1.438270399999964866e+01,6.569301999999999680e+03,0.000000000000000000e+00,0.000000000000000000e+00,0.000000000000000000e+00,9.898918894512267475e-01
2.050000000000000155e-01,8.138800000000000523e+01,1.443345599999884143e+01,6.557051999999999680e+03,0.000000000000000000e+00,0.000000000000000000e+00,0.000000000000000000e+00,9.898921380051098895e-01
2.060000000000000164e-01,8.130800000000000693e+01,1.447313599999870348e+01,6.544155999999999949e+03,0.000000000000000000e+00,0.000000000000000000e+00,0.000000000000000000e+00,9.898903408921726488e-01
2.070000000000000173e-01,8.120300000000000296e+01,1.468579099999988102e+01,6.527409999999999854e+03,0.000000000000000000e+00,0.000000000000000000e+00,0.000000000000000000e+00,9.899123531559141931e-01
2.080000000000000182e-01,8.113200000000000500e+01,1.473857599999882950e+01,6.516007999999999811e+03,0.000000000000000000e+00,0.000000000000000000e+00,0.000000000000000000e+00,9.899134951329578991e-01
2.089999999999999913e-01,8.105800000000000693e+01,1.476063599999906728e+01,6.504101999999999862e+03,0.000000000000000000e+00,0.000000000000000000e+00,0.000000000000000000e+00,9.899096903662732982e-01
2.099999999999999922e-01,8.097899999999999920e+01,1.474655900000016118e+01,6.491365999999999985e+03,0.000000000000000000e+00,0.000000000000000000e+00,0.000000000000000000e+00,9.898998937498374451e-01
2.109999999999999931e-01,8.090800000000000125e+01,1.475353600000016741e+01,6.479949999999999818e+03,0.000000000000000000e+00,0.000000000000000000e+00,0.000000000000000000e+00,9.898940714490864767e-01
2.119999999999999940e-01,8.080899999999999750e+01,1.480651900000066234e+01,6.464091999999999643e+03,0.000000000000000000e+00,0.000000000000000000e+00,0.000000000000000000e+00,9.898925687534780860e-01
2.129999999999999949e-01,8.072499999999999432e+01,1.480137500000091677e+01,6.450601999999999862e+03,0.000000000000000000e+00,0.000000000000000000e+00,0.000000000000000000e+00,9.898836237600155963e-01
2.139999999999999958e-01,8.064799999999999613e+01,1.480609600000025239e+01,6.438257999999999811e+03,0.000000000000000000e+00,0.000000000000000000e+00,0.000000000000000000e+00,9.898768615224518008e-01
2.149999999999999967e-01,8.056499999999999773e+01,1.495777499999985594e+01,6.425112000000000080e+03,0.000000000000000000e+00,0.000000000000000000e+00,0.000000000000000000e+00,9.898921486624620014e-01
2.159999999999999976e-01,8.048699999999999477e+01,1.508383100000082777e+01,6.412753999999999905e+03,0.000000000000000000e+00,0.000000000000000000e+00,0.000000000000000000e+00,9.899040472014211112e-01
2.169999999999999984e-01,8.041400000000000148e+01,1.510260399999970105e+01,6.401100000000000364e+03,0.000000000000000000e+00,0.000000000000000000e+00,0.000000000000000000e+00,9.898999008877782391e-01
2.179999999999999993e-01,8.034799999999999898e+01,1.520089600000028440e+01,6.390654000000000451e+03,0.000000000000000000e+00,0.000000000000000000e+00,0.000000000000000000e+00,9.899087498281763375e-01
2.190000000000000002e-01,8.026099999999999568e+01,1.524687900000117224e+01,6.376814000000000306e+03,0.000000000000000000e+00,0.000000000000000000e+00,0.000000000000000000e+00,9.899075045501358749e-01
2.200000000000000011e-01,8.019199999999999307e+01,1.520713600000090082e+01,6.365771999999999935e+03,0.000000000000000000e+00,0.000000000000000000e+00,0.000000000000000000e+00,9.898946787486569976e-01
2.210000000000000020e-01,8.010099999999999909e+01,1.532879899999988993e+01,6.351398000000000138e+03,0.000000000000000000e+00,0.000000000000000000e+00,0.000000000000000000e+00,9.899048499383784616e-01
2.220000000000000029e-01,8.001999999999999602e+01,1.511160000000108994e+01,6.338292000000000371e+03,0.000000000000000000e+00,0.000000000000000000e+00,0.000000000000000000e+00,9.898631315677705045e-01
2.230000000000000038e-01,7.994100000000000250e+01,1.520151899999927991e+01,6.325823999999999614e+03,0.000000000000000000e+00,0.000000000000000000e+00,0.000000000000000000e+00,9.898695191445199271e-01
2.240000000000000047e-01,7.985399999999999920e+01,1.530068400000072870e+01,6.312108000000000175e+03,0.000000000000000000e+00,0.000000000000000000e+00,0.000000000000000000e+00,9.898766277835666649e-01
2.250000000000000056e-01,7.978000000000000114e+01,1.527959999999984575e+01,6.300347999999999956e+03,0.000000000000000000e+00,0.000000000000000000e+00,0.000000000000000000e+00,9.898661529786003666e-01
2.260000000000000064e-01,7.968099999999999739e+01,1.544923899999957939e+01,6.284829999999999927e+03,0.000000000000000000e+00,0.000000000000000000e+00,0.000000000000000000e+00,9.898832672577619896e-01
2.270000000000000073e-01,7.959399999999999409e+01,1.546516400000109570e+01,6.271076000000000022e+03,0.000000000000000000e+00,0.000000000000000000e+00,0.000000000000000000e+00,9.898773855526209475e-01
2.280000000000000082e-01,7.950499999999999545e+01,1.557997500000055879e+01,6.257119999999999891e+03,0.000000000000000000e+00,0.000000000000000000e+00,0.000000000000000000e+00,9.898869530675429296e-01
2.290000000000000091e-01,7.942600000000000193e+01,1.568052399999942281e+01,6.244743999999999687e+03,0.000000000000000000e+00,0.000000000000000000e+00,0.000000000000000000e+00,9.898952869395258869e-01
2.300000000000000100e-01,7.936400000000000432e+01,1.583350399999835645e+01,6.235113999999999578e+03,0.000000000000000000e+00,0.000000000000000000e+00,0.000000000000000000e+00,9.899136241074810716e-01
2.310000000000000109e-01,7.928300000000000125e+01,1.586691100000007282e+01,6.222377999999999702e+03,0.000000000000000000e+00,0.000000000000000000e+00,0.000000000000000000e+00,9.899112048371140338e-01
2.320000000000000118e-01,7.920900000000000318e+01,1.602331899999899179e+01,6.210880000000000109e+03,0.000000000000000000e+00,0.000000000000000000e+00,0.000000000000000000e+00,9.899290692490917420e-01
2.330000000000000127e-01,7.913100000000000023e+01,1.598983899999984715e+01,6.198573999999999614e+03,0.000000000000000000e+00,0.000000000000000000e+00,0.000000000000000000e+00,9.899163153582480890e-01
2.340000000000000135e-01,7.906000000000000227e+01,1.611439999999947759e+01,6.187537999999999556e+03,0.000000000000000000e+00,0.000000000000000000e+00,0.000000000000000000e+00,9.899294832163064717e-01
2.350000000000000144e-01,7.898999999999999488e+01,1.624990000000070722e+01,6.176680000000000291e+03,0.000000000000000000e+00,0.000000000000000000e+00,0.000000000000000000e+00,9.899445623159756069e-01
2.360000000000000153e-01,7.889700000000000557e+01,1.637439099999937753e+01,6.162213999999999942e+03,0.000000000000000000e+00,0.000000000000000000e+00,0.000000000000000000e+00,9.899557824005592588e-01
2.370000000000000162e-01,7.882200000000000273e+01,1.636631599999964237e+01,6.150452000000000226e+03,0.000000000000000000e+00,0.000000000000000000e+00,0.000000000000000000e+00,9.899474308686668778e-01
2.380000000000000171e-01,7.873600000000000421e+01,1.633230399999865767e+01,6.136953999999999724e+03,0.000000000000000000e+00,0.000000000000000000e+00,0.000000000000000000e+00,9.899338449142456309e-01
2.390000000000000180e-01,7.864700000000000557e+01,1.642839099999855534e+01,6.123131999999999607e+03,0.000000000000000000e+00,0.000000000000000000e+00,0.000000000000000000e+00,9.899409729644961242e-01
2.399999999999999911e-01,7.856000000000000227e+01,1.641640000000006694e+01,6.109529999999999745e+03,0.000000000000000000e+00,0.000000000000000000e+00,0.000000000000000000e+00,9.899308349683301200e-01
2.409999999999999920e-01,7.847799999999999443e+01,1.648151600000073813e+01,6.096800000000000182e+03,0.000000000000000000e+00,0.000000000000000000e+00,0.000000000000000000e+00,9.899336689950608559e-01
2.419999999999999929e-01,7.840300000000000580e+01,1.652059099999951286e+01,6.085148000000000138e+03,0.000000000000000000e+00,0.000000000000000000e+00,0.000000000000000000e+00,9.899329586999606745e-01
2.429999999999999938e-01,7.832200000000000273e+01,1.651431599999978062e+01,6.072528000000000247e+03,0.000000000000000000e+00,0.000000000000000000e+00,0.000000000000000000e+00,9.899243068550663827e-01
2.439999999999999947e-01,7.824500000000000455e+01,1.652097499999854335e+01,6.060555999999999585e+03,0.000000000000000000e+00,0.000000000000000000e+00,0.000000000000000000e+00,9.899181310315838811e-01
2.449999999999999956e-01,7.816299999999999670e+01,1.659243100000003324e+01,6.047884000000000015e+03,0.000000000000000000e+00,0.000000000000000000e+00,0.000000000000000000e+00,9.899220841558565853e-01
2.459999999999999964e-01,7.807399999999999807e+01,1.654052399999909539e+01,6.034015999999999622e+03,0.000000000000000000e+00,0.000000000000000000e+00,0.000000000000000000e+00,9.899051797967883815e-01
2.469999999999999973e-01,7.799800000000000466e+01,1.641999599999871862e+01,6.022109999999999673e+03,0.000000000000000000e+00,0.000000000000000000e+00,0.000000000000000000e+00,9.898781785062755745e-01
2.479999999999999982e-01,7.792100000000000648e+01,1.647875899999871763e+01,6.010239999999999782e+03,0.000000000000000000e+00,0.000000000000000000e+00,0.000000000000000000e+00,9.898805242828579987e-01
2.489999999999999991e-01,7.784600000000000364e+01,1.649828399999933026e+01,5.998652000000000044e+03,0.000000000000000000e+00,0.000000000000000000e+00,0.000000000000000000e+00,9.898766140470227626e-01
2.500000000000000000e-01,7.776200000000000045e+01,1.647935599999982514e+01,5.985645999999999731e+03,0.000000000000000000e+00,0.000000000000000000e+00,0.000000000000000000e+00,9.898654924494921792e-01
2.510000000000000009e-01,7.768300000000000693e+01,1.655451099999936559e+01,5.973520000000000437e+03,0.000000000000000000e+00,0.000000000000000000e+00,0.000000000000000000e+00,9.898704143064129823e-01
2.520000000000000018e-01,7.761400000000000432e+01,1.656700399999954243e+01,5.962886000000000422e+03,0.000000000000000000e+00,0.000000000000000000e+00,0.000000000000000000e+00,9.898659238008562511e-01
2.530000000000000027e-01,7.753900000000000148e+01,1.660047899999972287e+01,5.951358000000000175e+03,0.000000000000000000e+00,0.000000000000000000e+00,0.000000000000000000e+00,9.898643520346757096e-01
2.540000000000000036e-01,7.746599999999999397e+01,1.668484400000124879e+01,5.940199999999999818e+03,0.000000000000000000e+00,0.000000000000000000e+00,0.000000000000000000e+00,9.898714636123747690e-01
2.550000000000000044e-01,7.738800000000000523e+01,1.665745599999900151e+01,5.928171999999999571e+03,0.000000000000000000e+00,0.000000000000000000e+00,0.000000000000000000e+00,9.898594870172259252e-01
2.560000000000000053e-01,7.731799999999999784e+01,1.671287600000050588e+01,5.917467999999999847e+03,0.000000000000000000e+00,0.000000000000000000e+00,0.000000000000000000e+00,9.898620972438945120e-01
2.570000000000000062e-01,7.724800000000000466e+01,1.668449599999803468e+01,5.906689999999999600e+03,0.000000000000000000e+00,0.000000000000000000e+00,0.000000000000000000e+00,9.898506902782989725e-01
2.580000000000000071e-01,7.716200000000000614e+01,1.679775599999902624e+01,5.893609999999999673e+03,0.000000000000000000e+00,0.000000000000000000e+00,0.000000000000000000e+00,9.898615208050601799e-01
2.590000000000000080e-01,7.708199999999999363e+01,1.677927600000202801e+01,5.881332000000000335e+03,0.000000000000000000e+00,0.000000000000000000e+00,0.000000000000000000e+00,9.898508193786437204e-01
2.600000000000000089e-01,7.699699999999999989e+01,1.688099099999999453e+01,5.868421999999999571e+03,0.000000000000000000e+00,0.000000000000000000e+00,0.000000000000000000e+00,9.898598931290076841e-01
2.610000000000000098e-01,7.691899999999999693e+01,1.690843900000072608e+01,5.856521999999999935e+03,0.000000000000000000e+00,0.000000000000000000e+00,0.000000000000000000e+00,9.898571400763395145e-01
2.620000000000000107e-01,7.682599999999999341e+01,1.688972400000056950e+01,5.842297999999999774e+03,0.000000000000000000e+00,0.000000000000000000e+00,0.000000000000000000e+00,9.898451546995150618e-01
2.630000000000000115e-01,7.674599999999999511e+01,1.690148400000089168e+01,5.830104000000000269e+03,0.000000000000000000e+00,0.000000000000000000e+00,0.000000000000000000e+00,9.898395519353977434e-01
2.640000000000000124e-01,7.666100000000000136e+01,1.683807900000010704e+01,5.817086000000000240e+03,0.000000000000000000e+00,0.000000000000000000e+00,0.000000000000000000e+00,9.898206826404550851e-01
2.650000000000000133e-01,7.659900000000000375e+01,1.682619899999917834e+01,5.807634000000000015e+03,0.000000000000000000e+00,0.000000000000000000e+00,0.000000000000000000e+00,9.898127395922482474e-01
2.660000000000000142e-01,7.651500000000000057e+01,1.689977500000077271e+01,5.794930000000000291e+03,0.000000000000000000e+00,0.000000000000000000e+00,0.000000000000000000e+00,9.898172748336743210e-01
2.670000000000000151e-01,7.644400000000000261e+01,1.693086399999992864e+01,5.784171999999999571e+03,0.000000000000000000e+00,0.000000000000000000e+00,0.000000000000000000e+00,9.898158209049680023e-01
2.680000000000000160e-01,7.636899999999999977e+01,1.691683899999952700e+01,5.772771999999999935e+03,0.000000000000000000e+00,0.000000000000000000e+00,0.000000000000000000e+00,9.898062626951900089e-01
2.690000000000000169e-01,7.629600000000000648e+01,1.691438399999969988e+01,5.761698000000000320e+03,0.000000000000000000e+00,0.000000000000000000e+00,0.000000000000000000e+00,9.897988655168394878e-01
2.700000000000000178e-01,7.623099999999999454e+01,1.696363900000051217e+01,5.751898000000000138e+03,0.000000000000000000e+00,0.000000000000000000e+00,0.000000000000000000e+00,9.898011229558608681e-01
2.710000000000000187e-01,7.614700000000000557e+01,1.698339099999975588e+01,5.739202000000000226e+03,0.000000000000000000e+00,0.000000000000000000e+00,0.000000000000000000e+00,9.897965024992269045e-01
2.720000000000000195e-01,7.607399999999999807e+01,1.709452400000009220e+01,5.728274000000000342e+03,0.000000000000000000e+00,0.000000000000000000e+00,0.000000000000000000e+00,9.898087277074366641e-01
2.730000000000000204e-01,7.600300000000000011e+01,1.713899099999889586e+01,5.717591999999999643e+03,0.000000000000000000e+00,0.000000000000000000e+00,0.000000000000000000e+00,9.898096672235904281e-01
2.740000000000000213e-01,7.592700000000000671e+01,1.718167099999845959e+01,5.706163999999999760e+03,0.000000000000000000e+00,0.000000000000000000e+00,0.000000000000000000e+00,9.898098433735138535e-01
2.750000000000000222e-01,7.584900000000000375e+01,1.717619899999954214e+01,5.694398000000000138e+03,0.000000000000000000e+00,0.000000000000000000e+00,0.000000000000000000e+00,9.898014811516309130e-01
2.760000000000000231e-01,7.576999999999999602e+01,1.735310000000117725e+01,5.682676000000000386e+03,0.000000000000000000e+00,0.000000000000000000e+00,0.000000000000000000e+00,9.898247770907872001e-01
2.770000000000000240e-01,7.569100000000000250e+01,1.746751899999981106e+01,5.670904000000000451e+03,0.000000000000000000e+00,0.000000000000000000e+00,0.000000000000000000e+00,9.898372865339283289e-01
2.780000000000000249e-01,7.560599999999999454e+01,1.745876400000088324e+01,5.658119999999999891e+03,0.000000000000000000e+00,0.000000000000000000e+00,0.000000000000000000e+00,9.898277610896498713e-01
2.790000000000000258e-01,7.553499999999999659e+01,1.761477500000000873e+01,5.647615999999999985e+03,0.000000000000000000e+00,0.000000000000000000e+00,0.000000000000000000e+00,9.898484169207075745e-01
2.800000000000000266e-01,7.545399999999999352e+01,1.773388400000112597e+01,5.635586000000000240e+03,0.000000000000000000e+00,0.000000000000000000e+00,0.000000000000000000e+00,9.898617578566895059e-01
2.810000000000000275e-01,7.537300000000000466e+01,1.792587099999855127e+01,5.623641999999999825e+03,0.000000000000000000e+00,0.000000000000000000e+00,0.000000000000000000e+00,9.898880077929506083e-01
2.820000000000000284e-01,7.529500000000000171e+01,1.790797500000007858e+01,5.611949999999999818e+03,0.000000000000000000e+00,0.000000000000000000e+00,0.000000000000000000e+00,9.898776479953579344e-01
2.830000000000000293e-01,7.521599999999999397e+01,1.808734400000139431e+01,5.600318000000000211e+03,0.000000000000000000e+00,0.000000000000000000e+00,0.000000000000000000e+00,9.899020424806991292e-01
2.840000000000000302e-01,7.513299999999999557e+01,1.816531100000065635e+01,5.588000000000000000e+03,0.000000000000000000e+00,0.000000000000000000e+00,0.000000000000000000e+00,9.899082347077010624e-01
2.850000000000000311e-01,7.505200000000000671e+01,1.811929599999893981e+01,5.575869999999999891e+03,0.000000000000000000e+00,0.000000000000000000e+00,0.000000000000000000e+00,9.898926507829625132e-01
2.860000000000000320e-01,7.497599999999999909e+01,1.801742399999966437e+01,5.564442000000000007e+03,0.000000000000000000e+00,0.000000000000000000e+00,0.000000000000000000e+00,9.898675472011052578e-01
2.870000000000000329e-01,7.490800000000000125e+01,1.792353600000024016e+01,5.554224000000000160e+03,0.000000000000000000e+00,0.000000000000000000e+00,0.000000000000000000e+00,9.898445291481153818e-01
2.880000000000000338e-01,7.481699999999999307e+01,1.805951100000129372e+01,5.540826000000000022e+03,0.000000000000000000e+00,0.000000000000000000e+00,0.000000000000000000e+00,9.898603586509188146e-01
2.889999999999999791e-01,7.473399999999999466e+01,1.807724400000097376e+01,5.528514000000000124e+03,0.000000000000000000e+00,0.000000000000000000e+00,0.000000000000000000e+00,9.898558596549381638e-01
2.899999999999999800e-01,7.466899999999999693e+01,1.805343900000025315e+01,5.518844000000000051e+03,0.000000000000000000e+00,0.000000000000000000e+00,0.000000000000000000e+00,9.898455794754531523e-01
2.909999999999999809e-01,7.459900000000000375e+01,1.806419899999946210e+01,5.508475999999999658e+03,0.000000000000000000e+00,0.000000000000000000e+00,0.000000000000000000e+00,9.898410258269684237e-01
2.919999999999999818e-01,7.451699999999999591e+01,1.811771100000078150e+01,5.496384000000000015e+03,0.000000000000000000e+00,0.000000000000000000e+00,0.000000000000000000e+00,9.898430595856810843e-01
2.929999999999999827e-01,7.444700000000000273e+01,1.819319099999938771e+01,5.486101999999999862e+03,0.000000000000000000e+00,0.000000000000000000e+00,0.000000000000000000e+00,9.898501989156573977e-01
2.939999999999999836e-01,7.437099999999999511e+01,1.827935900000011316e+01,5.474953999999999724e+03,0.000000000000000000e+00,0.000000000000000000e+00,0.000000000000000000e+00,9.898587636695294067e-01
2.949999999999999845e-01,7.429200000000000159e+01,1.836073599999963335e+01,5.463369999999999891e+03,0.000000000000000000e+00,0.000000000000000000e+00,0.000000000000000000e+00,9.898662418801422724e-01
2.959999999999999853e-01,7.423099999999999454e+01,1.829763900000034482e+01,5.454307999999999993e+03,0.000000000000000000e+00,0.000000000000000000e+00,0.000000000000000000e+00,9.898491994568729968e-01
2.969999999999999862e-01,7.415800000000000125e+01,1.830303600000024744e+01,5.443554000000000087e+03,0.000000000000000000e+00,0.000000000000000000e+00,0.000000000000000000e+00,9.898434605671926345e-01
2.979999999999999871e-01,7.409799999999999898e+01,1.828839599999992060e+01,5.434703999999999724e+03,0.000000000000000000e+00,0.000000000000000000e+00,0.000000000000000000e+00,9.898352671488982457e-01
2.989999999999999880e-01,7.404099999999999682e+01,1.847931900000003225e+01,5.426507999999999811e+03,0.000000000000000000e+00,0.000000000000000000e+00,0.000000000000000000e+00,9.898648349559349136e-01
2.999999999999999889e-01,7.397100000000000364e+01,1.851215899999897374e+01,5.416250000000000000e+03,0.000000000000000000e+00,0.000000000000000000e+00,0.000000000000000000e+00,9.898644385855397410e-01
3.009999999999999898e-01,7.389799999999999613e+01,1.858959600000071077e+01,5.405605999999999767e+03,0.000000000000000000e+00,0.000000000000000000e+00,0.000000000000000000e+00,9.898719518548968477e-01
3.019999999999999907e-01,7.382200000000000273e+01,1.866831599999932223e+01,5.394533999999999651e+03,0.000000000000000000e+00,0.000000000000000000e+00,0.000000000000000000e+00,9.898794780181754405e-01
3.029999999999999916e-01,7.374099999999999966e+01,1.860191899999972520e+01,5.382595999999999549e+03,0.000000000000000000e+00,0.000000000000000000e+00,0.000000000000000000e+00,9.898599177454117104e-01
3.039999999999999925e-01,7.367100000000000648e+01,1.876675899999918329e+01,5.372511999999999716e+03,0.000000000000000000e+00,0.000000000000000000e+00,0.000000000000000000e+00,9.898839081872435886e-01
3.049999999999999933e-01,7.358199999999999363e+01,1.874327600000106031e+01,5.359471999999999753e+03,0.000000000000000000e+00,0.000000000000000000e+00,0.000000000000000000e+00,9.898715225639127535e-01
3.059999999999999942e-01,7.351399999999999579e+01,1.864780400000108784e+01,5.349442000000000007e+03,0.000000000000000000e+00,0.000000000000000000e+00,0.000000000000000000e+00,9.898476929867530139e-01
3.069999999999999951e-01,7.343099999999999739e+01,1.867123900000024150e+01,5.337351999999999862e+03,0.000000000000000000e+00,0.000000000000000000e+00,0.000000000000000000e+00,9.898444684703932017e-01
3.079999999999999960e-01,7.336700000000000443e+01,1.861631099999976868e+01,5.327966000000000349e+03,0.000000000000000000e+00,0.000000000000000000e+00,0.000000000000000000e+00,9.898284282522452626e-01
3.089999999999999969e-01,7.328900000000000148e+01,1.851747900000009395e+01,5.316506000000000313e+03,0.000000000000000000e+00,0.000000000000000000e+00,0.000000000000000000e+00,9.898028875279930583e-01
3.099999999999999978e-01,7.322299999999999898e+01,1.852127099999961501e+01,5.306905999999999949e+03,0.000000000000000000e+00,0.000000000000000000e+00,0.000000000000000000e+00,9.897975137748089569e-01
3.109999999999999987e-01,7.314499999999999602e+01,1.856597500000134460e+01,5.295612000000000080e+03,0.000000000000000000e+00,0.000000000000000000e+00,0.000000000000000000e+00,9.897986773285353257e-01
3.119999999999999996e-01,7.306499999999999773e+01,1.866677499999968859e+01,5.284095999999999549e+03,0.000000000000000000e+00,0.000000000000000000e+00,0.000000000000000000e+00,9.898101931542315768e-01
3.130000000000000004e-01,7.298199999999999932e+01,1.863967599999978120e+01,5.272029999999999745e+03,0.000000000000000000e+00,0.000000000000000000e+00,0.000000000000000000e+00,9.897974980541370815e-01
3.140000000000000013e-01,7.290200000000000102e+01,1.864439600000059727e+01,5.260444000000000415e+03,0.000000000000000000e+00,0.000000000000000000e+00,0.000000000000000000e+00,9.897910347479972337e-01
3.150000000000000022e-01,7.282399999999999807e+01,1.869702399999914633e+01,5.249207999999999629e+03,0.000000000000000000e+00,0.000000000000000000e+00,0.000000000000000000e+00,9.897937851851806856e-01
3.160000000000000031e-01,7.275400000000000489e+01,1.869748399999934918e+01,5.239087999999999738e+03,0.000000000000000000e+00,0.000000000000000000e+00,0.000000000000000000e+00,9.897874475490703317e-01
3.170000000000000040e-01,7.269100000000000250e+01,1.866551899999922171e+01,5.229956000000000131e+03,0.000000000000000000e+00,0.000000000000000000e+00,0.000000000000000000e+00,9.897756112139559637e-01
3.180000000000000049e-01,7.261799999999999500e+01,1.878407600000082311e+01,5.219539999999999964e+03,0.000000000000000000e+00,0.000000000000000000e+00,0.000000000000000000e+00,9.897913698562144091e-01
3.190000000000000058e-01,7.254200000000000159e+01,1.877223600000070292e+01,5.208572000000000116e+03,0.000000000000000000e+00,0.000000000000000000e+00,0.000000000000000000e+00,9.897821604123392403e-01
3.200000000000000067e-01,7.247299999999999898e+01,1.872727100000065548e+01,5.198590000000000146e+03,0.000000000000000000e+00,0.000000000000000000e+00,0.000000000000000000e+00,9.897672708347163839e-01
3.210000000000000075e-01,7.239799999999999613e+01,1.879759600000033970e+01,5.187869999999999891e+03,0.000000000000000000e+00,0.000000000000000000e+00,0.000000000000000000e+00,9.897737848602379263e-01
3.220000000000000084e-01,7.231499999999999773e+01,1.902777499999956490e+01,5.176171999999999571e+03,0.000000000000000000e+00,0.000000000000000000e+00,0.000000000000000000e+00,9.898101844364223245e-01
3.230000000000000093e-01,7.224099999999999966e+01,1.908491899999989982e+01,5.165605999999999767e+03,0.000000000000000000e+00,0.000000000000000000e+00,0.000000000000000000e+00,9.898144272195266158e-01
3.240000000000000102e-01,7.216400000000000148e+01,1.902910399999927904e+01,5.154507999999999811e+03,0.000000000000000000e+00,0.000000000000000000e+00,0.000000000000000000e+00,9.897967473843466424e-01
3.250000000000000111e-01,7.210200000000000387e+01,1.909959599999911006e+01,5.145695999999999913e+03,0.000000000000000000e+00,0.000000000000000000e+00,0.000000000000000000e+00,9.898046780403303435e-01
3.260000000000000120e-01,7.202700000000000102e+01,1.909427099999993516e+01,5.134956000000000131e+03,0.000000000000000000e+00,0.000000000000000000e+00,0.000000000000000000e+00,9.897968650129079782e-01
3.270000000000000129e-01,7.194799999999999329e+01,1.902329600000120990e+01,5.123590000000000146e+03,0.000000000000000000e+00,0.000000000000000000e+00,0.000000000000000000e+00,9.897759965872204857e-01
3.280000000000000138e-01,7.188500000000000512e+01,1.894977499999913562e+01,5.114518000000000029e+03,0.000000000000000000e+00,0.000000000000000000e+00,0.000000000000000000e+00,9.897560320925786748e-01
3.290000000000000147e-01,7.182800000000000296e+01,1.888641599999937171e+01,5.106319999999999709e+03,0.000000000000000000e+00,0.000000000000000000e+00,0.000000000000000000e+00,9.897385346453095867e-01
3.300000000000000155e-01,7.175199999999999534e+01,1.892849600000135979e+01,5.095525999999999840e+03,0.000000000000000000e+00,0.000000000000000000e+00,0.000000000000000000e+00,9.897397206699044547e-01
3.310000000000000164e-01,7.167199999999999704e+01,1.892041599999993196e+01,5.084123999999999796e+03,0.000000000000000000e+00,0.000000000000000000e+00,0.000000000000000000e+00,9.897308036495361394e-01
3.320000000000000173e-01,7.159799999999999898e+01,1.907239599999957136e+01,5.073747999999999593e+03,0.000000000000000000e+00,0.000000000000000000e+00,0.000000000000000000e+00,9.897536479599888803e-01
3.330000000000000182e-01,7.152599999999999625e+01,1.891932400000041525e+01,5.063362000000000080e+03,0.000000000000000000e+00,0.000000000000000000e+00,0.000000000000000000e+00,9.897171622166516247e-01
3.340000000000000191e-01,7.143399999999999750e+01,1.884364400000049500e+01,5.050225999999999658e+03,0.000000000000000000e+00,0.000000000000000000e+00,0.000000000000000000e+00,9.896938568172921613e-01
3.350000000000000200e-01,7.137900000000000489e+01,1.879135899999891990e+01,5.042373999999999796e+03,0.000000000000000000e+00,0.000000000000000000e+00,0.000000000000000000e+00,9.896785010947247718e-01
3.360000000000000209e-01,7.130599999999999739e+01,1.879436399999940477e+01,5.032033999999999651e+03,0.000000000000000000e+00,0.000000000000000000e+00,0.000000000000000000e+00,9.896723051066346200e-01
3.370000000000000218e-01,7.122899999999999920e+01,1.869655899999997928e+01,5.021037999999999556e+03,0.000000000000000000e+00,0.000000000000000000e+00,0.000000000000000000e+00,9.896458634780191943e-01
3.380000000000000226e-01,7.114700000000000557e+01,1.886539099999845348e+01,5.009613999999999578e+03,0.000000000000000000e+00,0.000000000000000000e+00,0.000000000000000000e+00,9.896715355198070219e-01
3.390000000000000235e-01,7.107800000000000296e+01,1.895791600000029575e+01,4.999962000000000444e+03,0.000000000000000000e+00,0.000000000000000000e+00,0.000000000000000000e+00,9.896834447395331802e-01
3.400000000000000244e-01,7.100900000000000034e+01,1.888891899999998714e+01,4.990158000000000357e+03,0.000000000000000000e+00,0.000000000000000000e+00,0.000000000000000000e+00,9.896633862387725911e-01
3.410000000000000253e-01,7.094299999999999784e+01,1.900175100000069506e+01,4.980967999999999847e+03,0.000000000000000000e+00,0.000000000000000000e+00,0.000000000000000000e+00,9.896796770157697543e-01
3.420000000000000262e-01,7.087000000000000455e+01,1.892309999999906722e+01,4.970609999999999673e+03,0.000000000000000000e+00,0.000000000000000000e+00,0.000000000000000000e+00,9.896572799404221854e-01
3.430000000000000271e-01,7.077299999999999613e+01,1.904947100000117644e+01,4.957094000000000051e+03,0.000000000000000000e+00,0.000000000000000000e+00,0.000000000000000000e+00,9.896735050337668316e-01
3.440000000000000280e-01,7.072499999999999432e+01,1.908737500000097498e+01,4.950387999999999920e+03,0.000000000000000000e+00,0.000000000000000000e+00,0.000000000000000000e+00,9.896766572442340371e-01
3.450000000000000289e-01,7.065900000000000603e+01,1.906471899999905872e+01,4.941100000000000364e+03,0.000000000000000000e+00,0.000000000000000000e+00,0.000000000000000000e+00,9.896660444048525074e-01
3.460000000000000298e-01,7.059300000000000352e+01,1.903535099999953673e+01,4.931814000000000306e+03,0.000000000000000000e+00,0.000000000000000000e+00,0.000000000000000000e+00,9.896540630257134596e-01
3.470000000000000306e-01,7.051600000000000534e+01,1.905574399999932211e+01,4.921046000000000276e+03,0.000000000000000000e+00,0.000000000000000000e+00,0.000000000000000000e+00,9.896510424822680951e-01
3.480000000000000315e-01,7.045399999999999352e+01,1.907988400000067486e+01,4.912391999999999825e+03,0.000000000000000000e+00,0.000000000000000000e+00,0.000000000000000000e+00,9.896501739204831560e-01
3.490000000000000324e-01,7.037300000000000466e+01,1.905187099999875500e+01,4.901037999999999556e+03,0.000000000000000000e+00,0.000000000000000000e+00,0.000000000000000000e+00,9.896370340552496092e-01
3.500000000000000333e-01,7.030100000000000193e+01,1.905239900000015041e+01,4.890981999999999971e+03,0.000000000000000000e+00,0.000000000000000000e+00,0.000000000000000000e+00,9.896304715142933972e-01
3.510000000000000342e-01,7.022100000000000364e+01,1.926215899999988324e+01,4.880029999999999745e+03,0.000000000000000000e+00,0.000000000000000000e+00,0.000000000000000000e+00,9.896655939319330963e-01
3.519999999999999796e-01,7.014700000000000557e+01,1.927739099999871542e+01,4.869731999999999971e+03,0.000000000000000000e+00,0.000000000000000000e+00,0.000000000000000000e+00,9.896619127004798733e-01
3.529999999999999805e-01,7.007399999999999807e+01,1.933652399999937188e+01,4.859627999999999702e+03,0.000000000000000000e+00,0.000000000000000000e+00,0.000000000000000000e+00,9.896672709499962917e-01
3.539999999999999813e-01,7.000100000000000477e+01,1.942299899999943591e+01,4.849561999999999898e+03,0.000000000000000000e+00,0.000000000000000000e+00,0.000000000000000000e+00,9.896782538887298752e-01
3.549999999999999822e-01,6.993399999999999750e+01,1.949964400000044407e+01,4.840329999999999927e+03,0.000000000000000000e+00,0.000000000000000000e+00,0.000000000000000000e+00,9.896878376611772943e-01
3.559999999999999831e-01,6.986599999999999966e+01,1.951204400000005990e+01,4.830904000000000451e+03,0.000000000000000000e+00,0.000000000000000000e+00,0.000000000000000000e+00,9.896842255717902548e-01
3.569999999999999840e-01,6.978799999999999670e+01,1.946705599999950209e+01,4.820043999999999869e+03,0.000000000000000000e+00,0.000000000000000000e+00,0.000000000000000000e+00,9.896679315454599557e-01
3.579999999999999849e-01,6.972100000000000364e+01,1.953515899999911198e+01,4.810832000000000335e+03,0.000000000000000000e+00,0.000000000000000000e+00,0.000000000000000000e+00,9.896758574764505934e-01
3.589999999999999858e-01,6.965200000000000102e+01,1.949489599999924394e+01,4.801243999999999687e+03,0.000000000000000000e+00,0.000000000000000000e+00,0.000000000000000000e+00,9.896613157880006506e-01
3.599999999999999867e-01,6.958799999999999386e+01,1.953425599999991391e+01,4.792435999999999694e+03,0.000000000000000000e+00,0.000000000000000000e+00,0.000000000000000000e+00,9.896636344843026123e-01
3.609999999999999876e-01,6.952400000000000091e+01,1.952342400000088674e+01,4.783586000000000240e+03,0.000000000000000000e+00,0.000000000000000000e+00,0.000000000000000000e+00,9.896555952368236708e-01
3.619999999999999885e-01,6.947299999999999898e+01,1.947527100000024802e+01,4.776500000000000000e+03,0.000000000000000000e+00,0.000000000000000000e+00,0.000000000000000000e+00,9.896409919143671630e-01
3.629999999999999893e-01,6.940999999999999659e+01,1.949790000000029977e+01,4.767836000000000240e+03,0.000000000000000000e+00,0.000000000000000000e+00,0.000000000000000000e+00,9.896399523254444386e-01
3.639999999999999902e-01,6.933700000000000330e+01,1.951943099999971309e+01,4.757801999999999680e+03,0.000000000000000000e+00,0.000000000000000000e+00,0.000000000000000000e+00,9.896377888713929760e-01
3.649999999999999911e-01,6.926500000000000057e+01,1.950677499999983411e+01,4.747881999999999607e+03,0.000000000000000000e+00,0.000000000000000000e+00,0.000000000000000000e+00,9.896286043416270273e-01
3.659999999999999920e-01,6.920499999999999829e+01,1.959497499999997672e+01,4.739721999999999753e+03,0.000000000000000000e+00,0.000000000000000000e+00,0.000000000000000000e+00,9.896415565383567259e-01
3.669999999999999929e-01,6.913899999999999579e+01,1.956567900000027294e+01,4.730627999999999702e+03,0.000000000000000000e+00,0.000000000000000000e+00,0.000000000000000000e+00,9.896294491233625923e-01
3.679999999999999938e-01,6.907299999999999329e+01,1.967367100000137725e+01,4.721680000000000291e+03,0.000000000000000000e+00,0.000000000000000000e+00,0.000000000000000000e+00,9.896460893660401492e-01
3.689999999999999947e-01,6.901600000000000534e+01,1.959774399999878369e+01,4.713789999999999964e+03,0.000000000000000000e+00,0.000000000000000000e+00,0.000000000000000000e+00,9.896250062260555369e-01
3.699999999999999956e-01,6.894199999999999307e+01,1.964063600000099541e+01,4.703698000000000320e+03,0.000000000000000000e+00,0.000000000000000000e+00,0.000000000000000000e+00,9.896273152541497087e-01
3.709999999999999964e-01,6.885699999999999932e+01,1.963855100000000675e+01,4.692068000000000211e+03,0.000000000000000000e+00,0.000000000000000000e+00,0.000000000000000000e+00,9.896191783539295406e-01
3.719999999999999973e-01,6.878400000000000603e+01,1.959934399999929155e+01,4.682054000000000087e+03,0.000000000000000000e+00,0.000000000000000000e+00,0.000000000000000000e+00,9.896042749951693418e-01
3.729999999999999982e-01,6.871500000000000341e+01,1.968177499999910651e+01,4.672717999999999847e+03,0.000000000000000000e+00,0.000000000000000000e+00,0.000000000000000000e+00,9.896154577690609022e-01
3.739999999999999991e-01,6.864199999999999591e+01,1.961983600000075967e+01,4.662702000000000226e+03,0.000000000000000000e+00,0.000000000000000000e+00,0.000000000000000000e+00,9.895957058830918696e-01
3.750000000000000000e-01,6.856900000000000261e+01,1.949923899999976129e+01,4.652637999999999920e+03,0.000000000000000000e+00,0.000000000000000000e+00,0.000000000000000000e+00,9.895634174869336608e-01
3.760000000000000009e-01,6.850799999999999557e+01,1.950593600000047445e+01,4.644344000000000051e+03,0.000000000000000000e+00,0.000000000000000000e+00,0.000000000000000000e+00,9.895592476387227165e-01
3.770000000000000018e-01,6.842799999999999727e+01,1.966081599999961327e+01,4.633623999999999796e+03,0.000000000000000000e+00,0.000000000000000000e+00,0.000000000000000000e+00,9.895849829534446584e-01
3.780000000000000027e-01,6.835899999999999466e+01,1.971411900000111928e+01,4.624307999999999993e+03,0.000000000000000000e+00,0.000000000000000000e+00,0.000000000000000000e+00,9.895901195156948660e-01
3.790000000000000036e-01,6.829300000000000637e+01,1.976915099999860104e+01,4.615409999999999854e+03,0.000000000000000000e+00,0.000000000000000000e+00,0.000000000000000000e+00,9.895959397000442248e-01
3.800000000000000044e-01,6.823099999999999454e+01,1.980163900000025023e+01,4.607039999999999964e+03,0.000000000000000000e+00,0.000000000000000000e+00,0.000000000000000000e+00,9.895973193582361382e-01
3.810000000000000053e-01,6.816200000000000614e+01,1.988375599999926635e+01,4.597779999999999745e+03,0.000000000000000000e+00,0.000000000000000000e+00,0.000000000000000000e+00,9.896087734021956628e-01
3.820000000000000062e-01,6.809300000000000352e+01,2.006035099999917293e+01,4.588623999999999796e+03,0.000000000000000000e+00,0.000000000000000000e+00,0.000000000000000000e+00,9.896406715795184050e-01
3.830000000000000071e-01,6.802200000000000557e+01,2.006351599999925384e+01,4.579033999999999651e+03,0.000000000000000000e+00,0.000000000000000000e+00,0.000000000000000000e+00,9.896350633449612078e-01
3.840000000000000080e-01,6.795499999999999829e+01,2.006697499999972933e+01,4.569993999999999687e+03,0.000000000000000000e+00,0.000000000000000000e+00,0.000000000000000000e+00,9.896298725821173203e-01
3.850000000000000089e-01,6.788299999999999557e+01,2.005131100000107836e+01,4.560270000000000437e+03,0.000000000000000000e+00,0.000000000000000000e+00,0.000000000000000000e+00,9.896200882211045879e-01
3.860000000000000098e-01,6.782200000000000273e+01,2.009431599999970786e+01,4.552095999999999549e+03,0.000000000000000000e+00,0.000000000000000000e+00,0.000000000000000000e+00,9.896240188148914818e-01
3.870000000000000107e-01,6.775300000000000011e+01,2.002599099999952159e+01,4.542742000000000189e+03,0.000000000000000000e+00,0.000000000000000000e+00,0.000000000000000000e+00,9.896030211931662324e-01
3.880000000000000115e-01,6.769700000000000273e+01,2.007519099999990431e+01,4.535261999999999716e+03,0.000000000000000000e+00,0.000000000000000000e+00,0.000000000000000000e+00,9.896087679756403466e-01
3.890000000000000124e-01,6.762699999999999534e+01,2.003787100000135979e+01,4.525822000000000116e+03,0.000000000000000000e+00,0.000000000000000000e+00,0.000000000000000000e+00,9.895943907823557817e-01
3.900000000000000133e-01,6.756699999999999307e+01,2.001751100000092265e+01,4.517750000000000000e+03,0.000000000000000000e+00,0.000000000000000000e+00,0.000000000000000000e+00,9.895845849512022729e-01
3.910000000000000142e-01,6.749099999999999966e+01,2.003591899999992165e+01,4.507579999999999927e+03,0.000000000000000000e+00,0.000000000000000000e+00,0.000000000000000000e+00,9.895818407199661326e-01
3.920000000000000151e-01,6.742700000000000671e+01,1.998467099999834318e+01,4.498957999999999629e+03,0.000000000000000000e+00,0.000000000000000000e+00,0.000000000000000000e+00,9.895648588846471805e-01
3.930000000000000160e-01,6.735800000000000409e+01,2.008983600000010483e+01,4.489832000000000335e+03,0.000000000000000000e+00,0.000000000000000000e+00,0.000000000000000000e+00,9.895818557467491727e-01
3.940000000000000169e-01,6.728300000000000125e+01,2.016291099999943981e+01,4.479881999999999607e+03,0.000000000000000000e+00,0.000000000000000000e+00,0.000000000000000000e+00,9.895913259871259582e-01
3.950000000000000178e-01,6.721299999999999386e+01,2.021163100000103441e+01,4.470586000000000240e+03,0.000000000000000000e+00,0.000000000000000000e+00,0.000000000000000000e+00,9.895959136678738055e-01
3.960000000000000187e-01,6.715000000000000568e+01,2.008149999999932334e+01,4.462054000000000087e+03,0.000000000000000000e+00,0.000000000000000000e+00,0.000000000000000000e+00,9.895614945036422805e-01
3.970000000000000195e-01,6.709099999999999397e+01,2.004271900000185269e+01,4.454154000000000451e+03,0.000000000000000000e+00,0.000000000000000000e+00,0.000000000000000000e+00,9.895476190442287212e-01
3.980000000000000204e-01,6.703700000000000614e+01,2.018363099999896804e+01,4.447105999999999767e+03,0.000000000000000000e+00,0.000000000000000000e+00,0.000000000000000000e+00,9.895741449459461991e-01
3.990000000000000213e-01,6.696200000000000330e+01,2.026455600000008417e+01,4.437212000000000444e+03,0.000000000000000000e+00,0.000000000000000000e+00,0.000000000000000000e+00,9.895855514962536015e-01
4.000000000000000222e-01,6.689600000000000080e+01,2.034518399999979010e+01,4.428524000000000342e+03,0.000000000000000000e+00,0.000000000000000000e+00,0.000000000000000000e+00,9.895977569283168629e-01
4.010000000000000231e-01,6.683799999999999386e+01,2.027775600000040868e+01,4.420757999999999811e+03,0.000000000000000000e+00,0.000000000000000000e+00,0.000000000000000000e+00,9.895775851513300969e-01
4.020000000000000240e-01,6.677899999999999636e+01,2.018615899999986141e+01,4.412841999999999643e+03,0.000000000000000000e+00,0.000000000000000000e+00,0.000000000000000000e+00,9.895518507027784016e-01
4.030000000000000249e-01,6.670799999999999841e+01,2.008673600000020087e+01,4.403336000000000240e+03,0.000000000000000000e+00,0.000000000000000000e+00,0.000000000000000000e+00,9.895232108458290599e-01
4.040000000000000258e-01,6.664499999999999602e+01,2.008497500000066793e+01,4.394996000000000095e+03,0.000000000000000000e+00,0.000000000000000000e+00,0.000000000000000000e+00,9.895171816503204321e-01
4.050000000000000266e-01,6.656799999999999784e+01,2.011737600000014936e+01,4.384847999999999956e+03,0.000000000000000000e+00,0.000000000000000000e+00,0.000000000000000000e+00,9.895176046704632355e-01
4.060000000000000275e-01,6.649099999999999966e+01,2.015391900000031455e+01,4.374716000000000349e+03,0.000000000000000000e+00,0.000000000000000000e+00,0.000000000000000000e+00,9.895189946487774613e-01
4.070000000000000284e-01,6.642799999999999727e+01,2.012081600000055914e+01,4.366372000000000298e+03,0.000000000000000000e+00,0.000000000000000000e+00,0.000000000000000000e+00,9.895058801990624930e-01
4.080000000000000293e-01,6.635899999999999466e+01,2.008811900000091555e+01,4.357246000000000095e+03,0.000000000000000000e+00,0.000000000000000000e+00,0.000000000000000000e+00,9.894922894017629256e-01
4.090000000000000302e-01,6.630400000000000205e+01,2.006758400000035181e+01,4.349984000000000378e+03,0.000000000000000000e+00,0.000000000000000000e+00,0.000000000000000000e+00,9.894826893047211636e-01
4.100000000000000311e-01,6.623399999999999466e+01,2.002524400000129390e+01,4.340734000000000378e+03,0.000000000000000000e+00,0.000000000000000000e+00,0.000000000000000000e+00,9.894667520024510443e-01
4.110000000000000320e-01,6.616599999999999682e+01,2.002844400000049063e+01,4.331801999999999680e+03,0.000000000000000000e+00,0.000000000000000000e+00,0.000000000000000000e+00,9.894613538150001109e-01
4.120000000000000329e-01,6.608499999999999375e+01,2.000177500000154396e+01,4.321144000000000233e+03,0.000000000000000000e+00,0.000000000000000000e+00,0.000000000000000000e+00,9.894479442846030315e-01
4.130000000000000338e-01,6.601999999999999602e+01,1.997760000000107539e+01,4.312597999999999956e+03,0.000000000000000000e+00,0.000000000000000000e+00,0.000000000000000000e+00,9.894365224531944669e-01
4.140000000000000346e-01,6.595199999999999818e+01,2.006169600000066566e+01,4.303775999999999840e+03,0.000000000000000000e+00,0.000000000000000000e+00,0.000000000000000000e+00,9.894496954955376289e-01
4.150000000000000355e-01,6.588899999999999579e+01,2.017867900000055670e+01,4.295649999999999636e+03,0.000000000000000000e+00,0.000000000000000000e+00,0.000000000000000000e+00,9.894709681712227090e-01
4.160000000000000364e-01,6.583400000000000318e+01,2.028444399999898451e+01,4.288565999999999804e+03,0.000000000000000000e+00,0.000000000000000000e+00,0.000000000000000000e+00,9.894904611075854284e-01
4.169999999999999818e-01,6.576699999999999591e+01,2.033871100000033039e+01,4.279869999999999891e+03,0.000000000000000000e+00,0.000000000000000000e+00,0.000000000000000000e+00,9.894970737358087520e-01
4.179999999999999827e-01,6.571099999999999852e+01,2.041547900000114169e+01,4.272640000000000327e+03,0.000000000000000000e+00,0.000000000000000000e+00,0.000000000000000000e+00,9.895099126006613455e-01
4.189999999999999836e-01,6.565399999999999636e+01,2.042428399999971589e+01,4.265217999999999847e+03,0.000000000000000000e+00,0.000000000000000000e+00,0.000000000000000000e+00,9.895069563581270211e-01
4.199999999999999845e-01,6.558199999999999363e+01,2.045327600000109669e+01,4.255869999999999891e+03,0.000000000000000000e+00,0.000000000000000000e+00,0.000000000000000000e+00,9.895073849363924534e-01
4.209999999999999853e-01,6.552599999999999625e+01,2.048932400000012422e+01,4.248619999999999891e+03,0.000000000000000000e+00,0.000000000000000000e+00,0.000000000000000000e+00,9.895108809580098752e-01
4.219999999999999862e-01,6.546800000000000352e+01,2.042097599999942759e+01,4.241011999999999716e+03,0.000000000000000000e+00,0.000000000000000000e+00,0.000000000000000000e+00,9.894898731567256522e-01
4.229999999999999871e-01,6.539300000000000068e+01,2.039655099999981758e+01,4.231247999999999593e+03,0.000000000000000000e+00,0.000000000000000000e+00,0.000000000000000000e+00,9.894775779222531042e-01
4.239999999999999880e-01,6.532099999999999795e+01,2.038395899999977701e+01,4.221895999999999731e+03,0.000000000000000000e+00,0.000000000000000000e+00,0.000000000000000000e+00,9.894682916888942747e-01
4.249999999999999889e-01,6.525300000000000011e+01,2.034699099999943428e+01,4.213047999999999774e+03,0.000000000000000000e+00,0.000000000000000000e+00,0.000000000000000000e+00,9.894536181215008996e-01
4.259999999999999898e-01,6.519400000000000261e+01,2.038636399999995774e+01,4.205449999999999818e+03,0.000000000000000000e+00,0.000000000000000000e+00,0.000000000000000000e+00,9.894576659023028853e-01
4.269999999999999907e-01,6.511499999999999488e+01,2.028577500000028522e+01,4.195134000000000015e+03,0.000000000000000000e+00,0.000000000000000000e+00,0.000000000000000000e+00,9.894269778719603226e-01
4.279999999999999916e-01,6.505700000000000216e+01,2.030975099999977829e+01,4.187666000000000167e+03,0.000000000000000000e+00,0.000000000000000000e+00,0.000000000000000000e+00,9.894274858414233709e-01
4.289999999999999925e-01,6.497899999999999920e+01,2.028655900000103429e+01,4.177578000000000429e+03,0.000000000000000000e+00,0.000000000000000000e+00,0.000000000000000000e+00,9.894150690666289050e-01
4.299999999999999933e-01,6.492300000000000182e+01,2.032107099999939237e+01,4.170394000000000233e+03,0.000000000000000000e+00,0.000000000000000000e+00,0.000000000000000000e+00,9.894182747145423562e-01
4.309999999999999942e-01,6.485500000000000398e+01,2.040197499999885622e+01,4.161717999999999847e+03,0.000000000000000000e+00,0.000000000000000000e+00,0.000000000000000000e+00,9.894314746747605582e-01
4.319999999999999951e-01,6.478000000000000114e+01,2.030759999999918364e+01,4.151975999999999658e+03,0.000000000000000000e+00,0.000000000000000000e+00,0.000000000000000000e+00,9.894023717770482618e-01
4.329999999999999960e-01,6.472100000000000364e+01,2.030715899999904650e+01,4.144394000000000233e+03,0.000000000000000000e+00,0.000000000000000000e+00,0.000000000000000000e+00,9.893970211368308121e-01
4.339999999999999969e-01,6.465800000000000125e+01,2.032903600000099686e+01,4.136328000000000429e+03,0.000000000000000000e+00,0.000000000000000000e+00,0.000000000000000000e+00,9.893966512005840652e-01
4.349999999999999978e-01,6.460399999999999920e+01,2.033318400000007387e+01,4.129405999999999949e+03,0.000000000000000000e+00,0.000000000000000000e+00,0.000000000000000000e+00,9.893928500093045475e-01
4.359999999999999987e-01,6.453499999999999659e+01,2.038477500000044529e+01,4.120615999999999985e+03,0.000000000000000000e+00,0.000000000000000000e+00,0.000000000000000000e+00,9.893991108708629634e-01
4.369999999999999996e-01,6.447499999999999432e+01,2.041337500000099681e+01,4.112963999999999942e+03,0.000000000000000000e+00,0.000000000000000000e+00,0.000000000000000000e+00,9.894006847744655220e-01
4.380000000000000004e-01,6.441599999999999682e+01,2.054694400000062160e+01,4.105551999999999680e+03,0.000000000000000000e+00,0.000000000000000000e+00,0.000000000000000000e+00,9.894276682438467585e-01
4.390000000000000013e-01,6.434199999999999875e+01,2.050503599999956350e+01,4.096055999999999585e+03,0.000000000000000000e+00,0.000000000000000000e+00,0.000000000000000000e+00,9.894110875857899945e-01
4.400000000000000022e-01,6.428000000000000114e+01,2.044559999999910360e+01,4.088083999999999833e+03,0.000000000000000000e+00,0.000000000000000000e+00,0.000000000000000000e+00,9.893912716185293554e-01
4.410000000000000031e-01,6.422599999999999909e+01,2.052292399999987538e+01,4.081275999999999840e+03,0.000000000000000000e+00,0.000000000000000000e+00,0.000000000000000000e+00,9.894052611674387654e-01
4.420000000000000040e-01,6.415900000000000603e+01,2.052571899999929883e+01,4.072744000000000142e+03,0.000000000000000000e+00,0.000000000000000000e+00,0.000000000000000000e+00,9.894000772957816103e-01
4.430000000000000049e-01,6.409900000000000375e+01,2.057519899999897461e+01,4.065157999999999902e+03,0.000000000000000000e+00,0.000000000000000000e+00,0.000000000000000000e+00,9.894068698653160077e-01
4.440000000000000058e-01,6.403900000000000148e+01,2.062347899999986112e+01,4.057577999999999975e+03,0.000000000000000000e+00,0.000000000000000000e+00,0.000000000000000000e+00,9.894134139013675000e-01
4.450000000000000067e-01,6.397699999999999676e+01,2.051047100000050705e+01,4.049590000000000146e+03,0.000000000000000000e+00,0.000000000000000000e+00,0.000000000000000000e+00,9.893804229939089367e-01
4.460000000000000075e-01,6.392199999999999704e+01,2.045791599999984101e+01,4.042557999999999993e+03,0.000000000000000000e+00,0.000000000000000000e+00,0.000000000000000000e+00,9.893627388431903702e-01
4.470000000000000084e-01,6.385300000000000153e+01,2.044939099999965038e+01,4.033802000000000135e+03,0.000000000000000000e+00,0.000000000000000000e+00,0.000000000000000000e+00,9.893545694864661622e-01
4.480000000000000093e-01,6.379999999999999716e+01,2.048800000000073851e+01,4.027128000000000156e+03,0.000000000000000000e+00,0.000000000000000000e+00,0.000000000000000000e+00,9.893593812953883626e-01
4.490000000000000102e-01,6.372500000000000142e+01,2.060137499999973443e+01,4.017751999999999953e+03,0.000000000000000000e+00,0.000000000000000000e+00,0.000000000000000000e+00,9.893807077629962476e-01
4.500000000000000111e-01,6.367000000000000171e+01,2.064109999999982392e+01,4.010840000000000146e+03,0.000000000000000000e+00,0.000000000000000000e+00,0.000000000000000000e+00,9.893857198983420087e-01
4.510000000000000120e-01,6.359799999999999898e+01,2.068839600000001155e+01,4.001795999999999822e+03,0.000000000000000000e+00,0.000000000000000000e+00,0.000000000000000000e+00,9.893911675654305515e-01
4.520000000000000129e-01,6.353300000000000125e+01,2.069691100000000006e+01,3.993606000000000222e+03,0.000000000000000000e+00,0.000000000000000000e+00,0.000000000000000000e+00,9.893876616942589575e-01
4.530000000000000138e-01,6.345600000000000307e+01,2.077206399999977293e+01,3.983980000000000018e+03,0.000000000000000000e+00,0.000000000000000000e+00,0.000000000000000000e+00,9.893996775796488619e-01
4.540000000000000147e-01,6.340400000000000347e+01,2.089278399999966496e+01,3.977556000000000040e+03,0.000000000000000000e+00,0.000000000000000000e+00,0.000000000000000000e+00,9.894252474608373760e-01
4.550000000000000155e-01,6.334499999999999886e+01,2.081997499999988577e+01,3.970063999999999851e+03,0.000000000000000000e+00,0.000000000000000000e+00,0.000000000000000000e+00,9.894020980631077489e-01
4.560000000000000164e-01,6.328099999999999881e+01,2.085203900000033173e+01,3.962056000000000040e+03,0.000000000000000000e+00,0.000000000000000000e+00,0.000000000000000000e+00,9.894046396944379262e-01
4.570000000000000173e-01,6.321800000000000352e+01,2.097447599999941303e+01,3.954271999999999935e+03,0.000000000000000000e+00,0.000000000000000000e+00,0.000000000000000000e+00,9.894299111948100522e-01
4.580000000000000182e-01,6.316799999999999926e+01,2.102377600000045277e+01,3.948052000000000135e+03,0.000000000000000000e+00,0.000000000000000000e+00,0.000000000000000000e+00,9.894380572698372456e-01
4.590000000000000191e-01,6.311399999999999721e+01,2.108700400000043373e+01,3.941349999999999909e+03,0.000000000000000000e+00,0.000000000000000000e+00,0.000000000000000000e+00,9.894494053557566504e-01
4.600000000000000200e-01,6.303799999999999670e+01,2.107655600000043705e+01,3.931827999999999975e+03,0.000000000000000000e+00,0.000000000000000000e+00,0.000000000000000000e+00,9.894404460549974800e-01
4.610000000000000209e-01,6.296900000000000119e+01,2.111603900000000067e+01,3.923242000000000189e+03,0.000000000000000000e+00,0.000000000000000000e+00,0.000000000000000000e+00,9.894446510331634803e-01
4.620000000000000218e-01,6.289300000000000068e+01,2.113355099999989761e+01,3.913769999999999982e+03,0.000000000000000000e+00,0.000000000000000000e+00,0.000000000000000000e+00,9.894427662495201004e-01
4.630000000000000226e-01,6.283800000000000097e+01,2.122175599999991391e+01,3.906998000000000047e+03,0.000000000000000000e+00,0.000000000000000000e+00,0.000000000000000000e+00,9.894605445281881018e-01
4.640000000000000235e-01,6.277900000000000347e+01,2.127215899999964677e+01,3.899695999999999913e+03,0.000000000000000000e+00,0.000000000000000000e+00,0.000000000000000000e+00,9.894684839439857882e-01
4.650000000000000244e-01,6.271000000000000085e+01,2.139989999999988868e+01,3.891233999999999924e+03,0.000000000000000000e+00,0.000000000000000000e+00,0.000000000000000000e+00,9.894953244135266113e-01
4.660000000000000253e-01,6.264200000000000301e+01,2.143583599999919898e+01,3.882813999999999851e+03,0.000000000000000000e+00,0.000000000000000000e+00,0.000000000000000000e+00,9.894989927987534184e-01
4.670000000000000262e-01,6.256900000000000261e+01,2.142923899999959758e+01,3.873739999999999782e+03,0.000000000000000000e+00,0.000000000000000000e+00,0.000000000000000000e+00,9.894914368993310561e-01
4.680000000000000271e-01,6.250800000000000267e+01,2.135993599999937942e+01,3.866101999999999862e+03,0.000000000000000000e+00,0.000000000000000000e+00,0.000000000000000000e+00,9.894687917778480779e-01
4.690000000000000280e-01,6.245700000000000074e+01,2.131415099999958329e+01,3.859733999999999924e+03,0.000000000000000000e+00,0.000000000000000000e+00,0.000000000000000000e+00,9.894529228702650947e-01
4.700000000000000289e-01,6.240100000000000335e+01,2.129419899999902555e+01,3.852777999999999793e+03,0.000000000000000000e+00,0.000000000000000000e+00,0.000000000000000000e+00,9.894432416209528736e-01
4.710000000000000298e-01,6.234199999999999875e+01,2.125903600000037841e+01,3.845442000000000007e+03,0.000000000000000000e+00,0.000000000000000000e+00,0.000000000000000000e+00,9.894293837346879172e-01
4.720000000000000306e-01,6.227700000000000102e+01,2.140227099999992788e+01,3.837550000000000182e+03,0.000000000000000000e+00,0.000000000000000000e+00,0.000000000000000000e+00,9.894609972202453863e-01
4.730000000000000315e-01,6.219599999999999795e+01,2.149558399999978064e+01,3.827641999999999825e+03,0.000000000000000000e+00,0.000000000000000000e+00,0.000000000000000000e+00,9.894785901497091807e-01
4.740000000000000324e-01,6.212800000000000011e+01,2.156761600000027101e+01,3.819327999999999975e+03,0.000000000000000000e+00,0.000000000000000000e+00,0.000000000000000000e+00,9.894918246423574093e-01
4.750000000000000333e-01,6.207900000000000063e+01,2.164875900000015463e+01,3.813371999999999844e+03,0.000000000000000000e+00,0.000000000000000000e+00,0.000000000000000000e+00,9.895089995615579115e-01
4.760000000000000342e-01,6.202799999999999869e+01,2.163921599999957834e+01,3.807083999999999833e+03,0.000000000000000000e+00,0.000000000000000000e+00,0.000000000000000000e+00,9.895025159975243678e-01
4.770000000000000351e-01,6.197699999999999676e+01,2.163647100000025603e+01,3.800807999999999993e+03,0.000000000000000000e+00,0.000000000000000000e+00,0.000000000000000000e+00,9.894977950747190221e-01
4.780000000000000360e-01,6.191700000000000159e+01,2.161611099999981889e+01,3.793414000000000215e+03,0.000000000000000000e+00,0.000000000000000000e+00,0.000000000000000000e+00,9.894877709566679558e-01
4.790000000000000369e-01,6.184700000000000131e+01,2.174559099999987666e+01,3.784949999999999818e+03,0.000000000000000000e+00,0.000000000000000000e+00,0.000000000000000000e+00,9.895161124094580263e-01
4.799999999999999822e-01,6.177799999999999869e+01,2.174671599999965110e+01,3.776489999999999782e+03,0.000000000000000000e+00,0.000000000000000000e+00,0.000000000000000000e+00,9.895110544338313607e-01
4.809999999999999831e-01,6.172200000000000131e+01,2.175671599999986938e+01,3.769639999999999873e+03,0.000000000000000000e+00,0.000000000000000000e+00,0.000000000000000000e+00,9.895093373143273308e-01
4.819999999999999840e-01,6.165400000000000347e+01,2.178428399999938847e+01,3.761346000000000004e+03,0.000000000000000000e+00,0.000000000000000000e+00,0.000000000000000000e+00,9.895113250657725512e-01
4.829999999999999849e-01,6.158899999999999864e+01,2.196407899999985602e+01,3.753579999999999927e+03,0.000000000000000000e+00,0.000000000000000000e+00,0.000000000000000000e+00,9.895537093763039360e-01
4.839999999999999858e-01,6.152400000000000091e+01,2.210742399999980989e+01,3.745786000000000058e+03,0.000000000000000000e+00,0.000000000000000000e+00,0.000000000000000000e+00,9.895866667084293189e-01
4.849999999999999867e-01,6.147500000000000142e+01,2.211537499999940337e+01,3.739815999999999804e+03,0.000000000000000000e+00,0.000000000000000000e+00,0.000000000000000000e+00,9.895851294288551259e-01
4.859999999999999876e-01,6.141100000000000136e+01,2.212207899999975780e+01,3.732021999999999935e+03,0.000000000000000000e+00,0.000000000000000000e+00,0.000000000000000000e+00,9.895821580816299701e-01
4.869999999999999885e-01,6.135300000000000153e+01,2.211439100000006874e+01,3.724952000000000226e+03,0.000000000000000000e+00,0.000000000000000000e+00,0.000000000000000000e+00,9.895758177319229354e-01
4.879999999999999893e-01,6.128099999999999881e+01,2.217603899999994610e+01,3.716255999999999858e+03,0.000000000000000000e+00,0.000000000000000000e+00,0.000000000000000000e+00,9.895868968639470742e-01
4.889999999999999902e-01,6.121000000000000085e+01,2.221190000000024156e+01,3.707666000000000167e+03,0.000000000000000000e+00,0.000000000000000000e+00,0.000000000000000000e+00,9.895912473178474222e-01
4.899999999999999911e-01,6.112500000000000000e+01,2.221937500000012733e+01,3.697360000000000127e+03,0.000000000000000000e+00,0.000000000000000000e+00,0.000000000000000000e+00,9.895870291609687452e-01
4.909999999999999920e-01,6.106400000000000006e+01,2.226790399999981673e+01,3.690016000000000076e+03,0.000000000000000000e+00,0.000000000000000000e+00,0.000000000000000000e+00,9.895955883532941977e-01
4.919999999999999929e-01,6.100900000000000034e+01,2.232091899999977613e+01,3.683409999999999854e+03,0.000000000000000000e+00,0.000000000000000000e+00,0.000000000000000000e+00,9.896058405345390385e-01
4.929999999999999938e-01,6.094800000000000040e+01,2.239929600000004939e+01,3.676110000000000127e+03,0.000000000000000000e+00,0.000000000000000000e+00,0.000000000000000000e+00,9.896225448764673915e-01
4.939999999999999947e-01,6.088100000000000023e+01,2.232883899999978894e+01,3.667943999999999960e+03,0.000000000000000000e+00,0.000000000000000000e+00,0.000000000000000000e+00,9.895987586859934515e-01
4.949999999999999956e-01,6.081400000000000006e+01,2.224340399999982765e+01,3.659771999999999935e+03,0.000000000000000000e+00,0.000000000000000000e+00,0.000000000000000000e+00,9.895708428846703431e-01
4.959999999999999964e-01,6.075800000000000267e+01,2.225943599999936851e+01,3.653036000000000058e+03,0.000000000000000000e+00,0.000000000000000000e+00,0.000000000000000000e+00,9.895711218918441521e-01
4.969999999999999973e-01,6.070799999999999841e+01,2.233873600000015358e+01,3.647092000000000098e+03,0.000000000000000000e+00,0.000000000000000000e+00,0.000000000000000000e+00,9.895890198671207783e-01
4.979999999999999982e-01,6.064699999999999847e+01,2.229839100000026519e+01,3.639710000000000036e+03,0.000000000000000000e+00,0.000000000000000000e+00,0.000000000000000000e+00,9.895736819130172002e-01
4.989999999999999991e-01,6.057900000000000063e+01,2.223975900000004913e+01,3.631476000000000113e+03,0.000000000000000000e+00,0.000000000000000000e+00,0.000000000000000000e+00,9.895528143837690749e-01
5.000000000000000000e-01,6.052100000000000080e+01,2.223955900000009933e+01,3.624510000000000218e+03,0.000000000000000000e+00,0.000000000000000000e+00,0.000000000000000000e+00,9.895485610860910164e-01
5.010000000000000009e-01,6.046300000000000097e+01,2.228863099999989572e+01,3.617599999999999909e+03,0.000000000000000000e+00,0.000000000000000000e+00,0.000000000000000000e+00,9.895577885430487663e-01
5.020000000000000018e-01,6.040999999999999659e+01,2.227790000000004511e+01,3.611235999999999876e+03,0.000000000000000000e+00,0.000000000000000000e+00,0.000000000000000000e+00,9.895510403568223978e-01
5.030000000000000027e-01,6.035799999999999699e+01,2.228183600000056686e+01,3.605012000000000171e+03,0.000000000000000000e+00,0.000000000000000000e+00,0.000000000000000000e+00,9.895483825024445901e-01
5.040000000000000036e-01,6.031499999999999773e+01,2.217977500000051805e+01,3.599764000000000124e+03,0.000000000000000000e+00,0.000000000000000000e+00,0.000000000000000000e+00,9.895172398570222239e-01
5.050000000000000044e-01,6.025699999999999790e+01,2.219495100000040111e+01,3.592844000000000051e+03,0.000000000000000000e+00,0.000000000000000000e+00,0.000000000000000000e+00,9.895172035612206374e-01
5.060000000000000053e-01,6.018500000000000227e+01,2.215077499999961219e+01,3.584199999999999818e+03,0.000000000000000000e+00,0.000000000000000000e+00,0.000000000000000000e+00,9.894997886283843913e-01
5.070000000000000062e-01,6.013499999999999801e+01,2.200077500000043074e+01,3.578083999999999833e+03,0.000000000000000000e+00,0.000000000000000000e+00,0.000000000000000000e+00,9.894546671059930576e-01
5.080000000000000071e-01,6.007800000000000296e+01,2.197591599999987011e+01,3.571264000000000124e+03,0.000000000000000000e+00,0.000000000000000000e+00,0.000000000000000000e+00,9.894435523819811173e-01
5.090000000000000080e-01,6.001100000000000279e+01,2.201687899999978981e+01,3.563326000000000022e+03,0.000000000000000000e+00,0.000000000000000000e+00,0.000000000000000000e+00,9.894499462076561391e-01
5.100000000000000089e-01,5.995900000000000318e+01,2.202131899999903908e+01,3.557143999999999778e+03,0.000000000000000000e+00,0.000000000000000000e+00,0.000000000000000000e+00,9.894473382342043877e-01
5.110000000000000098e-01,5.991499999999999915e+01,2.200977499999999054e+01,3.551902000000000044e+03,0.000000000000000000e+00,0.000000000000000000e+00,0.000000000000000000e+00,9.894408745026691543e-01
5.120000000000000107e-01,5.983899999999999864e+01,2.207307900000023437e+01,3.542940000000000055e+03,0.000000000000000000e+00,0.000000000000000000e+00,0.000000000000000000e+00,9.894529397741067545e-01
5.130000000000000115e-01,5.978199999999999648e+01,2.206847600000037346e+01,3.536173999999999978e+03,0.000000000000000000e+00,0.000000000000000000e+00,0.000000000000000000e+00,9.894474787617855149e-01
5.140000000000000124e-01,5.971999999999999886e+01,2.203559999999970387e+01,3.528793999999999869e+03,0.000000000000000000e+00,0.000000000000000000e+00,0.000000000000000000e+00,9.894337226323871581e-01
5.150000000000000133e-01,5.965999999999999659e+01,2.199040000000059081e+01,3.521646000000000186e+03,0.000000000000000000e+00,0.000000000000000000e+00,0.000000000000000000e+00,9.894166170597518128e-01
5.160000000000000142e-01,5.960099999999999909e+01,2.194779900000048656e+01,3.514626000000000204e+03,0.000000000000000000e+00,0.000000000000000000e+00,0.000000000000000000e+00,9.894002698353778769e-01
5.170000000000000151e-01,5.954699999999999704e+01,2.201979100000062317e+01,3.508318000000000211e+03,0.000000000000000000e+00,0.000000000000000000e+00,0.000000000000000000e+00,9.894165687479113958e-01
5.180000000000000160e-01,5.947899999999999920e+01,2.200555899999972098e+01,3.500277999999999793e+03,0.000000000000000000e+00,0.000000000000000000e+00,0.000000000000000000e+00,9.894075540283272518e-01
5.190000000000000169e-01,5.941799999999999926e+01,2.204927600000019083e+01,3.493130000000000109e+03,0.000000000000000000e+00,0.000000000000000000e+00,0.000000000000000000e+00,9.894154546081631585e-01
5.200000000000000178e-01,5.935999999999999943e+01,2.215640000000030341e+01,3.486405999999999949e+03,0.000000000000000000e+00,0.000000000000000000e+00,0.000000000000000000e+00,9.894416225906524920e-01
5.210000000000000187e-01,5.930499999999999972e+01,2.223797500000000582e+01,3.480016000000000076e+03,0.000000000000000000e+00,0.000000000000000000e+00,0.000000000000000000e+00,9.894608615331166313e-01
5.220000000000000195e-01,5.923700000000000188e+01,2.230883099999982733e+01,3.472094000000000051e+03,0.000000000000000000e+00,0.000000000000000000e+00,0.000000000000000000e+00,9.894762223715092286e-01
5.230000000000000204e-01,5.918699999999999761e+01,2.226203100000020640e+01,3.466175999999999931e+03,0.000000000000000000e+00,0.000000000000000000e+00,0.000000000000000000e+00,9.894593477816483462e-01
5.240000000000000213e-01,5.911599999999999966e+01,2.228054400000019086e+01,3.457865999999999985e+03,0.000000000000000000e+00,0.000000000000000000e+00,0.000000000000000000e+00,9.894596272489148969e-01
5.250000000000000222e-01,5.905400000000000205e+01,2.224708400000008623e+01,3.450568000000000211e+03,0.000000000000000000e+00,0.000000000000000000e+00,0.000000000000000000e+00,9.894456670456822645e-01
5.260000000000000231e-01,5.898700000000000188e+01,2.226483099999995829e+01,3.442744000000000142e+03,0.000000000000000000e+00,0.000000000000000000e+00,0.000000000000000000e+00,9.894460336107955278e-01
5.270000000000000240e-01,5.892799999999999727e+01,2.225681600000052640e+01,3.435838000000000193e+03,0.000000000000000000e+00,0.000000000000000000e+00,0.000000000000000000e+00,9.894395717745063656e-01
5.280000000000000249e-01,5.885999999999999943e+01,2.231840000000011059e+01,3.427958000000000084e+03,0.000000000000000000e+00,0.000000000000000000e+00,0.000000000000000000e+00,9.894525604794411899e-01
5.290000000000000258e-01,5.879299999999999926e+01,2.228415100000029270e+01,3.420108000000000175e+03,0.000000000000000000e+00,0.000000000000000000e+00,0.000000000000000000e+00,9.894379821094253513e-01
5.300000000000000266e-01,5.874199999999999733e+01,2.236143600000059450e+01,3.414242000000000189e+03,0.000000000000000000e+00,0.000000000000000000e+00,0.000000000000000000e+00,9.894568115390091068e-01
5.310000000000000275e-01,5.867600000000000193e+01,2.225702400000000125e+01,3.406454000000000178e+03,0.000000000000000000e+00,0.000000000000000000e+00,0.000000000000000000e+00,9.894219228377364450e-01
5.320000000000000284e-01,5.863300000000000267e+01,2.218431099999952494e+01,3.401380000000000109e+03,0.000000000000000000e+00,0.000000000000000000e+00,0.000000000000000000e+00,9.893977587898359349e-01
5.330000000000000293e-01,5.857600000000000051e+01,2.217622399999982008e+01,3.394748000000000047e+03,0.000000000000000000e+00,0.000000000000000000e+00,0.000000000000000000e+00,9.893913703587449149e-01
5.340000000000000302e-01,5.851800000000000068e+01,2.216767600000002858e+01,3.388005999999999858e+03,0.000000000000000000e+00,0.000000000000000000e+00,0.000000000000000000e+00,9.893847717466682790e-01
5.350000000000000311e-01,5.847399999999999665e+01,2.210732400000051712e+01,3.382842000000000098e+03,0.000000000000000000e+00,0.000000000000000000e+00,0.000000000000000000e+00,9.893640080363437228e-01
5.360000000000000320e-01,5.841899999999999693e+01,2.202743899999995847e+01,3.376387999999999920e+03,0.000000000000000000e+00,0.000000000000000000e+00,0.000000000000000000e+00,9.893366798676745955e-01
5.370000000000000329e-01,5.836899999999999977e+01,2.201683900000034555e+01,3.370588000000000193e+03,0.000000000000000000e+00,0.000000000000000000e+00,0.000000000000000000e+00,9.893299678649684070e-01
5.380000000000000338e-01,5.831799999999999784e+01,2.202287600000045131e+01,3.364693999999999960e+03,0.000000000000000000e+00,0.000000000000000000e+00,0.000000000000000000e+00,9.893280681952572042e-01
5.390000000000000346e-01,5.824699999999999989e+01,2.213199099999974351e+01,3.356597999999999956e+03,0.000000000000000000e+00,0.000000000000000000e+00,0.000000000000000000e+00,9.893551240838243110e-01
5.400000000000000355e-01,5.819400000000000261e+01,2.208836399999972855e+01,3.350436000000000149e+03,0.000000000000000000e+00,0.000000000000000000e+00,0.000000000000000000e+00,9.893384934010005516e-01
5.410000000000000364e-01,5.814099999999999824e+01,2.206511900000032256e+01,3.344300000000000182e+03,0.000000000000000000e+00,0.000000000000000000e+00,0.000000000000000000e+00,9.893278492481352160e-01
5.420000000000000373e-01,5.808200000000000074e+01,2.200927599999977247e+01,3.337445999999999913e+03,0.000000000000000000e+00,0.000000000000000000e+00,0.000000000000000000e+00,9.893070924007711930e-01
5.430000000000000382e-01,5.803699999999999903e+01,2.200963099999989936e+01,3.332266000000000076e+03,0.000000000000000000e+00,0.000000000000000000e+00,0.000000000000000000e+00,9.893039693835528059e-01
5.440000000000000391e-01,5.798799999999999955e+01,2.210585600000013073e+01,3.326726000000000113e+03,0.000000000000000000e+00,0.000000000000000000e+00,0.000000000000000000e+00,9.893290736049559220e-01
5.450000000000000400e-01,5.792799999999999727e+01,2.225281600000016624e+01,3.319978000000000065e+03,0.000000000000000000e+00,0.000000000000000000e+00,0.000000000000000000e+00,9.893686319640833116e-01
5.460000000000000409e-01,5.785900000000000176e+01,2.222111899999936213e+01,3.312025999999999840e+03,0.000000000000000000e+00,0.000000000000000000e+00,0.000000000000000000e+00,9.893544028711284133e-01
5.470000000000000417e-01,5.779500000000000171e+01,2.227697500000022046e+01,3.304744000000000142e+03,0.000000000000000000e+00,0.000000000000000000e+00,0.000000000000000000e+00,9.893666949675902211e-01
5.480000000000000426e-01,5.773199999999999932e+01,2.224417600000015227e+01,3.297496000000000095e+03,0.000000000000000000e+00,0.000000000000000000e+00,0.000000000000000000e+00,9.893525363836269682e-01
5.490000000000000435e-01,5.768500000000000227e+01,2.232977499999969950e+01,3.292204000000000178e+03,0.000000000000000000e+00,0.000000000000000000e+00,0.000000000000000000e+00,9.893750275774579883e-01
5.500000000000000444e-01,5.762700000000000244e+01,2.232587100000000646e+01,3.285570000000000164e+03,0.000000000000000000e+00,0.000000000000000000e+00,0.000000000000000000e+00,9.893699190276528110e-01
5.510000000000000453e-01,5.757000000000000028e+01,2.238310000000001310e+01,3.279117999999999938e+03,0.000000000000000000e+00,0.000000000000000000e+00,0.000000000000000000e+00,9.893833243887729667e-01
5.520000000000000462e-01,5.751800000000000068e+01,2.231767599999966478e+01,3.273119999999999891e+03,0.000000000000000000e+00,0.000000000000000000e+00,0.000000000000000000e+00,9.893600617374799233e-01
5.530000000000000471e-01,5.746099999999999852e+01,2.231647899999961737e+01,3.266621999999999844e+03,0.000000000000000000e+00,0.000000000000000000e+00,0.000000000000000000e+00,9.893558430687109384e-01
5.540000000000000480e-01,5.737599999999999767e+01,2.221862400000054549e+01,3.256847999999999956e+03,0.000000000000000000e+00,0.000000000000000000e+00,0.000000000000000000e+00,9.893203771001376490e-01
5.550000000000000488e-01,5.731099999999999994e+01,2.226227900000003501e+01,3.249501999999999953e+03,0.000000000000000000e+00,0.000000000000000000e+00,0.000000000000000000e+00,9.893292191300582239e-01
5.560000000000000497e-01,5.725200000000000244e+01,2.231049599999960265e+01,3.242849999999999909e+03,0.000000000000000000e+00,0.000000000000000000e+00,0.000000000000000000e+00,9.893399247763745574e-01
5.570000000000000506e-01,5.719700000000000273e+01,2.245219099999985701e+01,3.236751999999999953e+03,0.000000000000000000e+00,0.000000000000000000e+00,0.000000000000000000e+00,9.893795375546703408e-01
5.580000000000000515e-01,5.712700000000000244e+01,2.239687099999991915e+01,3.228764000000000124e+03,0.000000000000000000e+00,0.000000000000000000e+00,0.000000000000000000e+00,9.893579924990880681e-01
5.590000000000000524e-01,5.706600000000000250e+01,2.246764399999938178e+01,3.221929999999999836e+03,0.000000000000000000e+00,0.000000000000000000e+00,0.000000000000000000e+00,9.893756933096392592e-01
5.600000000000000533e-01,5.700300000000000011e+01,2.254899100000011458e+01,3.214887999999999920e+03,0.000000000000000000e+00,0.000000000000000000e+00,0.000000000000000000e+00,9.893966197142161079e-01
5.610000000000000542e-01,5.693099999999999739e+01,2.251423900000054346e+01,3.206722000000000207e+03,0.000000000000000000e+00,0.000000000000000000e+00,0.000000000000000000e+00,9.893812750585906368e-01
5.620000000000000551e-01,5.687199999999999989e+01,2.263161600000012186e+01,3.200184000000000196e+03,0.000000000000000000e+00,0.000000000000000000e+00,0.000000000000000000e+00,9.894137627179105943e-01
5.630000000000000560e-01,5.681600000000000250e+01,2.262614399999938541e+01,3.193867999999999938e+03,0.000000000000000000e+00,0.000000000000000000e+00,0.000000000000000000e+00,9.894085367966836131e-01
5.640000000000000568e-01,5.675800000000000267e+01,2.275543599999946309e+01,3.187467999999999847e+03,0.000000000000000000e+00,0.000000000000000000e+00,0.000000000000000000e+00,9.894450179430538395e-01
5.650000000000000577e-01,5.671200000000000330e+01,2.278705599999966580e+01,3.182326000000000022e+03,0.000000000000000000e+00,0.000000000000000000e+00,0.000000000000000000e+00,9.894520220621192408e-01
5.660000000000000586e-01,5.664399999999999835e+01,2.277326399999992645e+01,3.174672000000000025e+03,0.000000000000000000e+00,0.000000000000000000e+00,0.000000000000000000e+00,9.894435764810084466e-01
5.670000000000000595e-01,5.658500000000000085e+01,2.284877499999993233e+01,3.168126000000000204e+03,0.000000000000000000e+00,0.000000000000000000e+00,0.000000000000000000e+00,9.894635613186010259e-01
5.680000000000000604e-01,5.653199999999999648e+01,2.290697600000066814e+01,3.162242000000000189e+03,0.000000000000000000e+00,0.000000000000000000e+00,0.000000000000000000e+00,9.894785910216270519e-01
5.690000000000000613e-01,5.646699999999999875e+01,2.287691099999983635e+01,3.154931999999999789e+03,0.000000000000000000e+00,0.000000000000000000e+00,0.000000000000000000e+00,9.894653108674135167e-01
5.700000000000000622e-01,5.641400000000000148e+01,2.289060400000016671e+01,3.149016000000000076e+03,0.000000000000000000e+00,0.000000000000000000e+00,0.000000000000000000e+00,9.894664631513645503e-01
5.710000000000000631e-01,5.635999999999999943e+01,2.304240000000027067e+01,3.143132000000000062e+03,0.000000000000000000e+00,0.000000000000000000e+00,0.000000000000000000e+00,9.895110566212037551e-01
5.720000000000000639e-01,5.630599999999999739e+01,2.302636400000028516e+01,3.137085999999999785e+03,0.000000000000000000e+00,0.000000000000000000e+00,0.000000000000000000e+00,9.895029028759003698e-01
5.730000000000000648e-01,5.624799999999999756e+01,2.300249600000051942e+01,3.130592000000000098e+03,0.000000000000000000e+00,0.000000000000000000e+00,0.000000000000000000e+00,9.894920317627035056e-01
5.740000000000000657e-01,5.617999999999999972e+01,2.295960000000013679e+01,3.122972000000000207e+03,0.000000000000000000e+00,0.000000000000000000e+00,0.000000000000000000e+00,9.894745326679071917e-01
5.750000000000000666e-01,5.611800000000000210e+01,2.300607599999966624e+01,3.116117999999999938e+03,0.000000000000000000e+00,0.000000000000000000e+00,0.000000000000000000e+00,9.894857076812152430e-01
5.760000000000000675e-01,5.606499999999999773e+01,2.299677500000007058e+01,3.110215999999999894e+03,0.000000000000000000e+00,0.000000000000000000e+00,0.000000000000000000e+00,9.894797216436894693e-01
5.769999999999999574e-01,5.601700000000000301e+01,2.303871099999923899e+01,3.104925999999999931e+03,0.000000000000000000e+00,0.000000000000000000e+00,0.000000000000000000e+00,9.894903457968406979e-01
5.779999999999999583e-01,5.595000000000000284e+01,2.293149999999968713e+01,3.097384000000000015e+03,0.000000000000000000e+00,0.000000000000000000e+00,0.000000000000000000e+00,9.894523148381078048e-01
5.789999999999999591e-01,5.590699999999999648e+01,2.295835100000022067e+01,3.092643999999999778e+03,0.000000000000000000e+00,0.000000000000000000e+00,0.000000000000000000e+00,9.894584315040088063e-01
5.799999999999999600e-01,5.584899999999999665e+01,2.297419900000022608e+01,3.086235999999999876e+03,0.000000000000000000e+00,0.000000000000000000e+00,0.000000000000000000e+00,9.894602009683464150e-01
5.809999999999999609e-01,5.579899999999999949e+01,2.295059899999978370e+01,3.080679999999999836e+03,0.000000000000000000e+00,0.000000000000000000e+00,0.000000000000000000e+00,9.894497827643229382e-01
5.819999999999999618e-01,5.574900000000000233e+01,2.309599899999921035e+01,3.075297999999999774e+03,0.000000000000000000e+00,0.000000000000000000e+00,0.000000000000000000e+00,9.894937207859795247e-01
5.829999999999999627e-01,5.569500000000000028e+01,2.309197500000027503e+01,3.069329999999999927e+03,0.000000000000000000e+00,0.000000000000000000e+00,0.000000000000000000e+00,9.894894490831245282e-01
5.839999999999999636e-01,5.563199999999999790e+01,2.323857600000019374e+01,3.062525999999999840e+03,0.000000000000000000e+00,0.000000000000000000e+00,0.000000000000000000e+00,9.895333546493002563e-01
5.849999999999999645e-01,5.557300000000000040e+01,2.328667099999984202e+01,3.056072000000000116e+03,0.000000000000000000e+00,0.000000000000000000e+00,0.000000000000000000e+00,9.895457956750587369e-01
5.859999999999999654e-01,5.551400000000000290e+01,2.328780399999959627e+01,3.049577999999999975e+03,0.000000000000000000e+00,0.000000000000000000e+00,0.000000000000000000e+00,9.895430747865719967e-01
5.869999999999999662e-01,5.546300000000000097e+01,2.329063100000030317e+01,3.043972000000000207e+03,0.000000000000000000e+00,0.000000000000000000e+00,0.000000000000000000e+00,9.895413331948206270e-01
5.879999999999999671e-01,5.541199999999999903e+01,2.313825599999972837e+01,3.038215999999999894e+03,0.000000000000000000e+00,0.000000000000000000e+00,0.000000000000000000e+00,9.894890565705143359e-01
5.889999999999999680e-01,5.536899999999999977e+01,2.314483900000004724e+01,3.033501999999999953e+03,0.000000000000000000e+00,0.000000000000000000e+00,0.000000000000000000e+00,9.894888977985271117e-01
5.899999999999999689e-01,5.531499999999999773e+01,2.321177500000067084e+01,3.027646000000000186e+03,0.000000000000000000e+00,0.000000000000000000e+00,0.000000000000000000e+00,9.895078901441671793e-01
5.909999999999999698e-01,5.527000000000000313e+01,2.318909999999959837e+01,3.022692000000000007e+03,0.000000000000000000e+00,0.000000000000000000e+00,0.000000000000000000e+00,9.894981063895125217e-01
5.919999999999999707e-01,5.521600000000000108e+01,2.320134399999960806e+01,3.016791999999999916e+03,0.000000000000000000e+00,0.000000000000000000e+00,0.000000000000000000e+00,9.894992829614183139e-01
5.929999999999999716e-01,5.517000000000000171e+01,2.323309999999992215e+01,3.011791999999999916e+03,0.000000000000000000e+00,0.000000000000000000e+00,0.000000000000000000e+00,9.895073112457550835e-01
5.939999999999999725e-01,5.511299999999999955e+01,2.306823100000019622e+01,3.005398000000000138e+03,0.000000000000000000e+00,0.000000000000000000e+00,0.000000000000000000e+00,9.894500830346345532e-01
5.949999999999999734e-01,5.505499999999999972e+01,2.305197499999985666e+01,2.999050000000000182e+03,0.000000000000000000e+00,0.000000000000000000e+00,0.000000000000000000e+00,9.894416149318272513e-01
5.959999999999999742e-01,5.499499999999999744e+01,2.318097500000021682e+01,2.992635999999999967e+03,0.000000000000000000e+00,0.000000000000000000e+00,0.000000000000000000e+00,9.894810544935356278e-01
5.969999999999999751e-01,5.494500000000000028e+01,2.321397500000011860e+01,2.987222000000000207e+03,0.000000000000000000e+00,0.000000000000000000e+00,0.000000000000000000e+00,9.894893942577990265e-01
5.979999999999999760e-01,5.489300000000000068e+01,2.323955100000011953e+01,2.981588000000000193e+03,0.000000000000000000e+00,0.000000000000000000e+00,0.000000000000000000e+00,9.894952165182432369e-01
5.989999999999999769e-01,5.484000000000000341e+01,2.326639999999952124e+01,2.975851999999999862e+03,0.000000000000000000e+00,0.000000000000000000e+00,0.000000000000000000e+00,9.895014526710151914e-01
5.999999999999999778e-01,5.478699999999999903e+01,2.325763099999949191e+01,2.970085999999999785e+03,0.000000000000000000e+00,0.000000000000000000e+00,0.000000000000000000e+00,9.894958663506229213e-01
6.009999999999999787e-01,5.473599999999999710e+01,2.337630400000034570e+01,2.964670000000000073e+03,0.000000000000000000e+00,0.000000000000000000e+00,0.000000000000000000e+00,9.895329154975106567e-01
6.019999999999999796e-01,5.468200000000000216e+01,2.330887599999960003e+01,2.958748000000000047e+03,0.000000000000000000e+00,0.000000000000000000e+00,0.000000000000000000e+00,9.895077414261964632e-01
6.029999999999999805e-01,5.462700000000000244e+01,2.334787099999948623e+01,2.952829999999999927e+03,0.000000000000000000e+00,0.000000000000000000e+00,0.000000000000000000e+00,9.895181015010391379e-01
6.039999999999999813e-01,5.457300000000000040e+01,2.335467100000005303e+01,2.946994000000000142e+03,0.000000000000000000e+00,0.000000000000000000e+00,0.000000000000000000e+00,9.895177624858997323e-01
6.049999999999999822e-01,5.451599999999999824e+01,2.334574400000019523e+01,2.940824000000000069e+03,0.000000000000000000e+00,0.000000000000000000e+00,0.000000000000000000e+00,9.895120066477006704e-01
6.059999999999999831e-01,5.447099999999999653e+01,2.343115900000066176e+01,2.936050000000000182e+03,0.000000000000000000e+00,0.000000000000000000e+00,0.000000000000000000e+00,9.895386244895307826e-01
6.069999999999999840e-01,5.440599999999999881e+01,2.352316400000017893e+01,2.929130000000000109e+03,0.000000000000000000e+00,0.000000000000000000e+00,0.000000000000000000e+00,9.895666547035204541e-01
6.079999999999999849e-01,5.433899999999999864e+01,2.357007900000007794e+01,2.921958000000000084e+03,0.000000000000000000e+00,0.000000000000000000e+00,0.000000000000000000e+00,9.895794897993549499e-01
6.089999999999999858e-01,5.429299999999999926e+01,2.355115100000011807e+01,2.916987999999999829e+03,0.000000000000000000e+00,0.000000000000000000e+00,0.000000000000000000e+00,9.895710086830280527e-01
6.099999999999999867e-01,5.422699999999999676e+01,2.352547100000037972e+01,2.909865999999999985e+03,0.000000000000000000e+00,0.000000000000000000e+00,0.000000000000000000e+00,9.895593184998406899e-01
6.109999999999999876e-01,5.417000000000000171e+01,2.345509999999967476e+01,2.903673999999999978e+03,0.000000000000000000e+00,0.000000000000000000e+00,0.000000000000000000e+00,9.895327780172558096e-01
6.119999999999999885e-01,5.411699999999999733e+01,2.352931100000023434e+01,2.898061999999999898e+03,0.000000000000000000e+00,0.000000000000000000e+00,0.000000000000000000e+00,9.895557023720223944e-01
6.129999999999999893e-01,5.405299999999999727e+01,2.350019100000008621e+01,2.891173999999999978e+03,0.000000000000000000e+00,0.000000000000000000e+00,0.000000000000000000e+00,9.895428932965649738e-01
6.139999999999999902e-01,5.399900000000000233e+01,2.368299899999965419e+01,2.885576000000000022e+03,0.000000000000000000e+00,0.000000000000000000e+00,0.000000000000000000e+00,9.896031811227564701e-01
6.149999999999999911e-01,5.395000000000000284e+01,2.367549999999937427e+01,2.880327999999999975e+03,0.000000000000000000e+00,0.000000000000000000e+00,0.000000000000000000e+00,9.895985453183661074e-01
6.159999999999999920e-01,5.389200000000000301e+01,2.368633599999930084e+01,2.874141999999999825e+03,0.000000000000000000e+00,0.000000000000000000e+00,0.000000000000000000e+00,9.895998456471288840e-01
6.169999999999999929e-01,5.383700000000000330e+01,2.363043099999958940e+01,2.868215999999999894e+03,0.000000000000000000e+00,0.000000000000000000e+00,0.000000000000000000e+00,9.895782729119370069e-01
6.179999999999999938e-01,5.378499999999999659e+01,2.363077500000008513e+01,2.862672000000000025e+03,0.000000000000000000e+00,0.000000000000000000e+00,0.000000000000000000e+00,9.895762058780424031e-01
6.189999999999999947e-01,5.374300000000000210e+01,2.365095099999962258e+01,2.858217999999999847e+03,0.000000000000000000e+00,0.000000000000000000e+00,0.000000000000000000e+00,9.895814339563653306e-01
6.199999999999999956e-01,5.367999999999999972e+01,2.368359999999984211e+01,2.851545999999999822e+03,0.000000000000000000e+00,0.000000000000000000e+00,0.000000000000000000e+00,9.895901583818443870e-01
6.209999999999999964e-01,5.363300000000000267e+01,2.367431099999930666e+01,2.846539999999999964e+03,0.000000000000000000e+00,0.000000000000000000e+00,0.000000000000000000e+00,9.895850155904588608e-01
6.219999999999999973e-01,5.356799999999999784e+01,2.363537600000017846e+01,2.839597999999999956e+03,0.000000000000000000e+00,0.000000000000000000e+00,0.000000000000000000e+00,9.895688083097453625e-01
6.229999999999999982e-01,5.350999999999999801e+01,2.359590000000025611e+01,2.833405999999999949e+03,0.000000000000000000e+00,0.000000000000000000e+00,0.000000000000000000e+00,9.895526525308854238e-01
6.239999999999999991e-01,5.346099999999999852e+01,2.369447899999977381e+01,2.828311999999999898e+03,0.000000000000000000e+00,0.000000000000000000e+00,0.000000000000000000e+00,9.895851283366472462e-01
6.250000000000000000e-01,5.340899999999999892e+01,2.368371900000011010e+01,2.822795999999999822e+03,0.000000000000000000e+00,0.000000000000000000e+00,0.000000000000000000e+00,9.895792956224399584e-01
6.260000000000000009e-01,5.336399999999999721e+01,2.359950400000070658e+01,2.817952000000000226e+03,0.000000000000000000e+00,0.000000000000000000e+00,0.000000000000000000e+00,9.895479426966106162e-01
6.270000000000000018e-01,5.330299999999999727e+01,2.373519100000021353e+01,2.811641999999999825e+03,0.000000000000000000e+00,0.000000000000000000e+00,0.000000000000000000e+00,9.895932328171123116e-01
6.280000000000000027e-01,5.326599999999999824e+01,2.385324399999990419e+01,2.807853999999999814e+03,0.000000000000000000e+00,0.000000000000000000e+00,0.000000000000000000e+00,9.896334188747671901e-01
6.290000000000000036e-01,5.321000000000000085e+01,2.388389999999981228e+01,2.801978000000000065e+03,0.000000000000000000e+00,0.000000000000000000e+00,0.000000000000000000e+00,9.896421935036932016e-01
6.300000000000000044e-01,5.316299999999999670e+01,2.382243100000050617e+01,2.796963999999999942e+03,0.000000000000000000e+00,0.000000000000000000e+00,0.000000000000000000e+00,9.896187518776927705e-01
6.310000000000000053e-01,5.312100000000000222e+01,2.377435900000000402e+01,2.792494000000000142e+03,0.000000000000000000e+00,0.000000000000000000e+00,0.000000000000000000e+00,9.896001777798478782e-01
6.320000000000000062e-01,5.306600000000000250e+01,2.381764399999929083e+01,2.786751999999999953e+03,0.000000000000000000e+00,0.000000000000000000e+00,0.000000000000000000e+00,9.896135112562463032e-01
6.330000000000000071e-01,5.302400000000000091e+01,2.377742399999942791e+01,2.782297999999999774e+03,0.000000000000000000e+00,0.000000000000000000e+00,0.000000000000000000e+00,9.895976836897212303e-01
6.340000000000000080e-01,5.298499999999999943e+01,2.379077499999993961e+01,2.778215999999999894e+03,0.000000000000000000e+00,0.000000000000000000e+00,0.000000000000000000e+00,9.896010120857915426e-01
6.350000000000000089e-01,5.293500000000000227e+01,2.381477499999982683e+01,2.772994000000000142e+03,0.000000000000000000e+00,0.000000000000000000e+00,0.000000000000000000e+00,9.896077666141536167e-01
6.360000000000000098e-01,5.288799999999999812e+01,2.381345599999986007e+01,2.768065999999999804e+03,0.000000000000000000e+00,0.000000000000000000e+00,0.000000000000000000e+00,9.896056191876498875e-01
6.370000000000000107e-01,5.284100000000000108e+01,2.372771899999997913e+01,2.763057999999999993e+03,0.000000000000000000e+00,0.000000000000000000e+00,0.000000000000000000e+00,9.895732467423798973e-01
6.380000000000000115e-01,5.276899999999999835e+01,2.374963899999966088e+01,2.755547999999999774e+03,0.000000000000000000e+00,0.000000000000000000e+00,0.000000000000000000e+00,9.895785027841529358e-01
6.390000000000000124e-01,5.273400000000000176e+01,2.370724399999971865e+01,2.751847999999999956e+03,0.000000000000000000e+00,0.000000000000000000e+00,0.000000000000000000e+00,9.895620052872312611e-01
6.400000000000000133e-01,5.268099999999999739e+01,2.365523900000061985e+01,2.746262000000000171e+03,0.000000000000000000e+00,0.000000000000000000e+00,0.000000000000000000e+00,9.895413508437262973e-01
6.410000000000000142e-01,5.262800000000000011e+01,2.361761599999999817e+01,2.740695999999999913e+03,0.000000000000000000e+00,0.000000000000000000e+00,0.000000000000000000e+00,9.895258269368959470e-01
6.420000000000000151e-01,5.257099999999999795e+01,2.373095899999998437e+01,2.734869999999999891e+03,0.000000000000000000e+00,0.000000000000000000e+00,0.000000000000000000e+00,9.895647370483320326e-01
6.430000000000000160e-01,5.251700000000000301e+01,2.377171099999941362e+01,2.729289999999999964e+03,0.000000000000000000e+00,0.000000000000000000e+00,0.000000000000000000e+00,9.895776210280388119e-01
6.440000000000000169e-01,5.244299999999999784e+01,2.382275100000060775e+01,2.721648000000000138e+03,0.000000000000000000e+00,0.000000000000000000e+00,0.000000000000000000e+00,9.895936518154525574e-01
6.450000000000000178e-01,5.238900000000000290e+01,2.381967899999972360e+01,2.716038000000000011e+03,0.000000000000000000e+00,0.000000000000000000e+00,0.000000000000000000e+00,9.895907437171772569e-01
6.460000000000000187e-01,5.232500000000000284e+01,2.387737499999957436e+01,2.709458000000000084e+03,0.000000000000000000e+00,0.000000000000000000e+00,0.000000000000000000e+00,9.896097130813263920e-01
6.470000000000000195e-01,5.227900000000000347e+01,2.389315899999974135e+01,2.704708000000000084e+03,0.000000000000000000e+00,0.000000000000000000e+00,0.000000000000000000e+00,9.896140262093546802e-01
6.480000000000000204e-01,5.222699999999999676e+01,2.400547100000039791e+01,2.699438000000000102e+03,0.000000000000000000e+00,0.000000000000000000e+00,0.000000000000000000e+00,9.896535734390773387e-01
6.490000000000000213e-01,5.218399999999999750e+01,2.391214400000080786e+01,2.694898000000000138e+03,0.000000000000000000e+00,0.000000000000000000e+00,0.000000000000000000e+00,9.896180343147866765e-01
6.500000000000000222e-01,5.213300000000000267e+01,2.389131099999985963e+01,2.689608000000000175e+03,0.000000000000000000e+00,0.000000000000000000e+00,0.000000000000000000e+00,9.896088112914032120e-01
6.510000000000000231e-01,5.207699999999999818e+01,2.394707100000050559e+01,2.683884000000000015e+03,0.000000000000000000e+00,0.000000000000000000e+00,0.000000000000000000e+00,9.896276605738628662e-01
6.520000000000000240e-01,5.201700000000000301e+01,2.394671099999959551e+01,2.677697999999999865e+03,0.000000000000000000e+00,0.000000000000000000e+00,0.000000000000000000e+00,9.896257602270982501e-01
6.530000000000000249e-01,5.195900000000000318e+01,2.394531899999947200e+01,2.671724000000000160e+03,0.000000000000000000e+00,0.000000000000000000e+00,0.000000000000000000e+00,9.896235544671051487e-01
6.540000000000000258e-01,5.189500000000000313e+01,2.393997499999977663e+01,2.665135999999999967e+03,0.000000000000000000e+00,0.000000000000000000e+00,0.000000000000000000e+00,9.896197251632071756e-01
6.550000000000000266e-01,5.185600000000000165e+01,2.382726400000001377e+01,2.661016000000000076e+03,0.000000000000000000e+00,0.000000000000000000e+00,0.000000000000000000e+00,9.895766940487225050e-01
6.560000000000000275e-01,5.180700000000000216e+01,2.387575099999958184e+01,2.656034000000000106e+03,0.000000000000000000e+00,0.000000000000000000e+00,0.000000000000000000e+00,9.895932896260832834e-01
6.570000000000000284e-01,5.175300000000000011e+01,2.375199100000008912e+01,2.650371999999999844e+03,0.000000000000000000e+00,0.000000000000000000e+00,0.000000000000000000e+00,9.895455155402516079e-01
6.580000000000000293e-01,5.168999999999999773e+01,2.384990000000016153e+01,2.644016000000000076e+03,0.000000000000000000e+00,0.000000000000000000e+00,0.000000000000000000e+00,9.895802397441988418e-01
6.590000000000000302e-01,5.163300000000000267e+01,2.390231099999937214e+01,2.638235999999999876e+03,0.000000000000000000e+00,0.000000000000000000e+00,0.000000000000000000e+00,9.895982612556940561e-01
6.600000000000000311e-01,5.157800000000000296e+01,2.391391599999997197e+01,2.632626000000000204e+03,0.000000000000000000e+00,0.000000000000000000e+00,0.000000000000000000e+00,9.896011024638319276e-01
6.610000000000000320e-01,5.152100000000000080e+01,2.381555900000012116e+01,2.626708000000000084e+03,0.000000000000000000e+00,0.000000000000000000e+00,0.000000000000000000e+00,9.895624997326857297e-01
6.620000000000000329e-01,5.147899999999999920e+01,2.374555899999950270e+01,2.622353999999999814e+03,0.000000000000000000e+00,0.000000000000000000e+00,0.000000000000000000e+00,9.895348958789317306e-01
6.630000000000000338e-01,5.142999999999999972e+01,2.375909999999976208e+01,2.617373999999999796e+03,0.000000000000000000e+00,0.000000000000000000e+00,0.000000000000000000e+00,9.895385896851882634e-01
6.640000000000000346e-01,5.138400000000000034e+01,2.375454400000035093e+01,2.612686000000000149e+03,0.000000000000000000e+00,0.000000000000000000e+00,0.000000000000000000e+00,9.895355473766541676e-01
6.650000000000000355e-01,5.134300000000000352e+01,2.375935099999924205e+01,2.608519999999999982e+03,0.000000000000000000e+00,0.000000000000000000e+00,0.000000000000000000e+00,9.895362046896507557e-01
6.660000000000000364e-01,5.129500000000000171e+01,2.367997500000001310e+01,2.603561999999999898e+03,0.000000000000000000e+00,0.000000000000000000e+00,0.000000000000000000e+00,9.895046875456812163e-01
6.670000000000000373e-01,5.123599999999999710e+01,2.364830400000028021e+01,2.597539999999999964e+03,0.000000000000000000e+00,0.000000000000000000e+00,0.000000000000000000e+00,9.894909127498688894e-01
6.680000000000000382e-01,5.117799999999999727e+01,2.361831600000050457e+01,2.591628000000000156e+03,0.000000000000000000e+00,0.000000000000000000e+00,0.000000000000000000e+00,9.894777742853805291e-01
6.690000000000000391e-01,5.112700000000000244e+01,2.353887099999974453e+01,2.586382000000000062e+03,0.000000000000000000e+00,0.000000000000000000e+00,0.000000000000000000e+00,9.894458897238606054e-01
6.700000000000000400e-01,5.106900000000000261e+01,2.348023899999998321e+01,2.580454000000000178e+03,0.000000000000000000e+00,0.000000000000000000e+00,0.000000000000000000e+00,9.894216607900164773e-01
6.710000000000000409e-01,5.101500000000000057e+01,2.339477499999975407e+01,2.574909999999999854e+03,0.000000000000000000e+00,0.000000000000000000e+00,0.000000000000000000e+00,9.893871645621329369e-01
6.720000000000000417e-01,5.097500000000000142e+01,2.350437499999998181e+01,2.570980000000000018e+03,0.000000000000000000e+00,0.000000000000000000e+00,0.000000000000000000e+00,9.894280750476065478e-01
6.730000000000000426e-01,5.092699999999999960e+01,2.342567099999996572e+01,2.566057999999999993e+03,0.000000000000000000e+00,0.000000000000000000e+00,0.000000000000000000e+00,9.893962984796634830e-01
6.740000000000000435e-01,5.088199999999999790e+01,2.345807600000034654e+01,2.561554000000000087e+03,0.000000000000000000e+00,0.000000000000000000e+00,0.000000000000000000e+00,9.894074322744207395e-01
6.750000000000000444e-01,5.082300000000000040e+01,2.345567100000016580e+01,2.555610000000000127e+03,0.000000000000000000e+00,0.000000000000000000e+00,0.000000000000000000e+00,9.894047351121757483e-01
6.760000000000000453e-01,5.078499999999999659e+01,2.351677500000005239e+01,2.551847999999999956e+03,0.000000000000000000e+00,0.000000000000000000e+00,0.000000000000000000e+00,9.894272988802589319e-01
6.770000000000000462e-01,5.073100000000000165e+01,2.342063899999993737e+01,2.546324000000000069e+03,0.000000000000000000e+00,0.000000000000000000e+00,0.000000000000000000e+00,9.893884067551116379e-01
6.780000000000000471e-01,5.068800000000000239e+01,2.336265599999978804e+01,2.541947999999999865e+03,0.000000000000000000e+00,0.000000000000000000e+00,0.000000000000000000e+00,9.893645633058806288e-01
6.790000000000000480e-01,5.063700000000000045e+01,2.348323100000015984e+01,2.536952000000000226e+03,0.000000000000000000e+00,0.000000000000000000e+00,0.000000000000000000e+00,9.894100433264927386e-01
6.800000000000000488e-01,5.057900000000000063e+01,2.340975900000012189e+01,2.531065999999999804e+03,0.000000000000000000e+00,0.000000000000000000e+00,0.000000000000000000e+00,9.893796940310384258e-01
6.810000000000000497e-01,5.052600000000000335e+01,2.331932399999959671e+01,2.525670000000000073e+03,0.000000000000000000e+00,0.000000000000000000e+00,0.000000000000000000e+00,9.893427378393266913e-01
6.820000000000000506e-01,5.048499999999999943e+01,2.333577500000001237e+01,2.521585999999999785e+03,0.000000000000000000e+00,0.000000000000000000e+00,0.000000000000000000e+00,9.893479617915195146e-01
6.830000000000000515e-01,5.042600000000000193e+01,2.338052399999969566e+01,2.515735999999999876e+03,0.000000000000000000e+00,0.000000000000000000e+00,0.000000000000000000e+00,9.893638221548849421e-01
6.840000000000000524e-01,5.037299999999999756e+01,2.345187100000021019e+01,2.510518000000000029e+03,0.000000000000000000e+00,0.000000000000000000e+00,0.000000000000000000e+00,9.893904335704756248e-01
6.850000000000000533e-01,5.032000000000000028e+01,2.344759999999996580e+01,2.505230000000000018e+03,0.000000000000000000e+00,0.000000000000000000e+00,0.000000000000000000e+00,9.893873170374151149e-01
6.860000000000000542e-01,5.028300000000000125e+01,2.342891099999951621e+01,2.501525999999999840e+03,0.000000000000000000e+00,0.000000000000000000e+00,0.000000000000000000e+00,9.893789351067776572e-01
6.870000000000000551e-01,5.023400000000000176e+01,2.339924399999972593e+01,2.496619999999999891e+03,0.000000000000000000e+00,0.000000000000000000e+00,0.000000000000000000e+00,9.893658660072286448e-01
6.880000000000000560e-01,5.017199999999999704e+01,2.334241600000041217e+01,2.490400000000000091e+03,0.000000000000000000e+00,0.000000000000000000e+00,0.000000000000000000e+00,9.893416221664746990e-01
6.890000000000000568e-01,5.012299999999999756e+01,2.320787100000052305e+01,2.485400000000000091e+03,0.000000000000000000e+00,0.000000000000000000e+00,0.000000000000000000e+00,9.892867225574871748e-01
6.900000000000000577e-01,5.006499999999999773e+01,2.304877500000020518e+01,2.479487999999999829e+03,0.000000000000000000e+00,0.000000000000000000e+00,0.000000000000000000e+00,9.892215521799091471e-01
6.910000000000000586e-01,5.000999999999999801e+01,2.306590000000051077e+01,2.474056000000000040e+03,0.000000000000000000e+00,0.000000000000000000e+00,0.000000000000000000e+00,9.892266697630280881e-01
6.920000000000000595e-01,4.995799999999999841e+01,2.307623600000033548e+01,2.468920000000000073e+03,0.000000000000000000e+00,0.000000000000000000e+00,0.000000000000000000e+00,9.892292070677454197e-01
6.930000000000000604e-01,4.991100000000000136e+01,2.304307899999957954e+01,2.464239999999999782e+03,0.000000000000000000e+00,0.000000000000000000e+00,0.000000000000000000e+00,9.892144692835246333e-01
6.940000000000000613e-01,4.985999999999999943e+01,2.302239999999983411e+01,2.459181999999999789e+03,0.000000000000000000e+00,0.000000000000000000e+00,0.000000000000000000e+00,9.892045903419264263e-01
6.950000000000000622e-01,4.980899999999999750e+01,2.313451900000063688e+01,2.454262000000000171e+03,0.000000000000000000e+00,0.000000000000000000e+00,0.000000000000000000e+00,9.892482209019524131e-01
6.960000000000000631e-01,4.975999999999999801e+01,2.316840000000047439e+01,2.449465999999999894e+03,0.000000000000000000e+00,0.000000000000000000e+00,0.000000000000000000e+00,9.892605083177387071e-01
6.970000000000000639e-01,4.970900000000000318e+01,2.312831899999946472e+01,2.444403999999999996e+03,0.000000000000000000e+00,0.000000000000000000e+00,0.000000000000000000e+00,9.892428790820171347e-01
6.980000000000000648e-01,4.964500000000000313e+01,2.309297499999956926e+01,2.438074000000000069e+03,0.000000000000000000e+00,0.000000000000000000e+00,0.000000000000000000e+00,9.892267529715789154e-01
6.990000000000000657e-01,4.960799999999999699e+01,2.311633600000050137e+01,2.434461999999999989e+03,0.000000000000000000e+00,0.000000000000000000e+00,0.000000000000000000e+00,9.892352040643704880e-01
7.000000000000000666e-01,4.955899999999999750e+01,2.315651900000057140e+01,2.429692000000000007e+03,0.000000000000000000e+00,0.000000000000000000e+00,0.000000000000000000e+00,9.892502176914425016e-01
7.010000000000000675e-01,4.950999999999999801e+01,2.310790000000042710e+01,2.424838000000000193e+03,0.000000000000000000e+00,0.000000000000000000e+00,0.000000000000000000e+00,9.892290844948237183e-01
7.020000000000000684e-01,4.946200000000000330e+01,2.310255599999982223e+01,2.420130000000000109e+03,0.000000000000000000e+00,0.000000000000000000e+00,0.000000000000000000e+00,9.892256048499834531e-01
7.030000000000000693e-01,4.942699999999999960e+01,2.301467100000036226e+01,2.416615999999999985e+03,0.000000000000000000e+00,0.000000000000000000e+00,0.000000000000000000e+00,9.891886931123672344e-01
7.039999999999999591e-01,4.938300000000000267e+01,2.307831099999975777e+01,2.412376000000000204e+03,0.000000000000000000e+00,0.000000000000000000e+00,0.000000000000000000e+00,9.892135575113827350e-01
7.049999999999999600e-01,4.933700000000000330e+01,2.310343099999954575e+01,2.407905999999999949e+03,0.000000000000000000e+00,0.000000000000000000e+00,0.000000000000000000e+00,9.892226520886072683e-01
7.059999999999999609e-01,4.928199999999999648e+01,2.306047600000056264e+01,2.402494000000000142e+03,0.000000000000000000e+00,0.000000000000000000e+00,0.000000000000000000e+00,9.892035424730131199e-01
7.069999999999999618e-01,4.924099999999999966e+01,2.299691899999970701e+01,2.398431999999999789e+03,0.000000000000000000e+00,0.000000000000000000e+00,0.000000000000000000e+00,9.891762527763392487e-01
7.079999999999999627e-01,4.918500000000000227e+01,2.320477499999969950e+01,2.393184000000000196e+03,0.000000000000000000e+00,0.000000000000000000e+00,0.000000000000000000e+00,9.892606608796886691e-01
7.089999999999999636e-01,4.913100000000000023e+01,2.322983900000008362e+01,2.387954000000000178e+03,0.000000000000000000e+00,0.000000000000000000e+00,0.000000000000000000e+00,9.892697948831074006e-01
7.099999999999999645e-01,4.907699999999999818e+01,2.327107100000057471e+01,2.382746000000000095e+03,0.000000000000000000e+00,0.000000000000000000e+00,0.000000000000000000e+00,9.892857078606920318e-01
7.109999999999999654e-01,4.903199999999999648e+01,2.316097600000057355e+01,2.378266000000000076e+03,0.000000000000000000e+00,0.000000000000000000e+00,0.000000000000000000e+00,9.892389561236590856e-01
7.119999999999999662e-01,4.898199999999999932e+01,2.320967599999994491e+01,2.373463999999999942e+03,0.000000000000000000e+00,0.000000000000000000e+00,0.000000000000000000e+00,9.892581136163225430e-01
7.129999999999999671e-01,4.892900000000000205e+01,2.316195900000002439e+01,2.368280000000000200e+03,0.000000000000000000e+00,0.000000000000000000e+00,0.000000000000000000e+00,9.892370364664024862e-01
7.139999999999999680e-01,4.888400000000000034e+01,2.326454399999965972e+01,2.364025999999999840e+03,0.000000000000000000e+00,0.000000000000000000e+00,0.000000000000000000e+00,9.892789719346548605e-01
7.149999999999999689e-01,4.883299999999999841e+01,2.321511099999997896e+01,2.359043999999999869e+03,0.000000000000000000e+00,0.000000000000000000e+00,0.000000000000000000e+00,9.892572237942114377e-01
7.159999999999999698e-01,4.877799999999999869e+01,2.318871600000011313e+01,2.353704000000000178e+03,0.000000000000000000e+00,0.000000000000000000e+00,0.000000000000000000e+00,9.892450064176284696e-01
7.169999999999999707e-01,4.874099999999999966e+01,2.307591899999988527e+01,2.350019999999999982e+03,0.000000000000000000e+00,0.000000000000000000e+00,0.000000000000000000e+00,9.891967663537303279e-01
7.179999999999999716e-01,4.869299999999999784e+01,2.293475100000023303e+01,2.345250000000000000e+03,0.000000000000000000e+00,0.000000000000000000e+00,0.000000000000000000e+00,9.891361622167009759e-01
7.189999999999999725e-01,4.864900000000000091e+01,2.302979899999991176e+01,2.341106000000000222e+03,0.000000000000000000e+00,0.000000000000000000e+00,0.000000000000000000e+00,9.891752532194378889e-01
7.199999999999999734e-01,4.860000000000000142e+01,2.302199999999993452e+01,2.336382000000000062e+03,0.000000000000000000e+00,0.000000000000000000e+00,0.000000000000000000e+00,9.891708581008992196e-01
7.209999999999999742e-01,4.856099999999999994e+01,2.304627900000014051e+01,2.332655999999999949e+03,0.000000000000000000e+00,0.000000000000000000e+00,0.000000000000000000e+00,9.891802909887794648e-01
7.219999999999999751e-01,4.851599999999999824e+01,2.307174400000030801e+01,2.328358000000000175e+03,0.000000000000000000e+00,0.000000000000000000e+00,0.000000000000000000e+00,9.891901471607733587e-01
7.229999999999999760e-01,4.846300000000000097e+01,2.310463100000015402e+01,2.323304000000000087e+03,0.000000000000000000e+00,0.000000000000000000e+00,0.000000000000000000e+00,9.892030590115015176e-01
7.239999999999999769e-01,4.841299999999999670e+01,2.298043100000040795e+01,2.318385999999999967e+03,0.000000000000000000e+00,0.000000000000000000e+00,0.000000000000000000e+00,9.891490880154386600e-01
7.249999999999999778e-01,4.836200000000000188e+01,2.302095599999984188e+01,2.313541999999999916e+03,0.000000000000000000e+00,0.000000000000000000e+00,0.000000000000000000e+00,9.891653222827844205e-01
7.259999999999999787e-01,4.831000000000000227e+01,2.309989999999970678e+01,2.308646000000000186e+03,0.000000000000000000e+00,0.000000000000000000e+00,0.000000000000000000e+00,9.891980915190100587e-01
7.269999999999999796e-01,4.825600000000000023e+01,2.317246399999976347e+01,2.303557999999999993e+03,0.000000000000000000e+00,0.000000000000000000e+00,0.000000000000000000e+00,9.892282536353418365e-01
7.279999999999999805e-01,4.820799999999999841e+01,2.318873600000051738e+01,2.298992000000000189e+03,0.000000000000000000e+00,0.000000000000000000e+00,0.000000000000000000e+00,9.892344480478388880e-01
7.289999999999999813e-01,4.816799999999999926e+01,2.317577600000049642e+01,2.295164000000000215e+03,0.000000000000000000e+00,0.000000000000000000e+00,0.000000000000000000e+00,9.892282150048876677e-01
7.299999999999999822e-01,4.812199999999999989e+01,2.312511599999970713e+01,2.290730000000000018e+03,0.000000000000000000e+00,0.000000000000000000e+00,0.000000000000000000e+00,9.892055992558057564e-01
7.309999999999999831e-01,4.808100000000000307e+01,2.304243899999983114e+01,2.286744000000000142e+03,0.000000000000000000e+00,0.000000000000000000e+00,0.000000000000000000e+00,9.891691539583336024e-01
7.319999999999999840e-01,4.803399999999999892e+01,2.294684400000005553e+01,2.282177999999999884e+03,0.000000000000000000e+00,0.000000000000000000e+00,0.000000000000000000e+00,9.891268864634993330e-01
7.329999999999999849e-01,4.798700000000000188e+01,2.294083099999988917e+01,2.277706000000000131e+03,0.000000000000000000e+00,0.000000000000000000e+00,0.000000000000000000e+00,9.891233762203438529e-01
7.339999999999999858e-01,4.793699999999999761e+01,2.292903100000012273e+01,2.272947999999999865e+03,0.000000000000000000e+00,0.000000000000000000e+00,0.000000000000000000e+00,9.891172984437632820e-01
7.349999999999999867e-01,4.789800000000000324e+01,2.291959599999972852e+01,2.269239999999999782e+03,0.000000000000000000e+00,0.000000000000000000e+00,0.000000000000000000e+00,9.891124559211754708e-01
7.359999999999999876e-01,4.785000000000000142e+01,2.297350000000005821e+01,2.264746000000000095e+03,0.000000000000000000e+00,0.000000000000000000e+00,0.000000000000000000e+00,9.891351085167970902e-01
7.369999999999999885e-01,4.780700000000000216e+01,2.297175099999958547e+01,2.260673999999999978e+03,0.000000000000000000e+00,0.000000000000000000e+00,0.000000000000000000e+00,9.891336038080499327e-01
7.379999999999999893e-01,4.776299999999999812e+01,2.292683099999976548e+01,2.256467999999999847e+03,0.000000000000000000e+00,0.000000000000000000e+00,0.000000000000000000e+00,9.891131707303690845e-01
7.389999999999999902e-01,4.771300000000000097e+01,2.296663100000023405e+01,2.251784000000000106e+03,0.000000000000000000e+00,0.000000000000000000e+00,0.000000000000000000e+00,9.891297874445355021e-01
7.399999999999999911e-01,4.765899999999999892e+01,2.296271900000056121e+01,2.246684000000000196e+03,0.000000000000000000e+00,0.000000000000000000e+00,0.000000000000000000e+00,9.891271923039118841e-01
7.409999999999999920e-01,4.759700000000000131e+01,2.302859100000023318e+01,2.240905999999999949e+03,0.000000000000000000e+00,0.000000000000000000e+00,0.000000000000000000e+00,9.891552917559353064e-01
7.419999999999999929e-01,4.754500000000000171e+01,2.301997499999970387e+01,2.236001999999999953e+03,0.000000000000000000e+00,0.000000000000000000e+00,0.000000000000000000e+00,9.891507490382689394e-01
7.429999999999999938e-01,4.749799999999999756e+01,2.311799599999994825e+01,2.231679999999999836e+03,0.000000000000000000e+00,0.000000000000000000e+00,0.000000000000000000e+00,9.891935480630947852e-01
7.439999999999999947e-01,4.745199999999999818e+01,2.304969600000049468e+01,2.227289999999999964e+03,0.000000000000000000e+00,0.000000000000000000e+00,0.000000000000000000e+00,9.891626826824204688e-01
7.449999999999999956e-01,4.740500000000000114e+01,2.305897499999991851e+01,2.222887999999999920e+03,0.000000000000000000e+00,0.000000000000000000e+00,0.000000000000000000e+00,9.891662262456175636e-01
7.459999999999999964e-01,4.736399999999999721e+01,2.311150400000042282e+01,2.219096000000000004e+03,0.000000000000000000e+00,0.000000000000000000e+00,0.000000000000000000e+00,9.891891536053167844e-01
7.469999999999999973e-01,4.732300000000000040e+01,2.310267100000010032e+01,2.215246000000000095e+03,0.000000000000000000e+00,0.000000000000000000e+00,0.000000000000000000e+00,9.891847764414413158e-01
7.479999999999999982e-01,4.727000000000000313e+01,2.308309999999983120e+01,2.210266000000000076e+03,0.000000000000000000e+00,0.000000000000000000e+00,0.000000000000000000e+00,9.891754710963027719e-01
7.489999999999999991e-01,4.721800000000000352e+01,2.307847599999968224e+01,2.205400000000000091e+03,0.000000000000000000e+00,0.000000000000000000e+00,0.000000000000000000e+00,9.891728656342939630e-01
7.500000000000000000e-01,4.717399999999999949e+01,2.314572400000042762e+01,2.201358000000000175e+03,0.000000000000000000e+00,0.000000000000000000e+00,0.000000000000000000e+00,9.892026493291812272e-01
7.510000000000000009e-01,4.712100000000000222e+01,2.313835900000003676e+01,2.196405999999999949e+03,0.000000000000000000e+00,0.000000000000000000e+00,0.000000000000000000e+00,9.891988994371728738e-01
7.520000000000000018e-01,4.707800000000000296e+01,2.312591599999950631e+01,2.192385999999999967e+03,0.000000000000000000e+00,0.000000000000000000e+00,0.000000000000000000e+00,9.891929466118398739e-01
7.530000000000000027e-01,4.704099999999999682e+01,2.311531900000045425e+01,2.188929999999999836e+03,0.000000000000000000e+00,0.000000000000000000e+00,0.000000000000000000e+00,9.891878710367647543e-01
7.540000000000000036e-01,4.699900000000000233e+01,2.313099899999951958e+01,2.185038000000000011e+03,0.000000000000000000e+00,0.000000000000000000e+00,0.000000000000000000e+00,9.891946506600122202e-01
7.550000000000000044e-01,4.696699999999999875e+01,2.307391099999995276e+01,2.182005999999999858e+03,0.000000000000000000e+00,0.000000000000000000e+00,0.000000000000000000e+00,9.891685484983668841e-01
7.560000000000000053e-01,4.692199999999999704e+01,2.299791600000025937e+01,2.177750000000000000e+03,0.000000000000000000e+00,0.000000000000000000e+00,0.000000000000000000e+00,9.891336850563574590e-01
7.570000000000000062e-01,4.687299999999999756e+01,2.305287099999986822e+01,2.173257999999999811e+03,0.000000000000000000e+00,0.000000000000000000e+00,0.000000000000000000e+00,9.891582694827325550e-01
7.580000000000000071e-01,4.682500000000000284e+01,2.304637499999989814e+01,2.168802000000000135e+03,0.000000000000000000e+00,0.000000000000000000e+00,0.000000000000000000e+00,9.891549598090606521e-01
7.590000000000000080e-01,4.677700000000000102e+01,2.290327099999967686e+01,2.164213999999999942e+03,0.000000000000000000e+00,0.000000000000000000e+00,0.000000000000000000e+00,9.890892267784385794e-01
7.600000000000000089e-01,4.672999999999999687e+01,2.284310000000050422e+01,2.159806000000000040e+03,0.000000000000000000e+00,0.000000000000000000e+00,0.000000000000000000e+00,9.890612365868847178e-01
7.610000000000000098e-01,4.667799999999999727e+01,2.279631600000038816e+01,2.154954000000000178e+03,0.000000000000000000e+00,0.000000000000000000e+00,0.000000000000000000e+00,9.890392450539654545e-01
7.620000000000000107e-01,4.663499999999999801e+01,2.286777500000061991e+01,2.151056000000000040e+03,0.000000000000000000e+00,0.000000000000000000e+00,0.000000000000000000e+00,9.890716520189820615e-01
7.630000000000000115e-01,4.657200000000000273e+01,2.280481599999984610e+01,2.145184000000000196e+03,0.000000000000000000e+00,0.000000000000000000e+00,0.000000000000000000e+00,9.890420844068198436e-01
7.640000000000000124e-01,4.653399999999999892e+01,2.291684399999985544e+01,2.141795999999999822e+03,0.000000000000000000e+00,0.000000000000000000e+00,0.000000000000000000e+00,9.890934642497386520e-01
7.650000000000000133e-01,4.648599999999999710e+01,2.293380400000023656e+01,2.137396000000000186e+03,0.000000000000000000e+00,0.000000000000000000e+00,0.000000000000000000e+00,9.891009899989293697e-01
7.660000000000000142e-01,4.642499999999999716e+01,2.301437500000020009e+01,2.131869999999999891e+03,0.000000000000000000e+00,0.000000000000000000e+00,0.000000000000000000e+00,9.891380153802478148e-01
7.670000000000000151e-01,4.636299999999999955e+01,2.296123100000022532e+01,2.126126000000000204e+03,0.000000000000000000e+00,0.000000000000000000e+00,0.000000000000000000e+00,9.891130650473585195e-01
7.680000000000000160e-01,4.631400000000000006e+01,2.297940399999970396e+01,2.121652000000000044e+03,0.000000000000000000e+00,0.000000000000000000e+00,0.000000000000000000e+00,9.891213324859395861e-01
7.690000000000000169e-01,4.627900000000000347e+01,2.301715899999953763e+01,2.118483999999999924e+03,0.000000000000000000e+00,0.000000000000000000e+00,0.000000000000000000e+00,9.891388415213920871e-01
7.700000000000000178e-01,4.623799999999999955e+01,2.306535600000006525e+01,2.114780000000000200e+03,0.000000000000000000e+00,0.000000000000000000e+00,0.000000000000000000e+00,9.891612921993234719e-01
7.710000000000000187e-01,4.618900000000000006e+01,2.308327899999994770e+01,2.110318000000000211e+03,0.000000000000000000e+00,0.000000000000000000e+00,0.000000000000000000e+00,9.891696521546270437e-01
7.720000000000000195e-01,4.614200000000000301e+01,2.309383599999955550e+01,2.106036000000000058e+03,0.000000000000000000e+00,0.000000000000000000e+00,0.000000000000000000e+00,9.891746111357576643e-01
7.730000000000000204e-01,4.609799999999999898e+01,2.314039600000023711e+01,2.102068000000000211e+03,0.000000000000000000e+00,0.000000000000000000e+00,0.000000000000000000e+00,9.891965518171705884e-01
7.740000000000000213e-01,4.603900000000000148e+01,2.324547899999970468e+01,2.096795999999999822e+03,0.000000000000000000e+00,0.000000000000000000e+00,0.000000000000000000e+00,9.892462569878875955e-01
7.750000000000000222e-01,4.598400000000000176e+01,2.327174399999967136e+01,2.091815999999999804e+03,0.000000000000000000e+00,0.000000000000000000e+00,0.000000000000000000e+00,9.892589489236883749e-01
7.760000000000000231e-01,4.593099999999999739e+01,2.334023900000011054e+01,2.087065999999999804e+03,0.000000000000000000e+00,0.000000000000000000e+00,0.000000000000000000e+00,9.892917362588918850e-01
7.770000000000000240e-01,4.589099999999999824e+01,2.336911900000040987e+01,2.083461999999999989e+03,0.000000000000000000e+00,0.000000000000000000e+00,0.000000000000000000e+00,9.893057676256736821e-01
7.780000000000000249e-01,4.582900000000000063e+01,2.340975900000012189e+01,2.077878000000000156e+03,0.000000000000000000e+00,0.000000000000000000e+00,0.000000000000000000e+00,9.893256818309555944e-01
7.790000000000000258e-01,4.577900000000000347e+01,2.347615899999982503e+01,2.073414000000000215e+03,0.000000000000000000e+00,0.000000000000000000e+00,0.000000000000000000e+00,9.893578938892536589e-01
7.800000000000000266e-01,4.573799999999999955e+01,2.354935599999953411e+01,2.069775999999999840e+03,0.000000000000000000e+00,0.000000000000000000e+00,0.000000000000000000e+00,9.893933943560471178e-01
7.810000000000000275e-01,4.568299999999999983e+01,2.365851099999963481e+01,2.064911999999999807e+03,0.000000000000000000e+00,0.000000000000000000e+00,0.000000000000000000e+00,9.894464977175448928e-01
7.820000000000000284e-01,4.563600000000000279e+01,2.370550399999956426e+01,2.060713999999999942e+03,0.000000000000000000e+00,0.000000000000000000e+00,0.000000000000000000e+00,9.894698802209782595e-01
7.830000000000000293e-01,4.558400000000000318e+01,2.367694399999982124e+01,2.055994000000000142e+03,0.000000000000000000e+00,0.000000000000000000e+00,0.000000000000000000e+00,9.894571226398183317e-01
7.840000000000000302e-01,4.552900000000000347e+01,2.367115899999998874e+01,2.051032000000000153e+03,0.000000000000000000e+00,0.000000000000000000e+00,0.000000000000000000e+00,9.894553774312215833e-01
7.850000000000000311e-01,4.548100000000000165e+01,2.370163899999988644e+01,2.046741999999999962e+03,0.000000000000000000e+00,0.000000000000000000e+00,0.000000000000000000e+00,9.894710485419057067e-01
7.860000000000000320e-01,4.543900000000000006e+01,2.373827899999969304e+01,2.043001999999999953e+03,0.000000000000000000e+00,0.000000000000000000e+00,0.000000000000000000e+00,9.894896631949563481e-01
7.870000000000000329e-01,4.539999999999999858e+01,2.374000000000023647e+01,2.039500000000000000e+03,0.000000000000000000e+00,0.000000000000000000e+00,0.000000000000000000e+00,9.894913543829688685e-01
7.880000000000000338e-01,4.536399999999999721e+01,2.374950399999988804e+01,2.036278000000000020e+03,0.000000000000000000e+00,0.000000000000000000e+00,0.000000000000000000e+00,9.894967807881058786e-01
7.890000000000000346e-01,4.531499999999999773e+01,2.368977500000028158e+01,2.031824000000000069e+03,0.000000000000000000e+00,0.000000000000000000e+00,0.000000000000000000e+00,9.894688289650795943e-01
7.900000000000000355e-01,4.527900000000000347e+01,2.371715899999981048e+01,2.028625999999999976e+03,0.000000000000000000e+00,0.000000000000000000e+00,0.000000000000000000e+00,9.894829924513242059e-01
7.910000000000000364e-01,4.522699999999999676e+01,2.368547100000023420e+01,2.023940000000000055e+03,0.000000000000000000e+00,0.000000000000000000e+00,0.000000000000000000e+00,9.894687247503374250e-01
7.920000000000000373e-01,4.517600000000000193e+01,2.367902400000002672e+01,2.019374000000000024e+03,0.000000000000000000e+00,0.000000000000000000e+00,0.000000000000000000e+00,9.894667638215263183e-01
7.930000000000000382e-01,4.511999999999999744e+01,2.364160000000038053e+01,2.014336000000000013e+03,0.000000000000000000e+00,0.000000000000000000e+00,0.000000000000000000e+00,9.894497258689202157e-01
7.940000000000000391e-01,4.507399999999999807e+01,2.362052400000015950e+01,2.010211999999999989e+03,0.000000000000000000e+00,0.000000000000000000e+00,0.000000000000000000e+00,9.894404486105468077e-01
7.950000000000000400e-01,4.503399999999999892e+01,2.364884400000005371e+01,2.006675999999999931e+03,0.000000000000000000e+00,0.000000000000000000e+00,0.000000000000000000e+00,9.894553692640223330e-01
7.960000000000000409e-01,4.499000000000000199e+01,2.357189999999991414e+01,2.002682000000000016e+03,0.000000000000000000e+00,0.000000000000000000e+00,0.000000000000000000e+00,9.894184581088651953e-01
7.970000000000000417e-01,4.493900000000000006e+01,2.343327900000008412e+01,1.998008000000000038e+03,0.000000000000000000e+00,0.000000000000000000e+00,0.000000000000000000e+00,9.893510399179902270e-01
7.980000000000000426e-01,4.490400000000000347e+01,2.343078399999967587e+01,1.994895999999999958e+03,0.000000000000000000e+00,0.000000000000000000e+00,0.000000000000000000e+00,9.893505535446538435e-01
7.990000000000000435e-01,4.485999999999999943e+01,2.350239999999985230e+01,1.991061999999999898e+03,0.000000000000000000e+00,0.000000000000000000e+00,0.000000000000000000e+00,9.893871039618178376e-01
8.000000000000000444e-01,4.481499999999999773e+01,2.368077500000026703e+01,1.987250000000000000e+03,0.000000000000000000e+00,0.000000000000000000e+00,0.000000000000000000e+00,9.894770010952461670e-01
8.010000000000000453e-01,4.477100000000000080e+01,2.372655899999972462e+01,1.983397999999999911e+03,0.000000000000000000e+00,0.000000000000000000e+00,0.000000000000000000e+00,9.895010998721912587e-01
8.020000000000000462e-01,4.473199999999999932e+01,2.368017600000007405e+01,1.979900000000000091e+03,0.000000000000000000e+00,0.000000000000000000e+00,0.000000000000000000e+00,9.894790950249285899e-01
8.030000000000000471e-01,4.468599999999999994e+01,2.366540399999985311e+01,1.975817999999999984e+03,0.000000000000000000e+00,0.000000000000000000e+00,0.000000000000000000e+00,9.894730620481255734e-01
8.040000000000000480e-01,4.463300000000000267e+01,2.369031099999983780e+01,1.971162000000000035e+03,0.000000000000000000e+00,0.000000000000000000e+00,0.000000000000000000e+00,9.894871544072750824e-01
8.050000000000000488e-01,4.459700000000000131e+01,2.372059100000001308e+01,1.968016000000000076e+03,0.000000000000000000e+00,0.000000000000000000e+00,0.000000000000000000e+00,9.895035000860119556e-01
8.060000000000000497e-01,4.455700000000000216e+01,2.367875099999992017e+01,1.964448000000000093e+03,0.000000000000000000e+00,0.000000000000000000e+00,0.000000000000000000e+00,9.894837188545124729e-01
8.070000000000000506e-01,4.452300000000000324e+01,2.362947099999951206e+01,1.961403999999999996e+03,0.000000000000000000e+00,0.000000000000000000e+00,0.000000000000000000e+00,9.894599429730710494e-01
8.080000000000000515e-01,4.447599999999999909e+01,2.364542400000027556e+01,1.957284000000000106e+03,0.000000000000000000e+00,0.000000000000000000e+00,0.000000000000000000e+00,9.894694795474779925e-01
8.090000000000000524e-01,4.443200000000000216e+01,2.363937599999985650e+01,1.953410000000000082e+03,0.000000000000000000e+00,0.000000000000000000e+00,0.000000000000000000e+00,9.894678369143935504e-01
8.100000000000000533e-01,4.437800000000000011e+01,2.360711599999990540e+01,1.948635999999999967e+03,0.000000000000000000e+00,0.000000000000000000e+00,0.000000000000000000e+00,9.894532287011138516e-01
8.110000000000000542e-01,4.434000000000000341e+01,2.364039999999954489e+01,1.945336000000000013e+03,0.000000000000000000e+00,0.000000000000000000e+00,0.000000000000000000e+00,9.894714012299673511e-01
8.120000000000000551e-01,4.428999999999999915e+01,2.357989999999995234e+01,1.940894000000000005e+03,0.000000000000000000e+00,0.000000000000000000e+00,0.000000000000000000e+00,9.894422630947804498e-01
8.130000000000000560e-01,4.424000000000000199e+01,2.362439999999969586e+01,1.936561999999999898e+03,0.000000000000000000e+00,0.000000000000000000e+00,0.000000000000000000e+00,9.894666687376759695e-01
8.140000000000000568e-01,4.418999999999999773e+01,2.359390000000030341e+01,1.932160000000000082e+03,0.000000000000000000e+00,0.000000000000000000e+00,0.000000000000000000e+00,9.894528046794990317e-01
8.150000000000000577e-01,4.414300000000000068e+01,2.355455099999994673e+01,1.928016000000000076e+03,0.000000000000000000e+00,0.000000000000000000e+00,0.000000000000000000e+00,9.894342594719180983e-01
8.160000000000000586e-01,4.410399999999999920e+01,2.355118399999992107e+01,1.924609999999999900e+03,0.000000000000000000e+00,0.000000000000000000e+00,0.000000000000000000e+00,9.894338839757050863e-01
8.170000000000000595e-01,4.405199999999999960e+01,2.352929599999993115e+01,1.920056000000000040e+03,0.000000000000000000e+00,0.000000000000000000e+00,0.000000000000000000e+00,9.894244412980015557e-01
8.180000000000000604e-01,4.399300000000000210e+01,2.351695099999960803e+01,1.914907999999999902e+03,0.000000000000000000e+00,0.000000000000000000e+00,0.000000000000000000e+00,9.894201623648907207e-01
8.190000000000000613e-01,4.394800000000000040e+01,2.346129600000017490e+01,1.910940000000000055e+03,0.000000000000000000e+00,0.000000000000000000e+00,0.000000000000000000e+00,9.893929684426688853e-01
8.200000000000000622e-01,4.391400000000000148e+01,2.355060399999979381e+01,1.908076000000000022e+03,0.000000000000000000e+00,0.000000000000000000e+00,0.000000000000000000e+00,9.894404791551976164e-01
8.210000000000000631e-01,4.387299999999999756e+01,2.350287100000036844e+01,1.904470000000000027e+03,0.000000000000000000e+00,0.000000000000000000e+00,0.000000000000000000e+00,9.894172359080115609e-01
8.220000000000000639e-01,4.382399999999999807e+01,2.347502400000030320e+01,1.900193999999999960e+03,0.000000000000000000e+00,0.000000000000000000e+00,0.000000000000000000e+00,9.894045713872118286e-01
8.230000000000000648e-01,4.377300000000000324e+01,2.346547099999975217e+01,1.895768000000000029e+03,0.000000000000000000e+00,0.000000000000000000e+00,0.000000000000000000e+00,9.894014986921738641e-01
8.240000000000000657e-01,4.373899999999999721e+01,2.346087900000020454e+01,1.892821999999999889e+03,0.000000000000000000e+00,0.000000000000000000e+00,0.000000000000000000e+00,9.894003869544474306e-01
8.250000000000000666e-01,4.368500000000000227e+01,2.344377499999973224e+01,1.888137999999999920e+03,0.000000000000000000e+00,0.000000000000000000e+00,0.000000000000000000e+00,9.893934996069765342e-01
8.260000000000000675e-01,4.364699999999999847e+01,2.346039100000007238e+01,1.884874000000000024e+03,0.000000000000000000e+00,0.000000000000000000e+00,0.000000000000000000e+00,9.894036919851090239e-01
8.270000000000000684e-01,4.359799999999999898e+01,2.341639600000007704e+01,1.880604000000000042e+03,0.000000000000000000e+00,0.000000000000000000e+00,0.000000000000000000e+00,9.893824932398846972e-01
8.280000000000000693e-01,4.356199999999999761e+01,2.340615600000000995e+01,1.877491999999999962e+03,0.000000000000000000e+00,0.000000000000000000e+00,0.000000000000000000e+00,9.893785118963306369e-01
8.290000000000000702e-01,4.351800000000000068e+01,2.348167599999987942e+01,1.873779999999999973e+03,0.000000000000000000e+00,0.000000000000000000e+00,0.000000000000000000e+00,9.894201334384525870e-01
8.300000000000000711e-01,4.346500000000000341e+01,2.344277499999952852e+01,1.869183999999999969e+03,0.000000000000000000e+00,0.000000000000000000e+00,0.000000000000000000e+00,9.894017790461174799e-01
8.310000000000000719e-01,4.342300000000000182e+01,2.351007099999992533e+01,1.865644000000000005e+03,0.000000000000000000e+00,0.000000000000000000e+00,0.000000000000000000e+00,9.894392321474160257e-01
8.320000000000000728e-01,4.337899999999999778e+01,2.350135900000009315e+01,1.861859999999999900e+03,0.000000000000000000e+00,0.000000000000000000e+00,0.000000000000000000e+00,9.894365502571143001e-01
8.329999999999999627e-01,4.333200000000000074e+01,2.357577599999990525e+01,1.857905999999999949e+03,0.000000000000000000e+00,0.000000000000000000e+00,0.000000000000000000e+00,9.894782864843958414e-01
8.339999999999999636e-01,4.329299999999999926e+01,2.348515100000008715e+01,1.854476000000000113e+03,0.000000000000000000e+00,0.000000000000000000e+00,0.000000000000000000e+00,9.894317773636218671e-01
8.349999999999999645e-01,4.324699999999999989e+01,2.339199100000018916e+01,1.850448000000000093e+03,0.000000000000000000e+00,0.000000000000000000e+00,0.000000000000000000e+00,9.893840683009883508e-01
8.359999999999999654e-01,4.320100000000000051e+01,2.340459899999996196e+01,1.846529999999999973e+03,0.000000000000000000e+00,0.000000000000000000e+00,0.000000000000000000e+00,9.893928516526407924e-01
8.369999999999999662e-01,4.317199999999999704e+01,2.339441600000031940e+01,1.844044000000000096e+03,0.000000000000000000e+00,0.000000000000000000e+00,0.000000000000000000e+00,9.893886924747622436e-01
8.379999999999999671e-01,4.313400000000000034e+01,2.335204399999997804e+01,1.840759999999999991e+03,0.000000000000000000e+00,0.000000000000000000e+00,0.000000000000000000e+00,9.893676377809133005e-01
8.389999999999999680e-01,4.308899999999999864e+01,2.334707900000012160e+01,1.836920000000000073e+03,0.000000000000000000e+00,0.000000000000000000e+00,0.000000000000000000e+00,9.893669812599125146e-01
8.399999999999999689e-01,4.304500000000000171e+01,2.330897499999991851e+01,1.833135999999999967e+03,0.000000000000000000e+00,0.000000000000000000e+00,0.000000000000000000e+00,9.893484143892775640e-01
8.409999999999999698e-01,4.300500000000000256e+01,2.331097500000009859e+01,1.829736000000000104e+03,0.000000000000000000e+00,0.000000000000000000e+00,0.000000000000000000e+00,9.893513002742561069e-01
8.419999999999999707e-01,4.296500000000000341e+01,2.329377499999964130e+01,1.826319999999999936e+03,0.000000000000000000e+00,0.000000000000000000e+00,0.000000000000000000e+00,9.893438144593562633e-01
8.429999999999999716e-01,4.290999999999999659e+01,2.315590000000020154e+01,1.821513999999999896e+03,0.000000000000000000e+00,0.000000000000000000e+00,0.000000000000000000e+00,9.892714700265540229e-01
8.439999999999999725e-01,4.286200000000000188e+01,2.315095599999995102e+01,1.817440000000000055e+03,0.000000000000000000e+00,0.000000000000000000e+00,0.000000000000000000e+00,9.892708636753766438e-01
8.449999999999999734e-01,4.282900000000000063e+01,2.320975899999984904e+01,1.814703999999999951e+03,0.000000000000000000e+00,0.000000000000000000e+00,0.000000000000000000e+00,9.893043709192146373e-01
8.459999999999999742e-01,4.278600000000000136e+01,2.316820399999983238e+01,1.811023999999999887e+03,0.000000000000000000e+00,0.000000000000000000e+00,0.000000000000000000e+00,9.892836512075351418e-01
8.469999999999999751e-01,4.274499999999999744e+01,2.319997499999999491e+01,1.807589999999999918e+03,0.000000000000000000e+00,0.000000000000000000e+00,0.000000000000000000e+00,9.893029115349589730e-01
8.479999999999999760e-01,4.269899999999999807e+01,2.316039900000009766e+01,1.803665999999999940e+03,0.000000000000000000e+00,0.000000000000000000e+00,0.000000000000000000e+00,9.892833744554596631e-01
8.489999999999999769e-01,4.266899999999999693e+01,2.316543900000056055e+01,1.801140000000000100e+03,0.000000000000000000e+00,0.000000000000000000e+00,0.000000000000000000e+00,9.892875456691330172e-01
8.499999999999999778e-01,4.262400000000000233e+01,2.309662399999979243e+01,1.797278000000000020e+03,0.000000000000000000e+00,0.000000000000000000e+00,0.000000000000000000e+00,9.892518063530871819e-01
8.509999999999999787e-01,4.256700000000000017e+01,2.319751099999984945e+01,1.792579999999999927e+03,0.000000000000000000e+00,0.000000000000000000e+00,0.000000000000000000e+00,9.893101385454790009e-01
8.519999999999999796e-01,4.251400000000000290e+01,2.314180399999963811e+01,1.788067999999999984e+03,0.000000000000000000e+00,0.000000000000000000e+00,0.000000000000000000e+00,9.892819712414980815e-01
8.529999999999999805e-01,4.247399999999999665e+01,2.319732400000020789e+01,1.784763999999999896e+03,0.000000000000000000e+00,0.000000000000000000e+00,0.000000000000000000e+00,9.893147220811335796e-01
8.539999999999999813e-01,4.242399999999999949e+01,2.320622400000002017e+01,1.780577999999999975e+03,0.000000000000000000e+00,0.000000000000000000e+00,0.000000000000000000e+00,9.893222463035717951e-01
8.549999999999999822e-01,4.238100000000000023e+01,2.315583900000001449e+01,1.776923999999999978e+03,0.000000000000000000e+00,0.000000000000000000e+00,0.000000000000000000e+00,9.892964563203110462e-01
8.559999999999999831e-01,4.234100000000000108e+01,2.309671899999989364e+01,1.773516000000000076e+03,0.000000000000000000e+00,0.000000000000000000e+00,0.000000000000000000e+00,9.892655581429629086e-01
8.569999999999999840e-01,4.230599999999999739e+01,2.312436400000024150e+01,1.770615999999999985e+03,0.000000000000000000e+00,0.000000000000000000e+00,0.000000000000000000e+00,9.892827906271747240e-01
8.579999999999999849e-01,4.225399999999999778e+01,2.314748400000007678e+01,1.766294000000000096e+03,0.000000000000000000e+00,0.000000000000000000e+00,0.000000000000000000e+00,9.892984706631506864e-01
8.589999999999999858e-01,4.221600000000000108e+01,2.304934399999979178e+01,1.763023999999999887e+03,0.000000000000000000e+00,0.000000000000000000e+00,0.000000000000000000e+00,9.892454514137010158e-01
8.599999999999999867e-01,4.216899999999999693e+01,2.303443900000024769e+01,1.759089999999999918e+03,0.000000000000000000e+00,0.000000000000000000e+00,0.000000000000000000e+00,9.892395137151634987e-01
8.609999999999999876e-01,4.212599999999999767e+01,2.304812400000014350e+01,1.755521999999999935e+03,0.000000000000000000e+00,0.000000000000000000e+00,0.000000000000000000e+00,9.892494774410770519e-01
8.619999999999999885e-01,4.209700000000000131e+01,2.302559099999984937e+01,1.753086000000000013e+03,0.000000000000000000e+00,0.000000000000000000e+00,0.000000000000000000e+00,9.892383098120151041e-01
8.629999999999999893e-01,4.206300000000000239e+01,2.307903099999975893e+01,1.750311999999999898e+03,0.000000000000000000e+00,0.000000000000000000e+00,0.000000000000000000e+00,9.892703259756308043e-01
8.639999999999999902e-01,4.201400000000000290e+01,2.303980399999954898e+01,1.746201999999999998e+03,0.000000000000000000e+00,0.000000000000000000e+00,0.000000000000000000e+00,9.892508203753274110e-01
8.649999999999999911e-01,4.197500000000000142e+01,2.289837499999975989e+01,1.742824000000000069e+03,0.000000000000000000e+00,0.000000000000000000e+00,0.000000000000000000e+00,9.891727009291456651e-01
8.659999999999999920e-01,4.191899999999999693e+01,2.285243900000023132e+01,1.738135999999999967e+03,0.000000000000000000e+00,0.000000000000000000e+00,0.000000000000000000e+00,9.891494803028574312e-01
8.669999999999999929e-01,4.187700000000000244e+01,2.287387099999978091e+01,1.734680000000000064e+03,0.000000000000000000e+00,0.000000000000000000e+00,0.000000000000000000e+00,9.891638753399901729e-01
8.679999999999999938e-01,4.183200000000000074e+01,2.292977599999994709e+01,1.731013999999999896e+03,0.000000000000000000e+00,0.000000000000000000e+00,0.000000000000000000e+00,9.891982120396638489e-01
8.689999999999999947e-01,4.178099999999999881e+01,2.298503900000014255e+01,1.726855999999999995e+03,0.000000000000000000e+00,0.000000000000000000e+00,0.000000000000000000e+00,9.892326984874851847e-01
8.699999999999999956e-01,4.174399999999999977e+01,2.296646400000008725e+01,1.723784000000000106e+03,0.000000000000000000e+00,0.000000000000000000e+00,0.000000000000000000e+00,9.892241762416590367e-01
8.709999999999999964e-01,4.169800000000000040e+01,2.301879600000006576e+01,1.720044000000000096e+03,0.000000000000000000e+00,0.000000000000000000e+00,0.000000000000000000e+00,9.892569421302782606e-01
8.719999999999999973e-01,4.166400000000000148e+01,2.297310399999992114e+01,1.717198000000000093e+03,0.000000000000000000e+00,0.000000000000000000e+00,0.000000000000000000e+00,9.892326657293163406e-01
8.729999999999999982e-01,4.162100000000000222e+01,2.295335900000009133e+01,1.713640000000000100e+03,0.000000000000000000e+00,0.000000000000000000e+00,0.000000000000000000e+00,9.892238303646667674e-01
8.739999999999999991e-01,4.157800000000000296e+01,2.293791599999963182e+01,1.710089999999999918e+03,0.000000000000000000e+00,0.000000000000000000e+00,0.000000000000000000e+00,9.892174699957380080e-01
8.750000000000000000e-01,4.152199999999999847e+01,2.294151600000009239e+01,1.705496000000000095e+03,0.000000000000000000e+00,0.000000000000000000e+00,0.000000000000000000e+00,9.892229351931698389e-01
8.760000000000000009e-01,4.146699999999999875e+01,2.299491100000022925e+01,1.701039999999999964e+03,0.000000000000000000e+00,0.000000000000000000e+00,0.000000000000000000e+00,9.892573660178554107e-01
8.770000000000000018e-01,4.142600000000000193e+01,2.292652399999974477e+01,1.697614000000000033e+03,0.000000000000000000e+00,0.000000000000000000e+00,0.000000000000000000e+00,9.892201324337132062e-01
8.780000000000000027e-01,4.137199999999999989e+01,2.284761600000001636e+01,1.693117999999999938e+03,0.000000000000000000e+00,0.000000000000000000e+00,0.000000000000000000e+00,9.891774215378391633e-01
8.790000000000000036e-01,4.132699999999999818e+01,2.280007100000011633e+01,1.689394000000000005e+03,0.000000000000000000e+00,0.000000000000000000e+00,0.000000000000000000e+00,9.891523496870270327e-01
8.800000000000000044e-01,4.127400000000000091e+01,2.278292399999986628e+01,1.685051999999999907e+03,0.000000000000000000e+00,0.000000000000000000e+00,0.000000000000000000e+00,9.891455189713087570e-01
8.810000000000000053e-01,4.123199999999999932e+01,2.269417599999997037e+01,1.681539999999999964e+03,0.000000000000000000e+00,0.000000000000000000e+00,0.000000000000000000e+00,9.890958968240738391e-01
8.820000000000000062e-01,4.119400000000000261e+01,2.277636399999983041e+01,1.678528000000000020e+03,0.000000000000000000e+00,0.000000000000000000e+00,0.000000000000000000e+00,9.891465963262007222e-01
8.830000000000000071e-01,4.115200000000000102e+01,2.276489599999990787e+01,1.675099999999999909e+03,0.000000000000000000e+00,0.000000000000000000e+00,0.000000000000000000e+00,9.891424599829724551e-01
8.840000000000000080e-01,4.111200000000000188e+01,2.271945600000003651e+01,1.671804000000000087e+03,0.000000000000000000e+00,0.000000000000000000e+00,0.000000000000000000e+00,9.891181034150783313e-01
8.850000000000000089e-01,4.106300000000000239e+01,2.268303099999980077e+01,1.667789999999999964e+03,0.000000000000000000e+00,0.000000000000000000e+00,0.000000000000000000e+00,9.890995751686286752e-01
8.860000000000000098e-01,4.102100000000000080e+01,2.279055899999980284e+01,1.664491999999999962e+03,0.000000000000000000e+00,0.000000000000000000e+00,0.000000000000000000e+00,9.891661033597637376e-01
8.870000000000000107e-01,4.097299999999999898e+01,2.272227100000009159e+01,1.660536000000000058e+03,0.000000000000000000e+00,0.000000000000000000e+00,0.000000000000000000e+00,9.891286196842458134e-01
8.880000000000000115e-01,4.093800000000000239e+01,2.272415599999976621e+01,1.657705999999999904e+03,0.000000000000000000e+00,0.000000000000000000e+00,0.000000000000000000e+00,9.891320315436277211e-01
8.890000000000000124e-01,4.090699999999999648e+01,2.274635100000023158e+01,1.655221999999999980e+03,0.000000000000000000e+00,0.000000000000000000e+00,0.000000000000000000e+00,9.891473423542115340e-01
8.900000000000000133e-01,4.086299999999999955e+01,2.272423100000014529e+01,1.651645999999999958e+03,0.000000000000000000e+00,0.000000000000000000e+00,0.000000000000000000e+00,9.891370616520458459e-01
8.910000000000000142e-01,4.083299999999999841e+01,2.279911100000026636e+01,1.649299999999999955e+03,0.000000000000000000e+00,0.000000000000000000e+00,0.000000000000000000e+00,9.891839966074126300e-01
8.920000000000000151e-01,4.078600000000000136e+01,2.289420399999994515e+01,1.645605999999999995e+03,0.000000000000000000e+00,0.000000000000000000e+00,0.000000000000000000e+00,9.892444726749730632e-01
8.930000000000000160e-01,4.074600000000000222e+01,2.282348400000000765e+01,1.642314000000000078e+03,0.000000000000000000e+00,0.000000000000000000e+00,0.000000000000000000e+00,9.892048417034093877e-01
8.940000000000000169e-01,4.071600000000000108e+01,2.274134399999979905e+01,1.639817999999999984e+03,0.000000000000000000e+00,0.000000000000000000e+00,0.000000000000000000e+00,9.891574763979409379e-01
8.950000000000000178e-01,4.067399999999999949e+01,2.281772399999999834e+01,1.636518000000000029e+03,0.000000000000000000e+00,0.000000000000000000e+00,0.000000000000000000e+00,9.892066285972642703e-01
8.960000000000000187e-01,4.064200000000000301e+01,2.287583599999993567e+01,1.634006000000000085e+03,0.000000000000000000e+00,0.000000000000000000e+00,0.000000000000000000e+00,9.892441800466131863e-01
8.970000000000000195e-01,4.059300000000000352e+01,2.294735099999979866e+01,1.630145999999999958e+03,0.000000000000000000e+00,0.000000000000000000e+00,0.000000000000000000e+00,9.892913348537062390e-01
8.980000000000000204e-01,4.055499999999999972e+01,2.295897500000023683e+01,1.627112000000000080e+03,0.000000000000000000e+00,0.000000000000000000e+00,0.000000000000000000e+00,9.893014293524835523e-01
8.990000000000000213e-01,4.050999999999999801e+01,2.294990000000007058e+01,1.623500000000000000e+03,0.000000000000000000e+00,0.000000000000000000e+00,0.000000000000000000e+00,9.892995387554667230e-01
9.000000000000000222e-01,4.047299999999999898e+01,2.294327100000009523e+01,1.620534000000000106e+03,0.000000000000000000e+00,0.000000000000000000e+00,0.000000000000000000e+00,9.892985061022617765e-01
9.010000000000000231e-01,4.042799999999999727e+01,2.301881600000024264e+01,1.617013999999999896e+03,0.000000000000000000e+00,0.000000000000000000e+00,0.000000000000000000e+00,9.893484232416518420e-01
9.020000000000000240e-01,4.039500000000000313e+01,2.298097499999971660e+01,1.614342000000000098e+03,0.000000000000000000e+00,0.000000000000000000e+00,0.000000000000000000e+00,9.893280461458690000e-01
9.030000000000000249e-01,4.035399999999999920e+01,2.305268399999999929e+01,1.611144000000000005e+03,0.000000000000000000e+00,0.000000000000000000e+00,0.000000000000000000e+00,9.893755621819111390e-01
9.040000000000000258e-01,4.030799999999999983e+01,2.308113600000001497e+01,1.607508000000000038e+03,0.000000000000000000e+00,0.000000000000000000e+00,0.000000000000000000e+00,9.893971229511328014e-01
9.050000000000000266e-01,4.026100000000000279e+01,2.307087899999987712e+01,1.603758000000000038e+03,0.000000000000000000e+00,0.000000000000000000e+00,0.000000000000000000e+00,9.893950208663093715e-01
9.060000000000000275e-01,4.021300000000000097e+01,2.308763099999987389e+01,1.599960000000000036e+03,0.000000000000000000e+00,0.000000000000000000e+00,0.000000000000000000e+00,9.894097310331919637e-01
9.070000000000000284e-01,4.017499999999999716e+01,2.313037500000018554e+01,1.596986000000000104e+03,0.000000000000000000e+00,0.000000000000000000e+00,0.000000000000000000e+00,9.894397140079050912e-01
9.080000000000000293e-01,4.013499999999999801e+01,2.314477500000020882e+01,1.593827999999999975e+03,0.000000000000000000e+00,0.000000000000000000e+00,0.000000000000000000e+00,9.894524256453580691e-01
9.090000000000000302e-01,4.009400000000000119e+01,2.324716399999988425e+01,1.590682000000000016e+03,0.000000000000000000e+00,0.000000000000000000e+00,0.000000000000000000e+00,9.895200411820169739e-01
9.100000000000000311e-01,4.005499999999999972e+01,2.316797500000006949e+01,1.587516000000000076e+03,0.000000000000000000e+00,0.000000000000000000e+00,0.000000000000000000e+00,9.894745741955952578e-01
9.110000000000000320e-01,4.002100000000000080e+01,2.309055899999998474e+01,1.584750000000000000e+03,0.000000000000000000e+00,0.000000000000000000e+00,0.000000000000000000e+00,9.894295762334279765e-01
9.120000000000000329e-01,3.998100000000000165e+01,2.311263899999994464e+01,1.581612000000000080e+03,0.000000000000000000e+00,0.000000000000000000e+00,0.000000000000000000e+00,9.894472516450265598e-01
9.130000000000000338e-01,3.993299999999999983e+01,2.308451100000002043e+01,1.577796000000000049e+03,0.000000000000000000e+00,0.000000000000000000e+00,0.000000000000000000e+00,9.894343290205294128e-01
9.140000000000000346e-01,3.989000000000000057e+01,2.305590000000006512e+01,1.574377999999999929e+03,0.000000000000000000e+00,0.000000000000000000e+00,0.000000000000000000e+00,9.894205807007123710e-01
9.150000000000000355e-01,3.985799999999999699e+01,2.305983600000035949e+01,1.571862000000000080e+03,0.000000000000000000e+00,0.000000000000000000e+00,0.000000000000000000e+00,9.894262068246839625e-01
9.160000000000000364e-01,3.983200000000000074e+01,2.307977600000003804e+01,1.569836000000000013e+03,0.000000000000000000e+00,0.000000000000000000e+00,0.000000000000000000e+00,9.894413536249717644e-01
9.170000000000000373e-01,3.978499999999999659e+01,2.304677500000025248e+01,1.566107999999999947e+03,0.000000000000000000e+00,0.000000000000000000e+00,0.000000000000000000e+00,9.894252361754219960e-01
9.180000000000000382e-01,3.974699999999999989e+01,2.304299100000002909e+01,1.563119999999999891e+03,0.000000000000000000e+00,0.000000000000000000e+00,0.000000000000000000e+00,9.894266646760399020e-01
9.190000000000000391e-01,3.970300000000000296e+01,2.299679099999980281e+01,1.559622000000000071e+03,0.000000000000000000e+00,0.000000000000000000e+00,0.000000000000000000e+00,9.894018206965932150e-01
9.200000000000000400e-01,3.966199999999999903e+01,2.298175600000013219e+01,1.556394000000000005e+03,0.000000000000000000e+00,0.000000000000000000e+00,0.000000000000000000e+00,9.893964038483107348e-01
9.210000000000000409e-01,3.961299999999999955e+01,2.276523100000008526e+01,1.552342000000000098e+03,0.000000000000000000e+00,0.000000000000000000e+00,0.000000000000000000e+00,9.892633960959760220e-01
9.220000000000000417e-01,3.956700000000000017e+01,2.282351100000005317e+01,1.548804000000000087e+03,0.000000000000000000e+00,0.000000000000000000e+00,0.000000000000000000e+00,9.893050264411366035e-01
9.230000000000000426e-01,3.952199999999999847e+01,2.274151600000004692e+01,1.545208000000000084e+03,0.000000000000000000e+00,0.000000000000000000e+00,0.000000000000000000e+00,9.892569732927686266e-01
9.240000000000000435e-01,3.948499999999999943e+01,2.280977499999994507e+01,1.542390000000000100e+03,0.000000000000000000e+00,0.000000000000000000e+00,0.000000000000000000e+00,9.893043442104868523e-01
9.250000000000000444e-01,3.943800000000000239e+01,2.267815599999994447e+01,1.538596000000000004e+03,0.000000000000000000e+00,0.000000000000000000e+00,0.000000000000000000e+00,9.892244311392447420e-01
9.260000000000000453e-01,3.939200000000000301e+01,2.271033599999987018e+01,1.535048000000000002e+03,0.000000000000000000e+00,0.000000000000000000e+00,0.000000000000000000e+00,9.892496325957972347e-01
9.270000000000000462e-01,3.933299999999999841e+01,2.270611100000019178e+01,1.530458000000000084e+03,0.000000000000000000e+00,0.000000000000000000e+00,0.000000000000000000e+00,9.892527623285447547e-01
9.280000000000000471e-01,3.928499999999999659e+01,2.273577500000033069e+01,1.526761999999999944e+03,0.000000000000000000e+00,0.000000000000000000e+00,0.000000000000000000e+00,9.892768064328698596e-01
9.290000000000000480e-01,3.924000000000000199e+01,2.272239999999987958e+01,1.523259999999999991e+03,0.000000000000000000e+00,0.000000000000000000e+00,0.000000000000000000e+00,9.892727365302624865e-01
9.300000000000000488e-01,3.919700000000000273e+01,2.265219099999967511e+01,1.519859999999999900e+03,0.000000000000000000e+00,0.000000000000000000e+00,0.000000000000000000e+00,9.892314779912927403e-01
9.310000000000000497e-01,3.915899999999999892e+01,2.261771900000007918e+01,1.516885999999999967e+03,0.000000000000000000e+00,0.000000000000000000e+00,0.000000000000000000e+00,9.892128689733412639e-01
9.320000000000000506e-01,3.911999999999999744e+01,2.255560000000014043e+01,1.513809999999999945e+03,0.000000000000000000e+00,0.000000000000000000e+00,0.000000000000000000e+00,9.891762434081491362e-01
9.330000000000000515e-01,3.908599999999999852e+01,2.254860400000029585e+01,1.511178000000000111e+03,0.000000000000000000e+00,0.000000000000000000e+00,0.000000000000000000e+00,9.891750806182229017e-01
9.340000000000000524e-01,3.905400000000000205e+01,2.250508399999989706e+01,1.508665999999999940e+03,0.000000000000000000e+00,0.000000000000000000e+00,0.000000000000000000e+00,9.891497809086465809e-01
9.350000000000000533e-01,3.901800000000000068e+01,2.245767599999999220e+01,1.505844000000000051e+03,0.000000000000000000e+00,0.000000000000000000e+00,0.000000000000000000e+00,9.891222563290616998e-01
9.360000000000000542e-01,3.898499999999999943e+01,2.239877499999988686e+01,1.503243999999999915e+03,0.000000000000000000e+00,0.000000000000000000e+00,0.000000000000000000e+00,9.890867909275853354e-01
9.370000000000000551e-01,3.895000000000000284e+01,2.236549999999988358e+01,1.500518000000000029e+03,0.000000000000000000e+00,0.000000000000000000e+00,0.000000000000000000e+00,9.890683061955272137e-01
9.380000000000000560e-01,3.891199999999999903e+01,2.244025600000009035e+01,1.497672000000000025e+03,0.000000000000000000e+00,0.000000000000000000e+00,0.000000000000000000e+00,9.891214132969399220e-01
9.390000000000000568e-01,3.888199999999999790e+01,2.244807600000012826e+01,1.495375999999999976e+03,0.000000000000000000e+00,0.000000000000000000e+00,0.000000000000000000e+00,9.891296361142288829e-01
9.400000000000000577e-01,3.884000000000000341e+01,2.238639999999963948e+01,1.492092000000000098e+03,0.000000000000000000e+00,0.000000000000000000e+00,0.000000000000000000e+00,9.890930708359095824e-01
9.410000000000000586e-01,3.879599999999999937e+01,2.232838400000014190e+01,1.488662000000000035e+03,0.000000000000000000e+00,0.000000000000000000e+00,0.000000000000000000e+00,9.890590047362406434e-01
9.420000000000000595e-01,3.875699999999999790e+01,2.240595100000018647e+01,1.485753999999999905e+03,0.000000000000000000e+00,0.000000000000000000e+00,0.000000000000000000e+00,9.891145768993417908e-01
9.430000000000000604e-01,3.872800000000000153e+01,2.231601599999976315e+01,1.483445999999999913e+03,0.000000000000000000e+00,0.000000000000000000e+00,0.000000000000000000e+00,9.890576413399948530e-01
9.440000000000000613e-01,3.867999999999999972e+01,2.237360000000012406e+01,1.479836000000000013e+03,0.000000000000000000e+00,0.000000000000000000e+00,0.000000000000000000e+00,9.891010374413559125e-01
9.450000000000000622e-01,3.864300000000000068e+01,2.234955100000001949e+01,1.476988000000000056e+03,0.000000000000000000e+00,0.000000000000000000e+00,0.000000000000000000e+00,9.890888291615012040e-01
9.460000000000000631e-01,3.860799999999999699e+01,2.230033600000024308e+01,1.474269999999999982e+03,0.000000000000000000e+00,0.000000000000000000e+00,0.000000000000000000e+00,9.890595006259266242e-01
9.470000000000000639e-01,3.857200000000000273e+01,2.233081599999991340e+01,1.471557999999999993e+03,0.000000000000000000e+00,0.000000000000000000e+00,0.000000000000000000e+00,9.890837525825660892e-01
9.480000000000000648e-01,3.853900000000000148e+01,2.230647899999985384e+01,1.469021999999999935e+03,0.000000000000000000e+00,0.000000000000000000e+00,0.000000000000000000e+00,9.890708826194509751e-01
9.490000000000000657e-01,3.850600000000000023e+01,2.224996399999986352e+01,1.466455999999999904e+03,0.000000000000000000e+00,0.000000000000000000e+00,0.000000000000000000e+00,9.890362824302316724e-01
9.500000000000000666e-01,3.846900000000000119e+01,2.225703900000007707e+01,1.463652000000000044e+03,0.000000000000000000e+00,0.000000000000000000e+00,0.000000000000000000e+00,9.890449653297557209e-01
9.510000000000000675e-01,3.843299999999999983e+01,2.231951099999992039e+01,1.460981999999999971e+03,0.000000000000000000e+00,0.000000000000000000e+00,0.000000000000000000e+00,9.890910986324188414e-01
9.520000000000000684e-01,3.839300000000000068e+01,2.233655099999987215e+01,1.457965999999999894e+03,0.000000000000000000e+00,0.000000000000000000e+00,0.000000000000000000e+00,9.891070526022903708e-01
9.530000000000000693e-01,3.836200000000000188e+01,2.232895599999983460e+01,1.455609999999999900e+03,0.000000000000000000e+00,0.000000000000000000e+00,0.000000000000000000e+00,9.891053444886868107e-01
9.540000000000000702e-01,3.832300000000000040e+01,2.232267100000012761e+01,1.452652000000000044e+03,0.000000000000000000e+00,0.000000000000000000e+00,0.000000000000000000e+00,9.891054344966078160e-01
9.550000000000000711e-01,3.828499999999999659e+01,2.227977500000042710e+01,1.449736000000000104e+03,0.000000000000000000e+00,0.000000000000000000e+00,0.000000000000000000e+00,9.890804565451178920e-01
9.560000000000000719e-01,3.824499999999999744e+01,2.223897499999998217e+01,1.446673999999999978e+03,0.000000000000000000e+00,0.000000000000000000e+00,0.000000000000000000e+00,9.890570564125944486e-01
9.570000000000000728e-01,3.820700000000000074e+01,2.223615100000006350e+01,1.443804000000000087e+03,0.000000000000000000e+00,0.000000000000000000e+00,0.000000000000000000e+00,9.890593751420360125e-01
9.580000000000000737e-01,3.817199999999999704e+01,2.215041600000017752e+01,1.441079999999999927e+03,0.000000000000000000e+00,0.000000000000000000e+00,0.000000000000000000e+00,9.890044838493567969e-01
9.590000000000000746e-01,3.812700000000000244e+01,2.230287099999986822e+01,1.437844000000000051e+03,0.000000000000000000e+00,0.000000000000000000e+00,0.000000000000000000e+00,9.891143455068484025e-01
9.599999999999999645e-01,3.809300000000000352e+01,2.228835099999969316e+01,1.435271999999999935e+03,0.000000000000000000e+00,0.000000000000000000e+00,0.000000000000000000e+00,9.891083293147250322e-01
9.609999999999999654e-01,3.804500000000000171e+01,2.231897499999990941e+01,1.431695999999999913e+03,0.000000000000000000e+00,0.000000000000000000e+00,0.000000000000000000e+00,9.891351487483409644e-01
9.619999999999999662e-01,3.800300000000000011e+01,2.225299100000006547e+01,1.428478000000000065e+03,0.000000000000000000e+00,0.000000000000000000e+00,0.000000000000000000e+00,9.890945135381321585e-01
9.629999999999999671e-01,3.795799999999999841e+01,2.223823600000014267e+01,1.425089999999999918e+03,0.000000000000000000e+00,0.000000000000000000e+00,0.000000000000000000e+00,9.890896325158441416e-01
9.639999999999999680e-01,3.791799999999999926e+01,2.215127600000005259e+01,1.422008000000000038e+03,0.000000000000000000e+00,0.000000000000000000e+00,0.000000000000000000e+00,9.890339399234008289e-01
9.649999999999999689e-01,3.787500000000000000e+01,2.225337500000000546e+01,1.418894000000000005e+03,0.000000000000000000e+00,0.000000000000000000e+00,0.000000000000000000e+00,9.891101743837750204e-01
9.659999999999999698e-01,3.782999999999999829e+01,2.230510000000003856e+01,1.415584000000000060e+03,0.000000000000000000e+00,0.000000000000000000e+00,0.000000000000000000e+00,9.891518388293162323e-01
9.669999999999999707e-01,3.779399999999999693e+01,2.230556400000023132e+01,1.412897999999999911e+03,0.000000000000000000e+00,0.000000000000000000e+00,0.000000000000000000e+00,9.891566906478241883e-01
9.679999999999999716e-01,3.777000000000000313e+01,2.232909999999969841e+01,1.411132000000000062e+03,0.000000000000000000e+00,0.000000000000000000e+00,0.000000000000000000e+00,9.891762278674995912e-01
9.689999999999999725e-01,3.773799999999999955e+01,2.236935600000015256e+01,1.408788000000000011e+03,0.000000000000000000e+00,0.000000000000000000e+00,0.000000000000000000e+00,9.892086000056606876e-01
9.699999999999999734e-01,3.770400000000000063e+01,2.230838399999970534e+01,1.406195999999999913e+03,0.000000000000000000e+00,0.000000000000000000e+00,0.000000000000000000e+00,9.891701556011426311e-01
9.709999999999999742e-01,3.766299999999999670e+01,2.231143100000031154e+01,1.403150000000000091e+03,0.000000000000000000e+00,0.000000000000000000e+00,0.000000000000000000e+00,9.891776157774558875e-01
9.719999999999999751e-01,3.762899999999999778e+01,2.241935899999998583e+01,1.400731999999999971e+03,0.000000000000000000e+00,0.000000000000000000e+00,0.000000000000000000e+00,9.892582853985011360e-01
9.729999999999999760e-01,3.759599999999999653e+01,2.245878400000015063e+01,1.398321999999999889e+03,0.000000000000000000e+00,0.000000000000000000e+00,0.000000000000000000e+00,9.892906595191071073e-01
9.739999999999999769e-01,3.756499999999999773e+01,2.239577500000018517e+01,1.395960000000000036e+03,0.000000000000000000e+00,0.000000000000000000e+00,0.000000000000000000e+00,9.892502935016459498e-01
9.749999999999999778e-01,3.752000000000000313e+01,2.239959999999996398e+01,1.392630000000000109e+03,0.000000000000000000e+00,0.000000000000000000e+00,0.000000000000000000e+00,9.892591754902004819e-01
9.759999999999999787e-01,3.748499999999999943e+01,2.231977499999993597e+01,1.389960000000000036e+03,0.000000000000000000e+00,0.000000000000000000e+00,0.000000000000000000e+00,9.892072074928410785e-01
9.769999999999999796e-01,3.745199999999999818e+01,2.225369599999999082e+01,1.387453999999999951e+03,0.000000000000000000e+00,0.000000000000000000e+00,0.000000000000000000e+00,9.891645962747444010e-01
9.779999999999999805e-01,3.741700000000000159e+01,2.231111099999975522e+01,1.384925999999999931e+03,0.000000000000000000e+00,0.000000000000000000e+00,0.000000000000000000e+00,9.892103250513887280e-01
9.789999999999999813e-01,3.737299999999999756e+01,2.228587100000027021e+01,1.381653999999999996e+03,0.000000000000000000e+00,0.000000000000000000e+00,0.000000000000000000e+00,9.891983355492642849e-01
9.799999999999999822e-01,3.732999999999999829e+01,2.234310000000004948e+01,1.378541999999999916e+03,0.000000000000000000e+00,0.000000000000000000e+00,0.000000000000000000e+00,9.892453611833956773e-01
9.809999999999999831e-01,3.729899999999999949e+01,2.235359900000003108e+01,1.376269999999999982e+03,0.000000000000000000e+00,0.000000000000000000e+00,0.000000000000000000e+00,9.892573062451311960e-01
9.819999999999999840e-01,3.726800000000000068e+01,2.240617599999995946e+01,1.374041999999999916e+03,0.000000000000000000e+00,0.000000000000000000e+00,0.000000000000000000e+00,9.892996017843780354e-01
9.829999999999999849e-01,3.722200000000000131e+01,2.244271600000001854e+01,1.370698000000000093e+03,0.000000000000000000e+00,0.000000000000000000e+00,0.000000000000000000e+00,9.893327128703757189e-01
9.839999999999999858e-01,3.718099999999999739e+01,2.238223900000025424e+01,1.367627999999999929e+03,0.000000000000000000e+00,0.000000000000000000e+00,0.000000000000000000e+00,9.892950849784657441e-01
9.849999999999999867e-01,3.714999999999999858e+01,2.231750000000010914e+01,1.365289999999999964e+03,0.000000000000000000e+00,0.000000000000000000e+00,0.000000000000000000e+00,9.892527656059516561e-01
9.859999999999999876e-01,3.711099999999999710e+01,2.227867900000023837e+01,1.362394000000000005e+03,0.000000000000000000e+00,0.000000000000000000e+00,0.000000000000000000e+00,9.892302951418833201e-01
9.869999999999999885e-01,3.706600000000000250e+01,2.222564399999987472e+01,1.359048000000000002e+03,0.000000000000000000e+00,0.000000000000000000e+00,0.000000000000000000e+00,9.891982809700731183e-01
9.879999999999999893e-01,3.702499999999999858e+01,2.227637500000037107e+01,1.356102000000000089e+03,0.000000000000000000e+00,0.000000000000000000e+00,0.000000000000000000e+00,9.892412603306069974e-01
9.889999999999999902e-01,3.698700000000000188e+01,2.227883099999985461e+01,1.353329999999999927e+03,0.000000000000000000e+00,0.000000000000000000e+00,0.000000000000000000e+00,9.892487144486973305e-01
9.899999999999999911e-01,3.694400000000000261e+01,2.233286399999974492e+01,1.350248000000000047e+03,0.000000000000000000e+00,0.000000000000000000e+00,0.000000000000000000e+00,9.892947663135250869e-01
9.909999999999999920e-01,3.691100000000000136e+01,2.227507900000000518e+01,1.347786000000000058e+03,0.000000000000000000e+00,0.000000000000000000e+00,0.000000000000000000e+00,9.892574240223194204e-01
9.919999999999999929e-01,3.687400000000000233e+01,2.228812399999992522e+01,1.345105999999999995e+03,0.000000000000000000e+00,0.000000000000000000e+00,0.000000000000000000e+00,9.892726607715642828e-01
9.929999999999999938e-01,3.684100000000000108e+01,2.218771899999978814e+01,1.342605999999999995e+03,0.000000000000000000e+00,0.000000000000000000e+00,0.000000000000000000e+00,9.892037717441843903e-01
9.939999999999999947e-01,3.680499999999999972e+01,2.236497499999995853e+01,1.340167999999999893e+03,0.000000000000000000e+00,0.000000000000000000e+00,0.000000000000000000e+00,9.893400712726472257e-01
9.949999999999999956e-01,3.677199999999999847e+01,2.235001600000009603e+01,1.337758000000000038e+03,0.000000000000000000e+00,0.000000000000000000e+00,0.000000000000000000e+00,9.893342719381653660e-01
9.959999999999999964e-01,3.673299999999999699e+01,2.224171100000012302e+01,1.334821999999999889e+03,0.000000000000000000e+00,0.000000000000000000e+00,0.000000000000000000e+00,9.892602488109046854e-01
9.969999999999999973e-01,3.669400000000000261e+01,2.227436399999965033e+01,1.332029999999999973e+03,0.000000000000000000e+00,0.000000000000000000e+00,0.000000000000000000e+00,9.892906235669995940e-01
9.979999999999999982e-01,3.663799999999999812e+01,2.222095599999988735e+01,1.327925999999999931e+03,0.000000000000000000e+00,0.000000000000000000e+00,0.000000000000000000e+00,9.892597916274522563e-01
9.989999999999999991e-01,3.660199999999999676e+01,2.226159600000028149e+01,1.325365999999999985e+03,0.000000000000000000e+00,0.000000000000000000e+00,0.000000000000000000e+00,9.892958606772475072e-01
1.000000000000000000e+00,3.657099999999999795e+01,2.235495900000000802e+01,1.323221999999999980e+03,0.000000000000000000e+00,0.000000000000000000e+00,0.000000000000000000e+00,9.893706919018314672e-01
1.001000000000000112e+00,3.653099999999999881e+01,2.231503900000006979e+01,1.320298000000000002e+03,0.000000000000000000e+00,0.000000000000000000e+00,0.000000000000000000e+00,9.893474617610239497e-01
1.002000000000000002e+00,3.650300000000000011e+01,2.226799099999993814e+01,1.318233999999999924e+03,0.000000000000000000e+00,0.000000000000000000e+00,0.000000000000000000e+00,9.893168179493471159e-01
1.003000000000000114e+00,3.645799999999999841e+01,2.222023600000034094e+01,1.314948000000000093e+03,0.000000000000000000e+00,0.000000000000000000e+00,0.000000000000000000e+00,9.892883565370478305e-01
1.004000000000000004e+00,3.642399999999999949e+01,2.222022399999991649e+01,1.312503999999999905e+03,0.000000000000000000e+00,0.000000000000000000e+00,0.000000000000000000e+00,9.892939679280209342e-01
1.005000000000000115e+00,3.637400000000000233e+01,2.219412399999987429e+01,1.308887999999999920e+03,0.000000000000000000e+00,0.000000000000000000e+00,0.000000000000000000e+00,9.892825785757343171e-01
1.006000000000000005e+00,3.633700000000000330e+01,2.221743099999980586e+01,1.306258000000000038e+03,0.000000000000000000e+00,0.000000000000000000e+00,0.000000000000000000e+00,9.893064155802845372e-01
1.007000000000000117e+00,3.629999999999999716e+01,2.230800000000022010e+01,1.303698000000000093e+03,0.000000000000000000e+00,0.000000000000000000e+00,0.000000000000000000e+00,9.893814174805912742e-01
1.008000000000000007e+00,3.626100000000000279e+01,2.233087899999986803e+01,1.300930000000000064e+03,0.000000000000000000e+00,0.000000000000000000e+00,0.000000000000000000e+00,9.894056251478631214e-01
1.009000000000000119e+00,3.623899999999999721e+01,2.228587900000002264e+01,1.299311999999999898e+03,0.000000000000000000e+00,0.000000000000000000e+00,0.000000000000000000e+00,9.893752443608833103e-01
1.010000000000000009e+00,3.619899999999999807e+01,2.228539900000009766e+01,1.296453999999999951e+03,0.000000000000000000e+00,0.000000000000000000e+00,0.000000000000000000e+00,9.893819100919605258e-01
1.011000000000000121e+00,3.616100000000000136e+01,2.232307900000000700e+01,1.293779999999999973e+03,0.000000000000000000e+00,0.000000000000000000e+00,0.000000000000000000e+00,9.894174584350927670e-01
1.012000000000000011e+00,3.612599999999999767e+01,2.236812400000007983e+01,1.291329999999999927e+03,0.000000000000000000e+00,0.000000000000000000e+00,0.000000000000000000e+00,9.894582761413991401e-01
1.013000000000000123e+00,3.609000000000000341e+01,2.236189999999965039e+01,1.288759999999999991e+03,0.000000000000000000e+00,0.000000000000000000e+00,0.000000000000000000e+00,9.894600956431001126e-01
1.014000000000000012e+00,3.605799999999999983e+01,2.231663600000001679e+01,1.286438000000000102e+03,0.000000000000000000e+00,0.000000000000000000e+00,0.000000000000000000e+00,9.894311782047326975e-01
1.015000000000000124e+00,3.601599999999999824e+01,2.222974400000020978e+01,1.283365999999999985e+03,0.000000000000000000e+00,0.000000000000000000e+00,0.000000000000000000e+00,9.893719060840920898e-01
1.016000000000000014e+00,3.597500000000000142e+01,2.233637499999963438e+01,1.280561999999999898e+03,0.000000000000000000e+00,0.000000000000000000e+00,0.000000000000000000e+00,9.894617382061607902e-01
1.017000000000000126e+00,3.594599999999999795e+01,2.234308400000008987e+01,1.278511999999999944e+03,0.000000000000000000e+00,0.000000000000000000e+00,0.000000000000000000e+00,9.894723636175407622e-01
1.018000000000000016e+00,3.590400000000000347e+01,2.230878399999960493e+01,1.275501999999999953e+03,0.000000000000000000e+00,0.000000000000000000e+00,0.000000000000000000e+00,9.894536922186631944e-01
1.019000000000000128e+00,3.586099999999999710e+01,2.228567900000030022e+01,1.272435999999999922e+03,0.000000000000000000e+00,0.000000000000000000e+00,0.000000000000000000e+00,9.894438557590273797e-01
1.020000000000000018e+00,3.581700000000000017e+01,2.220951100000002043e+01,1.269250000000000000e+03,0.000000000000000000e+00,0.000000000000000000e+00,0.000000000000000000e+00,9.893928288085942491e-01
1.021000000000000130e+00,3.578499999999999659e+01,2.209077500000034888e+01,1.266872000000000071e+03,0.000000000000000000e+00,0.000000000000000000e+00,0.000000000000000000e+00,9.893061172997907882e-01
1.022000000000000020e+00,3.575200000000000244e+01,2.205049599999961174e+01,1.264503999999999905e+03,0.000000000000000000e+00,0.000000000000000000e+00,0.000000000000000000e+00,9.892806720381636110e-01
1.023000000000000131e+00,3.570700000000000074e+01,2.192715100000009443e+01,1.261210000000000036e+03,0.000000000000000000e+00,0.000000000000000000e+00,0.000000000000000000e+00,9.891921892469905941e-01
1.024000000000000021e+00,3.567799999999999727e+01,2.201631600000041544e+01,1.259258000000000038e+03,0.000000000000000000e+00,0.000000000000000000e+00,0.000000000000000000e+00,9.892674422654307298e-01
1.024999999999999911e+00,3.563600000000000279e+01,2.195950399999992442e+01,1.256248000000000047e+03,0.000000000000000000e+00,0.000000000000000000e+00,0.000000000000000000e+00,9.892304652417697186e-01
1.026000000000000023e+00,3.559400000000000119e+01,2.196516399999995883e+01,1.253304000000000087e+03,0.000000000000000000e+00,0.000000000000000000e+00,0.000000000000000000e+00,9.892426531125126932e-01
1.026999999999999913e+00,3.556099999999999994e+01,2.201027900000008231e+01,1.251034000000000106e+03,0.000000000000000000e+00,0.000000000000000000e+00,0.000000000000000000e+00,9.892844498474691051e-01
1.028000000000000025e+00,3.552100000000000080e+01,2.189755899999977373e+01,1.248117999999999938e+03,0.000000000000000000e+00,0.000000000000000000e+00,0.000000000000000000e+00,9.892026681875465410e-01
1.028999999999999915e+00,3.548499999999999943e+01,2.185577499999999418e+01,1.245556000000000040e+03,0.000000000000000000e+00,0.000000000000000000e+00,0.000000000000000000e+00,9.891761555572573528e-01
1.030000000000000027e+00,3.543900000000000006e+01,2.179027900000005502e+01,1.242273999999999887e+03,0.000000000000000000e+00,0.000000000000000000e+00,0.000000000000000000e+00,9.891325152640502161e-01
1.030999999999999917e+00,3.540999999999999659e+01,2.169790000000034524e+01,1.240155999999999949e+03,0.000000000000000000e+00,0.000000000000000000e+00,0.000000000000000000e+00,9.890641607358862109e-01
1.032000000000000028e+00,3.537299999999999756e+01,2.172587100000032478e+01,1.237602000000000089e+03,0.000000000000000000e+00,0.000000000000000000e+00,0.000000000000000000e+00,9.890931960041350335e-01
1.032999999999999918e+00,3.534400000000000119e+01,2.165766399999984060e+01,1.235511999999999944e+03,0.000000000000000000e+00,0.000000000000000000e+00,0.000000000000000000e+00,9.890439047142629558e-01
1.034000000000000030e+00,3.530400000000000205e+01,2.172958399999993162e+01,1.232798000000000002e+03,0.000000000000000000e+00,0.000000000000000000e+00,0.000000000000000000e+00,9.891088603809408131e-01
1.034999999999999920e+00,3.526500000000000057e+01,2.174277499999993779e+01,1.230097999999999956e+03,0.000000000000000000e+00,0.000000000000000000e+00,0.000000000000000000e+00,9.891267247603663382e-01
1.036000000000000032e+00,3.522999999999999687e+01,2.176310000000012224e+01,1.227685999999999922e+03,0.000000000000000000e+00,0.000000000000000000e+00,0.000000000000000000e+00,9.891496849421211879e-01
1.036999999999999922e+00,3.519599999999999795e+01,2.191758400000003348e+01,1.225480000000000018e+03,0.000000000000000000e+00,0.000000000000000000e+00,0.000000000000000000e+00,9.892808671743467119e-01
1.038000000000000034e+00,3.515299999999999869e+01,2.197159099999998944e+01,1.222551999999999907e+03,0.000000000000000000e+00,0.000000000000000000e+00,0.000000000000000000e+00,9.893331288901002774e-01
1.038999999999999924e+00,3.511899999999999977e+01,2.192483900000001995e+01,1.220150000000000091e+03,0.000000000000000000e+00,0.000000000000000000e+00,0.000000000000000000e+00,9.893021255402855152e-01
1.040000000000000036e+00,3.509400000000000119e+01,2.185316399999987880e+01,1.218347999999999956e+03,0.000000000000000000e+00,0.000000000000000000e+00,0.000000000000000000e+00,9.892489801685729889e-01
1.040999999999999925e+00,3.505899999999999750e+01,2.188151900000002570e+01,1.215955999999999904e+03,0.000000000000000000e+00,0.000000000000000000e+00,0.000000000000000000e+00,9.892790480418132137e-01
1.042000000000000037e+00,3.502300000000000324e+01,2.181447099999968486e+01,1.213402000000000044e+03,0.000000000000000000e+00,0.000000000000000000e+00,0.000000000000000000e+00,9.892316846401371100e-01
1.042999999999999927e+00,3.498599999999999710e+01,2.186180400000034751e+01,1.210895999999999958e+03,0.000000000000000000e+00,0.000000000000000000e+00,0.000000000000000000e+00,9.892777945634487757e-01
1.044000000000000039e+00,3.494800000000000040e+01,2.185729599999990569e+01,1.208271999999999935e+03,0.000000000000000000e+00,0.000000000000000000e+00,0.000000000000000000e+00,9.892818865705267362e-01
1.044999999999999929e+00,3.491100000000000136e+01,2.200507900000002337e+01,1.205872000000000071e+03,0.000000000000000000e+00,0.000000000000000000e+00,0.000000000000000000e+00,9.894107689533703232e-01
1.046000000000000041e+00,3.487899999999999778e+01,2.198835899999994581e+01,1.203653999999999996e+03,0.000000000000000000e+00,0.000000000000000000e+00,0.000000000000000000e+00,9.894038898651480451e-01
1.046999999999999931e+00,3.485199999999999676e+01,2.198409600000036335e+01,1.201794000000000096e+03,0.000000000000000000e+00,0.000000000000000000e+00,0.000000000000000000e+00,9.894061845871476857e-01
1.048000000000000043e+00,3.481300000000000239e+01,2.195803099999989172e+01,1.199089999999999918e+03,0.000000000000000000e+00,0.000000000000000000e+00,0.000000000000000000e+00,9.893931083268515669e-01
1.048999999999999932e+00,3.477499999999999858e+01,2.197837500000014188e+01,1.196503999999999905e+03,0.000000000000000000e+00,0.000000000000000000e+00,0.000000000000000000e+00,9.894181606000576057e-01
1.050000000000000044e+00,3.473199999999999932e+01,2.197217599999999038e+01,1.193551999999999907e+03,0.000000000000000000e+00,0.000000000000000000e+00,0.000000000000000000e+00,9.894224496965554616e-01
1.050999999999999934e+00,3.467499999999999716e+01,2.195337500000027831e+01,1.189634000000000015e+03,0.000000000000000000e+00,0.000000000000000000e+00,0.000000000000000000e+00,9.894194157406634993e-01
1.052000000000000046e+00,3.463100000000000023e+01,2.199283900000000358e+01,1.186667999999999893e+03,0.000000000000000000e+00,0.000000000000000000e+00,0.000000000000000000e+00,9.894621061652328908e-01
1.052999999999999936e+00,3.459199999999999875e+01,2.197353600000019469e+01,1.183988000000000056e+03,0.000000000000000000e+00,0.000000000000000000e+00,0.000000000000000000e+00,9.894547920476552960e-01
1.054000000000000048e+00,3.456099999999999994e+01,2.200827899999990223e+01,1.181910000000000082e+03,0.000000000000000000e+00,0.000000000000000000e+00,0.000000000000000000e+00,9.894909060121266364e-01
1.054999999999999938e+00,3.453399999999999892e+01,2.197684400000025562e+01,1.180039999999999964e+03,0.000000000000000000e+00,0.000000000000000000e+00,0.000000000000000000e+00,9.894707479916211579e-01
1.056000000000000050e+00,3.450399999999999778e+01,2.194798400000013316e+01,1.177970000000000027e+03,0.000000000000000000e+00,0.000000000000000000e+00,0.000000000000000000e+00,9.894533879719938918e-01
1.056999999999999940e+00,3.446399999999999864e+01,2.193070399999987785e+01,1.175233999999999924e+03,0.000000000000000000e+00,0.000000000000000000e+00,0.000000000000000000e+00,9.894480206331593974e-01
1.058000000000000052e+00,3.443500000000000227e+01,2.185977499999967222e+01,1.173193999999999960e+03,0.000000000000000000e+00,0.000000000000000000e+00,0.000000000000000000e+00,9.893948799354272960e-01
1.058999999999999941e+00,3.440899999999999892e+01,2.176571900000021742e+01,1.171336000000000013e+03,0.000000000000000000e+00,0.000000000000000000e+00,0.000000000000000000e+00,9.893213663423896520e-01
1.060000000000000053e+00,3.437599999999999767e+01,2.175262400000019625e+01,1.169086000000000013e+03,0.000000000000000000e+00,0.000000000000000000e+00,0.000000000000000000e+00,9.893176983644413891e-01
1.060999999999999943e+00,3.434300000000000352e+01,2.176735099999973500e+01,1.166865999999999985e+03,0.000000000000000000e+00,0.000000000000000000e+00,0.000000000000000000e+00,9.893376251290916246e-01
1.062000000000000055e+00,3.430599999999999739e+01,2.175836400000025606e+01,1.164354000000000042e+03,0.000000000000000000e+00,0.000000000000000000e+00,0.000000000000000000e+00,9.893384157042672822e-01
1.062999999999999945e+00,3.427000000000000313e+01,2.165909999999962565e+01,1.161821999999999889e+03,0.000000000000000000e+00,0.000000000000000000e+00,0.000000000000000000e+00,9.892621366448433040e-01
1.064000000000000057e+00,3.422599999999999909e+01,2.160092400000007729e+01,1.158794000000000096e+03,0.000000000000000000e+00,0.000000000000000000e+00,0.000000000000000000e+00,9.892224087359835494e-01
1.064999999999999947e+00,3.417999999999999972e+01,2.154760000000010223e+01,1.155640000000000100e+03,0.000000000000000000e+00,0.000000000000000000e+00,0.000000000000000000e+00,9.891871108142245017e-01
1.066000000000000059e+00,3.414200000000000301e+01,2.153183599999988473e+01,1.153066000000000031e+03,0.000000000000000000e+00,0.000000000000000000e+00,0.000000000000000000e+00,9.891821035812137231e-01
1.066999999999999948e+00,3.410199999999999676e+01,2.150559600000019600e+01,1.150349999999999909e+03,0.000000000000000000e+00,0.000000000000000000e+00,0.000000000000000000e+00,9.891685429726820855e-01
1.068000000000000060e+00,3.406400000000000006e+01,2.151990399999999681e+01,1.147811999999999898e+03,0.000000000000000000e+00,0.000000000000000000e+00,0.000000000000000000e+00,9.891894427553383773e-01
1.068999999999999950e+00,3.403699999999999903e+01,2.149363100000005034e+01,1.145973999999999933e+03,0.000000000000000000e+00,0.000000000000000000e+00,0.000000000000000000e+00,9.891729124347724555e-01
1.070000000000000062e+00,3.399900000000000233e+01,2.159099899999978334e+01,1.143523999999999887e+03,0.000000000000000000e+00,0.000000000000000000e+00,0.000000000000000000e+00,9.892658037070813926e-01
1.070999999999999952e+00,3.396699999999999875e+01,2.152391100000022561e+01,1.141314000000000078e+03,0.000000000000000000e+00,0.000000000000000000e+00,0.000000000000000000e+00,9.892151570563395557e-01
1.072000000000000064e+00,3.393500000000000227e+01,2.149077499999998508e+01,1.139140000000000100e+03,0.000000000000000000e+00,0.000000000000000000e+00,0.000000000000000000e+00,9.891938212335272818e-01
1.072999999999999954e+00,3.390800000000000125e+01,2.146753599999965445e+01,1.137311999999999898e+03,0.000000000000000000e+00,0.000000000000000000e+00,0.000000000000000000e+00,9.891798761998563672e-01
1.074000000000000066e+00,3.387400000000000233e+01,2.146412399999985610e+01,1.135038000000000011e+03,0.000000000000000000e+00,0.000000000000000000e+00,0.000000000000000000e+00,9.891848019770091982e-01
1.074999999999999956e+00,3.384000000000000341e+01,2.150239999999962492e+01,1.132807999999999993e+03,0.000000000000000000e+00,0.000000000000000000e+00,0.000000000000000000e+00,9.892261735101629538e-01
1.076000000000000068e+00,3.381099999999999994e+01,2.157527899999990950e+01,1.130948000000000093e+03,0.000000000000000000e+00,0.000000000000000000e+00,0.000000000000000000e+00,9.892968026265307468e-01
1.076999999999999957e+00,3.377400000000000091e+01,2.159692400000017187e+01,1.128506000000000085e+03,0.000000000000000000e+00,0.000000000000000000e+00,0.000000000000000000e+00,9.893247508828648673e-01
1.078000000000000069e+00,3.374300000000000210e+01,2.155495099999984632e+01,1.126402000000000044e+03,0.000000000000000000e+00,0.000000000000000000e+00,0.000000000000000000e+00,9.892954896183181468e-01
1.078999999999999959e+00,3.369899999999999807e+01,2.131839900000022681e+01,1.123241999999999962e+03,0.000000000000000000e+00,0.000000000000000000e+00,0.000000000000000000e+00,9.890979617796459289e-01
1.080000000000000071e+00,3.365400000000000347e+01,2.133428399999979774e+01,1.120271999999999935e+03,0.000000000000000000e+00,0.000000000000000000e+00,0.000000000000000000e+00,9.891225444915754395e-01
1.080999999999999961e+00,3.363000000000000256e+01,2.135909999999989850e+01,1.118705999999999904e+03,0.000000000000000000e+00,0.000000000000000000e+00,0.000000000000000000e+00,9.891501762768096784e-01
1.082000000000000073e+00,3.360600000000000165e+01,2.130876399999988280e+01,1.117066000000000031e+03,0.000000000000000000e+00,0.000000000000000000e+00,0.000000000000000000e+00,9.891113544269825031e-01
1.082999999999999963e+00,3.357099999999999795e+01,2.130495900000005349e+01,1.114746000000000095e+03,0.000000000000000000e+00,0.000000000000000000e+00,0.000000000000000000e+00,9.891163177022348485e-01
1.084000000000000075e+00,3.353600000000000136e+01,2.132670399999983601e+01,1.112453999999999951e+03,0.000000000000000000e+00,0.000000000000000000e+00,0.000000000000000000e+00,9.891440433386382569e-01
1.084999999999999964e+00,3.350699999999999790e+01,2.132995100000016464e+01,1.110541999999999916e+03,0.000000000000000000e+00,0.000000000000000000e+00,0.000000000000000000e+00,9.891539659803172402e-01
1.086000000000000076e+00,3.348100000000000165e+01,2.131163899999978639e+01,1.108807999999999993e+03,0.000000000000000000e+00,0.000000000000000000e+00,0.000000000000000000e+00,9.891439725516453230e-01
1.086999999999999966e+00,3.345000000000000284e+01,2.134349999999994907e+01,1.106796000000000049e+03,0.000000000000000000e+00,0.000000000000000000e+00,0.000000000000000000e+00,9.891800223880096166e-01
1.088000000000000078e+00,3.340699999999999648e+01,2.133335100000022067e+01,1.103953999999999951e+03,0.000000000000000000e+00,0.000000000000000000e+00,0.000000000000000000e+00,9.891815861275318200e-01
1.088999999999999968e+00,3.337500000000000000e+01,2.132237499999996544e+01,1.101837999999999965e+03,0.000000000000000000e+00,0.000000000000000000e+00,0.000000000000000000e+00,9.891797051438510069e-01
1.090000000000000080e+00,3.334300000000000352e+01,2.127135099999986778e+01,1.099683999999999969e+03,0.000000000000000000e+00,0.000000000000000000e+00,0.000000000000000000e+00,9.891418145607280277e-01
1.090999999999999970e+00,3.330899999999999750e+01,2.128551900000002206e+01,1.097465999999999894e+03,0.000000000000000000e+00,0.000000000000000000e+00,0.000000000000000000e+00,9.891630509293670714e-01
1.092000000000000082e+00,3.327000000000000313e+01,2.132309999999961292e+01,1.094945999999999913e+03,0.000000000000000000e+00,0.000000000000000000e+00,0.000000000000000000e+00,9.892068148598655020e-01
1.092999999999999972e+00,3.324300000000000210e+01,2.135195099999964441e+01,1.093205999999999904e+03,0.000000000000000000e+00,0.000000000000000000e+00,0.000000000000000000e+00,9.892398147196570513e-01
1.094000000000000083e+00,3.320499999999999829e+01,2.129497500000002219e+01,1.090662000000000035e+03,0.000000000000000000e+00,0.000000000000000000e+00,0.000000000000000000e+00,9.891979619199934293e-01
1.094999999999999973e+00,3.316899999999999693e+01,2.129043900000033318e+01,1.088304000000000087e+03,0.000000000000000000e+00,0.000000000000000000e+00,0.000000000000000000e+00,9.892031000844051514e-01
1.096000000000000085e+00,3.314500000000000313e+01,2.127997499999992215e+01,1.086726000000000113e+03,0.000000000000000000e+00,0.000000000000000000e+00,0.000000000000000000e+00,9.891997797815614835e-01
1.096999999999999975e+00,3.311099999999999710e+01,2.123267900000041664e+01,1.084460000000000036e+03,0.000000000000000000e+00,0.000000000000000000e+00,0.000000000000000000e+00,9.891654603579257410e-01
1.098000000000000087e+00,3.307000000000000028e+01,2.118709999999987303e+01,1.081741999999999962e+03,0.000000000000000000e+00,0.000000000000000000e+00,0.000000000000000000e+00,9.891343915084596095e-01
1.098999999999999977e+00,3.303799999999999670e+01,2.118655600000010963e+01,1.079657999999999902e+03,0.000000000000000000e+00,0.000000000000000000e+00,0.000000000000000000e+00,9.891421516642416867e-01
1.100000000000000089e+00,3.301200000000000045e+01,2.116785600000002887e+01,1.077948000000000093e+03,0.000000000000000000e+00,0.000000000000000000e+00,0.000000000000000000e+00,9.891317403367151373e-01
1.100999999999999979e+00,3.297699999999999676e+01,2.115447100000028513e+01,1.075660000000000082e+03,0.000000000000000000e+00,0.000000000000000000e+00,0.000000000000000000e+00,9.891285343122971918e-01
1.102000000000000091e+00,3.294500000000000028e+01,2.118797499999982392e+01,1.073615999999999985e+03,0.000000000000000000e+00,0.000000000000000000e+00,0.000000000000000000e+00,9.891677564033801717e-01
1.102999999999999980e+00,3.290899999999999892e+01,2.110671900000011192e+01,1.071200000000000045e+03,0.000000000000000000e+00,0.000000000000000000e+00,0.000000000000000000e+00,9.891022565630219754e-01
1.104000000000000092e+00,3.287700000000000244e+01,2.109187099999985548e+01,1.069112000000000080e+03,0.000000000000000000e+00,0.000000000000000000e+00,0.000000000000000000e+00,9.890969004507365048e-01
1.104999999999999982e+00,3.284300000000000352e+01,2.102235099999984413e+01,1.066842000000000098e+03,0.000000000000000000e+00,0.000000000000000000e+00,0.000000000000000000e+00,9.890413847082228926e-01
1.106000000000000094e+00,3.280499999999999972e+01,2.100497500000005857e+01,1.064367999999999938e+03,0.000000000000000000e+00,0.000000000000000000e+00,0.000000000000000000e+00,9.890351462542291694e-01
1.106999999999999984e+00,3.278399999999999892e+01,2.096334400000023379e+01,1.062970000000000027e+03,0.000000000000000000e+00,0.000000000000000000e+00,0.000000000000000000e+00,9.890018991754242483e-01
1.108000000000000096e+00,3.274900000000000233e+01,2.095599899999979243e+01,1.060703999999999951e+03,0.000000000000000000e+00,0.000000000000000000e+00,0.000000000000000000e+00,9.890041641244643467e-01
1.108999999999999986e+00,3.271200000000000330e+01,2.091105599999968945e+01,1.058273999999999887e+03,0.000000000000000000e+00,0.000000000000000000e+00,0.000000000000000000e+00,9.889718527976295581e-01
1.110000000000000098e+00,3.268500000000000227e+01,2.086177499999985230e+01,1.056486000000000104e+03,0.000000000000000000e+00,0.000000000000000000e+00,0.000000000000000000e+00,9.889327689742638539e-01
1.110999999999999988e+00,3.265100000000000335e+01,2.093319899999983136e+01,1.054369999999999891e+03,0.000000000000000000e+00,0.000000000000000000e+00,0.000000000000000000e+00,9.890085966756125835e-01
1.112000000000000099e+00,3.262500000000000000e+01,2.095037499999989450e+01,1.052715999999999894e+03,0.000000000000000000e+00,0.000000000000000000e+00,0.000000000000000000e+00,9.890316348849840233e-01
1.112999999999999989e+00,3.259000000000000341e+01,2.088789999999971769e+01,1.050405999999999949e+03,0.000000000000000000e+00,0.000000000000000000e+00,0.000000000000000000e+00,9.889821949385375621e-01
1.114000000000000101e+00,3.255700000000000216e+01,2.097675099999969461e+01,1.048377999999999929e+03,0.000000000000000000e+00,0.000000000000000000e+00,0.000000000000000000e+00,9.890748064738158485e-01
1.114999999999999991e+00,3.252100000000000080e+01,2.104755899999986468e+01,1.046142000000000053e+03,0.000000000000000000e+00,0.000000000000000000e+00,0.000000000000000000e+00,9.891515946579300111e-01
1.116000000000000103e+00,3.249399999999999977e+01,2.107396399999993264e+01,1.044440000000000055e+03,0.000000000000000000e+00,0.000000000000000000e+00,0.000000000000000000e+00,9.891841384173764018e-01
1.116999999999999993e+00,3.245199999999999818e+01,2.100569599999994352e+01,1.041685999999999922e+03,0.000000000000000000e+00,0.000000000000000000e+00,0.000000000000000000e+00,9.891311813752889925e-01
1.118000000000000105e+00,3.242000000000000171e+01,2.095159999999987122e+01,1.039587999999999965e+03,0.000000000000000000e+00,0.000000000000000000e+00,0.000000000000000000e+00,9.890886921006329935e-01
1.118999999999999995e+00,3.237899999999999778e+01,2.091535900000008041e+01,1.036935999999999922e+03,0.000000000000000000e+00,0.000000000000000000e+00,0.000000000000000000e+00,9.890655809562607370e-01
1.120000000000000107e+00,3.234700000000000131e+01,2.094259099999976570e+01,1.034923999999999978e+03,0.000000000000000000e+00,0.000000000000000000e+00,0.000000000000000000e+00,9.891005453910023393e-01
1.120999999999999996e+00,3.231499999999999773e+01,2.092377500000020518e+01,1.032867999999999938e+03,0.000000000000000000e+00,0.000000000000000000e+00,0.000000000000000000e+00,9.890915735027384637e-01
1.122000000000000108e+00,3.228199999999999648e+01,2.091847600000005514e+01,1.030763999999999896e+03,0.000000000000000000e+00,0.000000000000000000e+00,0.000000000000000000e+00,9.890958412110801845e-01
1.122999999999999998e+00,3.225300000000000011e+01,2.079699099999993450e+01,1.028799999999999955e+03,0.000000000000000000e+00,0.000000000000000000e+00,0.000000000000000000e+00,9.889873176401906552e-01
1.124000000000000110e+00,3.221000000000000085e+01,2.076189999999996871e+01,1.026036000000000058e+03,0.000000000000000000e+00,0.000000000000000000e+00,0.000000000000000000e+00,9.889655176402221137e-01
1.125000000000000000e+00,3.218900000000000006e+01,2.075127900000006775e+01,1.024693999999999960e+03,0.000000000000000000e+00,0.000000000000000000e+00,0.000000000000000000e+00,9.889611322883145039e-01
1.126000000000000112e+00,3.215599999999999881e+01,2.065766400000006797e+01,1.022509999999999991e+03,0.000000000000000000e+00,0.000000000000000000e+00,0.000000000000000000e+00,9.888798420673468037e-01
1.127000000000000002e+00,3.212199999999999989e+01,2.058111600000006547e+01,1.020282000000000039e+03,0.000000000000000000e+00,0.000000000000000000e+00,0.000000000000000000e+00,9.888150532625714639e-01
1.128000000000000114e+00,3.208500000000000085e+01,2.061177499999985230e+01,1.017974000000000046e+03,0.000000000000000000e+00,0.000000000000000000e+00,0.000000000000000000e+00,9.888549653431722986e-01
1.129000000000000004e+00,3.204500000000000171e+01,2.053297499999985121e+01,1.015369999999999891e+03,0.000000000000000000e+00,0.000000000000000000e+00,0.000000000000000000e+00,9.887893402360410366e-01
1.130000000000000115e+00,3.200399999999999778e+01,2.057598400000006222e+01,1.012827999999999975e+03,0.000000000000000000e+00,0.000000000000000000e+00,0.000000000000000000e+00,9.888426176449229832e-01
1.131000000000000005e+00,3.196499999999999986e+01,2.059777499999995598e+01,1.010394000000000005e+03,0.000000000000000000e+00,0.000000000000000000e+00,0.000000000000000000e+00,9.888748714260516826e-01
1.132000000000000117e+00,3.193900000000000006e+01,2.066527900000005502e+01,1.008826000000000022e+03,0.000000000000000000e+00,0.000000000000000000e+00,0.000000000000000000e+00,9.889484128189462986e-01
1.133000000000000007e+00,3.190700000000000003e+01,2.065435100000001967e+01,1.006803999999999974e+03,0.000000000000000000e+00,0.000000000000000000e+00,0.000000000000000000e+00,9.889469323626999264e-01
1.134000000000000119e+00,3.187900000000000134e+01,2.067835900000000038e+01,1.005070000000000050e+03,0.000000000000000000e+00,0.000000000000000000e+00,0.000000000000000000e+00,9.889786828939791663e-01
1.135000000000000009e+00,3.185200000000000031e+01,2.067809600000009596e+01,1.003375999999999976e+03,0.000000000000000000e+00,0.000000000000000000e+00,0.000000000000000000e+00,9.889863436426878929e-01
1.136000000000000121e+00,3.182600000000000051e+01,2.068572399999993650e+01,1.001754000000000019e+03,0.000000000000000000e+00,0.000000000000000000e+00,0.000000000000000000e+00,9.890015411638085618e-01
1.137000000000000011e+00,3.178800000000000026e+01,2.070305600000006052e+01,9.993920000000000528e+02,0.000000000000000000e+00,0.000000000000000000e+00,0.000000000000000000e+00,9.890299881993152020e-01
1.138000000000000123e+00,3.176000000000000156e+01,2.069040000000006785e+01,9.976280000000000427e+02,0.000000000000000000e+00,0.000000000000000000e+00,0.000000000000000000e+00,9.890258487776713014e-01
1.139000000000000012e+00,3.173100000000000165e+01,2.065863899999999376e+01,9.957839999999999918e+02,0.000000000000000000e+00,0.000000000000000000e+00,0.000000000000000000e+00,9.890030381404124604e-01
1.140000000000000124e+00,3.169999999999999929e+01,2.060000000000002274e+01,9.937899999999999636e+02,0.000000000000000000e+00,0.000000000000000000e+00,0.000000000000000000e+00,9.889540148672988362e-01
1.141000000000000014e+00,3.166400000000000148e+01,2.065310399999987112e+01,9.915979999999999563e+02,0.000000000000000000e+00,0.000000000000000000e+00,0.000000000000000000e+00,9.890177555336591153e-01
1.142000000000000126e+00,3.163400000000000034e+01,2.074404400000003079e+01,9.898200000000000500e+02,0.000000000000000000e+00,0.000000000000000000e+00,0.000000000000000000e+00,9.891177699045496929e-01
1.143000000000000016e+00,3.160500000000000043e+01,2.080697499999996580e+01,9.880779999999999745e+02,0.000000000000000000e+00,0.000000000000000000e+00,0.000000000000000000e+00,9.891898246331419786e-01
1.144000000000000128e+00,3.158299999999999841e+01,2.081511100000000170e+01,9.867179999999999609e+02,0.000000000000000000e+00,0.000000000000000000e+00,0.000000000000000000e+00,9.892049710990949984e-01
1.145000000000000018e+00,3.155199999999999960e+01,2.078729600000008304e+01,9.847640000000000100e+02,0.000000000000000000e+00,0.000000000000000000e+00,0.000000000000000000e+00,9.891869476422450180e-01
1.146000000000000130e+00,3.153000000000000114e+01,2.080509999999992488e+01,9.834160000000000537e+02,0.000000000000000000e+00,0.000000000000000000e+00,0.000000000000000000e+00,9.892118913928598101e-01
1.147000000000000020e+00,3.150100000000000122e+01,2.076999899999987065e+01,9.815819999999999936e+02,0.000000000000000000e+00,0.000000000000000000e+00,0.000000000000000000e+00,9.891858707996509237e-01
1.148000000000000131e+00,3.146600000000000108e+01,2.081484399999988000e+01,9.794579999999999700e+02,0.000000000000000000e+00,0.000000000000000000e+00,0.000000000000000000e+00,9.892424426787139735e-01
1.149000000000000021e+00,3.144000000000000128e+01,2.077639999999996689e+01,9.778099999999999454e+02,0.000000000000000000e+00,0.000000000000000000e+00,0.000000000000000000e+00,9.892120538171175204e-01
1.150000000000000133e+00,3.141400000000000148e+01,2.077260399999988749e+01,9.761979999999999791e+02,0.000000000000000000e+00,0.000000000000000000e+00,0.000000000000000000e+00,9.892166891156419783e-01
1.151000000000000023e+00,3.139300000000000068e+01,2.080655099999989943e+01,9.749339999999999691e+02,0.000000000000000000e+00,0.000000000000000000e+00,0.000000000000000000e+00,9.892580118345163376e-01
1.152000000000000135e+00,3.136400000000000077e+01,2.080750399999999445e+01,9.731440000000000055e+02,0.000000000000000000e+00,0.000000000000000000e+00,0.000000000000000000e+00,9.892685872957005522e-01
1.153000000000000025e+00,3.133800000000000097e+01,2.077175599999986844e+01,9.715040000000000191e+02,0.000000000000000000e+00,0.000000000000000000e+00,0.000000000000000000e+00,9.892408470121613062e-01
1.153999999999999915e+00,3.130499999999999972e+01,2.074397499999997763e+01,9.694420000000000073e+02,0.000000000000000000e+00,0.000000000000000000e+00,0.000000000000000000e+00,9.892234771418180195e-01
1.155000000000000027e+00,3.127400000000000091e+01,2.077892399999996087e+01,9.675679999999999836e+02,0.000000000000000000e+00,0.000000000000000000e+00,0.000000000000000000e+00,9.892695305062307876e-01
1.155999999999999917e+00,3.123100000000000165e+01,2.074963899999988826e+01,9.648940000000000055e+02,0.000000000000000000e+00,0.000000000000000000e+00,0.000000000000000000e+00,9.892540232006126200e-01
1.157000000000000028e+00,3.119099999999999895e+01,2.073851900000011028e+01,9.624260000000000446e+02,0.000000000000000000e+00,0.000000000000000000e+00,0.000000000000000000e+00,9.892561288957115728e-01
1.157999999999999918e+00,3.115899999999999892e+01,2.068971900000008191e+01,9.604139999999999873e+02,0.000000000000000000e+00,0.000000000000000000e+00,0.000000000000000000e+00,9.892167460240774979e-01
1.159000000000000030e+00,3.112699999999999889e+01,2.072887100000002647e+01,9.584919999999999618e+02,0.000000000000000000e+00,0.000000000000000000e+00,0.000000000000000000e+00,9.892679998600750757e-01
1.159999999999999920e+00,3.109499999999999886e+01,2.070597500000008040e+01,9.565099999999999909e+02,0.000000000000000000e+00,0.000000000000000000e+00,0.000000000000000000e+00,9.892553154658523251e-01
1.161000000000000032e+00,3.106899999999999906e+01,2.069023900000001959e+01,9.549039999999999964e+02,0.000000000000000000e+00,0.000000000000000000e+00,0.000000000000000000e+00,9.892479577805285418e-01
1.161999999999999922e+00,3.104299999999999926e+01,2.066715100000010352e+01,9.532920000000000300e+02,0.000000000000000000e+00,0.000000000000000000e+00,0.000000000000000000e+00,9.892329613250385734e-01
1.163000000000000034e+00,3.101399999999999935e+01,2.065980400000000827e+01,9.515140000000000100e+02,0.000000000000000000e+00,0.000000000000000000e+00,0.000000000000000000e+00,9.892353276227879855e-01
1.163999999999999924e+00,3.098199999999999932e+01,2.064567599999998038e+01,9.495480000000000018e+02,0.000000000000000000e+00,0.000000000000000000e+00,0.000000000000000000e+00,9.892316982978461848e-01
1.165000000000000036e+00,3.095499999999999829e+01,2.067697500000008404e+01,9.479339999999999691e+02,0.000000000000000000e+00,0.000000000000000000e+00,0.000000000000000000e+00,9.892737465906880079e-01
1.165999999999999925e+00,3.091900000000000048e+01,2.080443900000000212e+01,9.458700000000000045e+02,0.000000000000000000e+00,0.000000000000000000e+00,0.000000000000000000e+00,9.894197444052655888e-01
1.167000000000000037e+00,3.089099999999999824e+01,2.084911900000008700e+01,9.442119999999999891e+02,0.000000000000000000e+00,0.000000000000000000e+00,0.000000000000000000e+00,9.894767197703439043e-01
1.167999999999999927e+00,3.085500000000000043e+01,2.078797500000007403e+01,9.419640000000000555e+02,0.000000000000000000e+00,0.000000000000000000e+00,0.000000000000000000e+00,9.894257385151917772e-01
1.169000000000000039e+00,3.082400000000000162e+01,2.080702399999984209e+01,9.401019999999999754e+02,0.000000000000000000e+00,0.000000000000000000e+00,0.000000000000000000e+00,9.894571351030462258e-01
1.169999999999999929e+00,3.079200000000000159e+01,2.069473599999992075e+01,9.380499999999999545e+02,0.000000000000000000e+00,0.000000000000000000e+00,0.000000000000000000e+00,9.893505319443709478e-01
1.171000000000000041e+00,3.076800000000000068e+01,2.060017599999991944e+01,9.365019999999999527e+02,0.000000000000000000e+00,0.000000000000000000e+00,0.000000000000000000e+00,9.892593766673182243e-01
1.171999999999999931e+00,3.073699999999999832e+01,2.062583100000006198e+01,9.346520000000000437e+02,0.000000000000000000e+00,0.000000000000000000e+00,0.000000000000000000e+00,9.892976681016235618e-01
1.173000000000000043e+00,3.070599999999999952e+01,2.058556400000009035e+01,9.327380000000000564e+02,0.000000000000000000e+00,0.000000000000000000e+00,0.000000000000000000e+00,9.892662189639676029e-01
1.173999999999999932e+00,3.067999999999999972e+01,2.052959999999995944e+01,9.311119999999999663e+02,0.000000000000000000e+00,0.000000000000000000e+00,0.000000000000000000e+00,9.892161845623494987e-01
1.175000000000000044e+00,3.065500000000000114e+01,2.053797499999984666e+01,9.296119999999999663e+02,0.000000000000000000e+00,0.000000000000000000e+00,0.000000000000000000e+00,9.892341039482098752e-01
1.175999999999999934e+00,3.062000000000000099e+01,2.053959999999995034e+01,9.275040000000000191e+02,0.000000000000000000e+00,0.000000000000000000e+00,0.000000000000000000e+00,9.892485412513262188e-01
1.177000000000000046e+00,3.058099999999999952e+01,2.058943900000008398e+01,9.252060000000000173e+02,0.000000000000000000e+00,0.000000000000000000e+00,0.000000000000000000e+00,9.893160959601776661e-01
1.177999999999999936e+00,3.055300000000000082e+01,2.057919099999992341e+01,9.235119999999999436e+02,0.000000000000000000e+00,0.000000000000000000e+00,0.000000000000000000e+00,9.893155215603282038e-01
1.179000000000000048e+00,3.051099999999999923e+01,2.058587899999997717e+01,9.209959999999999809e+02,0.000000000000000000e+00,0.000000000000000000e+00,0.000000000000000000e+00,9.893383867052684133e-01
1.179999999999999938e+00,3.047599999999999909e+01,2.061342400000000907e+01,9.189239999999999782e+02,0.000000000000000000e+00,0.000000000000000000e+00,0.000000000000000000e+00,9.893812246485353956e-01
1.181000000000000050e+00,3.043799999999999883e+01,2.063015600000005634e+01,9.166639999999999873e+02,0.000000000000000000e+00,0.000000000000000000e+00,0.000000000000000000e+00,9.894137700314182826e-01
1.181999999999999940e+00,3.041100000000000136e+01,2.063407899999992878e+01,9.150520000000000209e+02,0.000000000000000000e+00,0.000000000000000000e+00,0.000000000000000000e+00,9.894284004554827483e-01
1.183000000000000052e+00,3.038200000000000145e+01,2.057207599999981085e+01,9.132559999999999718e+02,0.000000000000000000e+00,0.000000000000000000e+00,0.000000000000000000e+00,9.893724556990578511e-01
1.183999999999999941e+00,3.034900000000000020e+01,2.060919899999998961e+01,9.113220000000000027e+02,0.000000000000000000e+00,0.000000000000000000e+00,0.000000000000000000e+00,9.894254641877173739e-01
1.185000000000000053e+00,3.031599999999999895e+01,2.058814400000005662e+01,9.093319999999999936e+02,0.000000000000000000e+00,0.000000000000000000e+00,0.000000000000000000e+00,9.894154271492846542e-01
1.185999999999999943e+00,3.027700000000000102e+01,2.056027099999994334e+01,9.069800000000000182e+02,0.000000000000000000e+00,0.000000000000000000e+00,0.000000000000000000e+00,9.894002796207205241e-01
1.187000000000000055e+00,3.023999999999999844e+01,2.056440000000009150e+01,9.047820000000000391e+02,0.000000000000000000e+00,0.000000000000000000e+00,0.000000000000000000e+00,9.894193016712858890e-01
1.187999999999999945e+00,3.021199999999999974e+01,2.053905599999995957e+01,9.030919999999999845e+02,0.000000000000000000e+00,0.000000000000000000e+00,0.000000000000000000e+00,9.894025903781861198e-01
1.189000000000000057e+00,3.018199999999999861e+01,2.059287600000016027e+01,9.013640000000000327e+02,0.000000000000000000e+00,0.000000000000000000e+00,0.000000000000000000e+00,9.894735264116621964e-01
1.189999999999999947e+00,3.015299999999999869e+01,2.063759100000004310e+01,8.996879999999999882e+02,0.000000000000000000e+00,0.000000000000000000e+00,0.000000000000000000e+00,9.895343452237320703e-01
1.191000000000000059e+00,3.012000000000000099e+01,2.061359999999990578e+01,8.977079999999999700e+02,0.000000000000000000e+00,0.000000000000000000e+00,0.000000000000000000e+00,9.895213303492536028e-01
1.191999999999999948e+00,3.009700000000000131e+01,2.060559099999989030e+01,8.963379999999999654e+02,0.000000000000000000e+00,0.000000000000000000e+00,0.000000000000000000e+00,9.895218581935000257e-01
1.193000000000000060e+00,3.006099999999999994e+01,2.054927900000006957e+01,8.941520000000000437e+02,0.000000000000000000e+00,0.000000000000000000e+00,0.000000000000000000e+00,9.894742692674723950e-01
1.193999999999999950e+00,3.003399999999999892e+01,2.053484400000013466e+01,8.925420000000000300e+02,0.000000000000000000e+00,0.000000000000000000e+00,0.000000000000000000e+00,9.894692654134288334e-01
1.195000000000000062e+00,2.999899999999999878e+01,2.053699900000003709e+01,8.904779999999999518e+02,0.000000000000000000e+00,0.000000000000000000e+00,0.000000000000000000e+00,9.894859646315465884e-01
1.195999999999999952e+00,2.996900000000000119e+01,2.059403899999995247e+01,8.887659999999999627e+02,0.000000000000000000e+00,0.000000000000000000e+00,0.000000000000000000e+00,9.895618155644945180e-01
1.197000000000000064e+00,2.994099999999999895e+01,2.060151900000016667e+01,8.871240000000000236e+02,0.000000000000000000e+00,0.000000000000000000e+00,0.000000000000000000e+00,9.895818611712082769e-01
1.197999999999999954e+00,2.991199999999999903e+01,2.058825600000011491e+01,8.854039999999999964e+02,0.000000000000000000e+00,0.000000000000000000e+00,0.000000000000000000e+00,9.895792389779746179e-01
1.199000000000000066e+00,2.988400000000000034e+01,2.061454400000002352e+01,8.837839999999999918e+02,0.000000000000000000e+00,0.000000000000000000e+00,0.000000000000000000e+00,9.896204914300225086e-01
1.199999999999999956e+00,2.985300000000000153e+01,2.061739099999988412e+01,8.819660000000000082e+02,0.000000000000000000e+00,0.000000000000000000e+00,0.000000000000000000e+00,9.896369026865164953e-01
1.201000000000000068e+00,2.982799999999999940e+01,2.052841599999999289e+01,8.804099999999999682e+02,0.000000000000000000e+00,0.000000000000000000e+00,0.000000000000000000e+00,9.895476184957000543e-01
1.201999999999999957e+00,2.979700000000000060e+01,2.047979099999997743e+01,8.785439999999999827e+02,0.000000000000000000e+00,0.000000000000000000e+00,0.000000000000000000e+00,9.895060073516512844e-01
1.203000000000000069e+00,2.977799999999999869e+01,2.049871600000017224e+01,8.774500000000000455e+02,0.000000000000000000e+00,0.000000000000000000e+00,0.000000000000000000e+00,9.895353811276634826e-01
1.203999999999999959e+00,2.973600000000000065e+01,2.042630399999995916e+01,8.749199999999999591e+02,0.000000000000000000e+00,0.000000000000000000e+00,0.000000000000000000e+00,9.894714054027879957e-01
1.205000000000000071e+00,2.970799999999999841e+01,2.041273599999999533e+01,8.732699999999999818e+02,0.000000000000000000e+00,0.000000000000000000e+00,0.000000000000000000e+00,9.894679018321301811e-01
1.205999999999999961e+00,2.967500000000000071e+01,2.039537499999994452e+01,8.713260000000000218e+02,0.000000000000000000e+00,0.000000000000000000e+00,0.000000000000000000e+00,9.894622237962652500e-01
1.207000000000000073e+00,2.964499999999999957e+01,2.037297499999999673e+01,8.695539999999999736e+02,0.000000000000000000e+00,0.000000000000000000e+00,0.000000000000000000e+00,9.894495329721261223e-01
1.207999999999999963e+00,2.961700000000000088e+01,2.030631099999993694e+01,8.678559999999999945e+02,0.000000000000000000e+00,0.000000000000000000e+00,0.000000000000000000e+00,9.893854963751365084e-01
1.209000000000000075e+00,2.958200000000000074e+01,2.033527599999990798e+01,8.658479999999999563e+02,0.000000000000000000e+00,0.000000000000000000e+00,0.000000000000000000e+00,9.894334593199991534e-01
1.209999999999999964e+00,2.954899999999999949e+01,2.031759900000008656e+01,8.639120000000000346e+02,0.000000000000000000e+00,0.000000000000000000e+00,0.000000000000000000e+00,9.894273941835587394e-01
1.211000000000000076e+00,2.952100000000000080e+01,2.029555899999991198e+01,8.622640000000000100e+02,0.000000000000000000e+00,0.000000000000000000e+00,0.000000000000000000e+00,9.894141677845067484e-01
1.211999999999999966e+00,2.949299999999999855e+01,2.023195100000020830e+01,8.605760000000000218e+02,0.000000000000000000e+00,0.000000000000000000e+00,0.000000000000000000e+00,9.893531219316920033e-01
1.213000000000000078e+00,2.946799999999999997e+01,2.013297599999998511e+01,8.590280000000000200e+02,0.000000000000000000e+00,0.000000000000000000e+00,0.000000000000000000e+00,9.892498600907724260e-01
1.213999999999999968e+00,2.942999999999999972e+01,2.014709999999990941e+01,8.568419999999999845e+02,0.000000000000000000e+00,0.000000000000000000e+00,0.000000000000000000e+00,9.892822617153714804e-01
1.215000000000000080e+00,2.940800000000000125e+01,2.025153599999987364e+01,8.556739999999999782e+02,0.000000000000000000e+00,0.000000000000000000e+00,0.000000000000000000e+00,9.894124173683130907e-01
1.215999999999999970e+00,2.937800000000000011e+01,2.028711600000008275e+01,8.539759999999999991e+02,0.000000000000000000e+00,0.000000000000000000e+00,0.000000000000000000e+00,9.894667676763739816e-01
1.217000000000000082e+00,2.934799999999999898e+01,2.030089600000007977e+01,8.522580000000000382e+02,0.000000000000000000e+00,0.000000000000000000e+00,0.000000000000000000e+00,9.894960520285041028e-01
1.217999999999999972e+00,2.931700000000000017e+01,2.038251100000002225e+01,8.505520000000000209e+02,0.000000000000000000e+00,0.000000000000000000e+00,0.000000000000000000e+00,9.896048522991965912e-01
1.219000000000000083e+00,2.928500000000000014e+01,2.039377500000000509e+01,8.487200000000000273e+02,0.000000000000000000e+00,0.000000000000000000e+00,0.000000000000000000e+00,9.896325692332210711e-01
1.219999999999999973e+00,2.925100000000000122e+01,2.038399899999990339e+01,8.467540000000000191e+02,0.000000000000000000e+00,0.000000000000000000e+00,0.000000000000000000e+00,9.896367655893942850e-01
1.221000000000000085e+00,2.922100000000000009e+01,2.039415899999994508e+01,8.450399999999999636e+02,0.000000000000000000e+00,0.000000000000000000e+00,0.000000000000000000e+00,9.896625087470751758e-01
1.221999999999999975e+00,2.919399999999999906e+01,2.041836399999999685e+01,8.435140000000000100e+02,0.000000000000000000e+00,0.000000000000000000e+00,0.000000000000000000e+00,9.897034580389993952e-01
1.223000000000000087e+00,2.916400000000000148e+01,2.039110399999981382e+01,8.417659999999999627e+02,0.000000000000000000e+00,0.000000000000000000e+00,0.000000000000000000e+00,9.896854852361740562e-01
1.223999999999999977e+00,2.913800000000000168e+01,2.035095599999988281e+01,8.402359999999999900e+02,0.000000000000000000e+00,0.000000000000000000e+00,0.000000000000000000e+00,9.896504057668426002e-01
1.225000000000000089e+00,2.910800000000000054e+01,2.035033599999997023e+01,8.385180000000000291e+02,0.000000000000000000e+00,0.000000000000000000e+00,0.000000000000000000e+00,9.896637371140167838e-01
1.225999999999999979e+00,2.908099999999999952e+01,2.038243899999997666e+01,8.370059999999999718e+02,0.000000000000000000e+00,0.000000000000000000e+00,0.000000000000000000e+00,9.897144210861125169e-01
1.227000000000000091e+00,2.904599999999999937e+01,2.045788400000003548e+01,8.350819999999999936e+02,0.000000000000000000e+00,0.000000000000000000e+00,0.000000000000000000e+00,9.898205283829206724e-01
1.227999999999999980e+00,2.900499999999999901e+01,2.055897500000014588e+01,8.328440000000000509e+02,0.000000000000000000e+00,0.000000000000000000e+00,0.000000000000000000e+00,9.899606262418244595e-01
1.229000000000000092e+00,2.897200000000000131e+01,2.055321599999990667e+01,8.309579999999999700e+02,0.000000000000000000e+00,0.000000000000000000e+00,0.000000000000000000e+00,9.899701967453985452e-01
1.229999999999999982e+00,2.894999999999999929e+01,2.055950000000007094e+01,8.297119999999999891e+02,0.000000000000000000e+00,0.000000000000000000e+00,0.000000000000000000e+00,9.899886947002306536e-01
1.231000000000000094e+00,2.891700000000000159e+01,2.062411099999997077e+01,8.278999999999999773e+02,0.000000000000000000e+00,0.000000000000000000e+00,0.000000000000000000e+00,9.900825645504860439e-01
1.231999999999999984e+00,2.889199999999999946e+01,2.062433600000008482e+01,8.264800000000000182e+02,0.000000000000000000e+00,0.000000000000000000e+00,0.000000000000000000e+00,9.900956128941020840e-01
1.233000000000000096e+00,2.887900000000000134e+01,2.057835899999997764e+01,8.256960000000000264e+02,0.000000000000000000e+00,0.000000000000000000e+00,0.000000000000000000e+00,9.900471529596963638e-01
1.233999999999999986e+00,2.885600000000000165e+01,2.058726399999989098e+01,8.243999999999999773e+02,0.000000000000000000e+00,0.000000000000000000e+00,0.000000000000000000e+00,9.900695971368858039e-01
1.235000000000000098e+00,2.881899999999999906e+01,2.062823900000012145e+01,8.223440000000000509e+02,0.000000000000000000e+00,0.000000000000000000e+00,0.000000000000000000e+00,9.901379672656472897e-01
1.235999999999999988e+00,2.879299999999999926e+01,2.068815100000006169e+01,8.209320000000000164e+02,0.000000000000000000e+00,0.000000000000000000e+00,0.000000000000000000e+00,9.902237771339402750e-01
1.237000000000000099e+00,2.876300000000000168e+01,2.068483099999991737e+01,8.192319999999999709e+02,0.000000000000000000e+00,0.000000000000000000e+00,0.000000000000000000e+00,9.902356222578957423e-01
1.237999999999999989e+00,2.872700000000000031e+01,2.062847099999999045e+01,8.171420000000000528e+02,0.000000000000000000e+00,0.000000000000000000e+00,0.000000000000000000e+00,9.901864623519962549e-01
1.239000000000000101e+00,2.869600000000000151e+01,2.059558399999991707e+01,8.153600000000000136e+02,0.000000000000000000e+00,0.000000000000000000e+00,0.000000000000000000e+00,9.901629564182959919e-01
1.239999999999999991e+00,2.865700000000000003e+01,2.055135100000006787e+01,8.131180000000000518e+02,0.000000000000000000e+00,0.000000000000000000e+00,0.000000000000000000e+00,9.901297910625562748e-01
1.241000000000000103e+00,2.862999999999999901e+01,2.056710000000009586e+01,8.116140000000000327e+02,0.000000000000000000e+00,0.000000000000000000e+00,0.000000000000000000e+00,9.901633192298088249e-01
1.241999999999999993e+00,2.859900000000000020e+01,2.057419900000002144e+01,8.098780000000000427e+02,0.000000000000000000e+00,0.000000000000000000e+00,0.000000000000000000e+00,9.901885639831670138e-01
1.243000000000000105e+00,2.858299999999999841e+01,2.058911100000011629e+01,8.089940000000000282e+02,0.000000000000000000e+00,0.000000000000000000e+00,0.000000000000000000e+00,9.902154130953098043e-01
1.243999999999999995e+00,2.855199999999999960e+01,2.055129600000009304e+01,8.072160000000000082e+02,0.000000000000000000e+00,0.000000000000000000e+00,0.000000000000000000e+00,9.901857948190424530e-01
1.245000000000000107e+00,2.852199999999999847e+01,2.051351600000009512e+01,8.054959999999999809e+02,0.000000000000000000e+00,0.000000000000000000e+00,0.000000000000000000e+00,9.901555748523692690e-01
1.245999999999999996e+00,2.849099999999999966e+01,2.036591899999996258e+01,8.036119999999999663e+02,0.000000000000000000e+00,0.000000000000000000e+00,0.000000000000000000e+00,9.899905016166188343e-01
1.247000000000000108e+00,2.846300000000000097e+01,2.037863099999992755e+01,8.020579999999999927e+02,0.000000000000000000e+00,0.000000000000000000e+00,0.000000000000000000e+00,9.900210514727442179e-01
1.247999999999999998e+00,2.842699999999999960e+01,2.032067100000006121e+01,7.999880000000000564e+02,0.000000000000000000e+00,0.000000000000000000e+00,0.000000000000000000e+00,9.899685857095033015e-01
1.249000000000000110e+00,2.839499999999999957e+01,2.032697499999994761e+01,7.982079999999999700e+02,0.000000000000000000e+00,0.000000000000000000e+00,0.000000000000000000e+00,9.899934702882923210e-01
1.250000000000000000e+00,2.836799999999999855e+01,2.032457600000020648e+01,7.967000000000000455e+02,0.000000000000000000e+00,0.000000000000000000e+00,0.000000000000000000e+00,9.900049832528984295e-01
1.251000000000000112e+00,2.833500000000000085e+01,2.033677499999998872e+01,7.948740000000000236e+02,0.000000000000000000e+00,0.000000000000000000e+00,0.000000000000000000e+00,9.900379851850024115e-01
1.252000000000000002e+00,2.830999999999999872e+01,2.030590000000006512e+01,7.934519999999999982e+02,0.000000000000000000e+00,0.000000000000000000e+00,0.000000000000000000e+00,9.900130524928316689e-01
1.253000000000000114e+00,2.828800000000000026e+01,2.027105599999993046e+01,7.921939999999999600e+02,0.000000000000000000e+00,0.000000000000000000e+00,0.000000000000000000e+00,9.899814616881819074e-01
1.254000000000000004e+00,2.826599999999999824e+01,2.028124400000001515e+01,7.909819999999999709e+02,0.000000000000000000e+00,0.000000000000000000e+00,0.000000000000000000e+00,9.900061473896919484e-01
1.255000000000000115e+00,2.823900000000000077e+01,2.033987899999999627e+01,7.895420000000000300e+02,0.000000000000000000e+00,0.000000000000000000e+00,0.000000000000000000e+00,9.900944147574249898e-01
1.256000000000000005e+00,2.821199999999999974e+01,2.034705600000006598e+01,7.880520000000000209e+02,0.000000000000000000e+00,0.000000000000000000e+00,0.000000000000000000e+00,9.901183860209414878e-01
1.257000000000000117e+00,2.817800000000000082e+01,2.034631600000000162e+01,7.861680000000000064e+02,0.000000000000000000e+00,0.000000000000000000e+00,0.000000000000000000e+00,9.901364142104620569e-01
1.258000000000000007e+00,2.814999999999999858e+01,2.037750000000005457e+01,7.846499999999999773e+02,0.000000000000000000e+00,0.000000000000000000e+00,0.000000000000000000e+00,9.901914698282798799e-01
1.259000000000000119e+00,2.812900000000000134e+01,2.045035899999993489e+01,7.835620000000000118e+02,0.000000000000000000e+00,0.000000000000000000e+00,0.000000000000000000e+00,9.902954416114223557e-01
1.260000000000000009e+00,2.810699999999999932e+01,2.042155100000002221e+01,7.823179999999999836e+02,0.000000000000000000e+00,0.000000000000000000e+00,0.000000000000000000e+00,9.902716260166606332e-01
1.261000000000000121e+00,2.808399999999999963e+01,2.049094400000001315e+01,7.811180000000000518e+02,0.000000000000000000e+00,0.000000000000000000e+00,0.000000000000000000e+00,9.903728292608086070e-01
1.262000000000000011e+00,2.805799999999999983e+01,2.050063599999998587e+01,7.796939999999999600e+02,0.000000000000000000e+00,0.000000000000000000e+00,0.000000000000000000e+00,9.904003164102488377e-01
1.263000000000000123e+00,2.802700000000000102e+01,2.058427100000005794e+01,7.780700000000000500e+02,0.000000000000000000e+00,0.000000000000000000e+00,0.000000000000000000e+00,9.905250052287822848e-01
1.264000000000000012e+00,2.800700000000000145e+01,2.063095099999986815e+01,7.770159999999999627e+02,0.000000000000000000e+00,0.000000000000000000e+00,0.000000000000000000e+00,9.905964765841219766e-01
1.265000000000000124e+00,2.798499999999999943e+01,2.059877500000004602e+01,7.757740000000000009e+02,0.000000000000000000e+00,0.000000000000000000e+00,0.000000000000000000e+00,9.905686923770931074e-01
1.266000000000000014e+00,2.795599999999999952e+01,2.062006400000007034e+01,7.742019999999999982e+02,0.000000000000000000e+00,0.000000000000000000e+00,0.000000000000000000e+00,9.906134614046425702e-01
1.267000000000000126e+00,2.792599999999999838e+01,2.065252400000008492e+01,7.725879999999999654e+02,0.000000000000000000e+00,0.000000000000000000e+00,0.000000000000000000e+00,9.906733744083545679e-01
1.268000000000000016e+00,2.789399999999999835e+01,2.062276400000007470e+01,7.708039999999999736e+02,0.000000000000000000e+00,0.000000000000000000e+00,0.000000000000000000e+00,9.906548420209585482e-01
1.269000000000000128e+00,2.787800000000000011e+01,2.060911599999997179e+01,7.699139999999999873e+02,0.000000000000000000e+00,0.000000000000000000e+00,0.000000000000000000e+00,9.906471383381623141e-01
1.270000000000000018e+00,2.785800000000000054e+01,2.061383599999987837e+01,7.688239999999999554e+02,0.000000000000000000e+00,0.000000000000000000e+00,0.000000000000000000e+00,9.906655570527951316e-01
1.271000000000000130e+00,2.782499999999999929e+01,2.061837500000012824e+01,7.670240000000000009e+02,0.000000000000000000e+00,0.000000000000000000e+00,0.000000000000000000e+00,9.906918884796117597e-01
1.272000000000000020e+00,2.779799999999999827e+01,2.059319600000014816e+01,7.655240000000000009e+02,0.000000000000000000e+00,0.000000000000000000e+00,0.000000000000000000e+00,9.906761544765712024e-01
1.273000000000000131e+00,2.777499999999999858e+01,2.062237500000003365e+01,7.642980000000000018e+02,0.000000000000000000e+00,0.000000000000000000e+00,0.000000000000000000e+00,9.907283437614688992e-01
1.274000000000000021e+00,2.774500000000000099e+01,2.064797499999997399e+01,7.626879999999999882e+02,0.000000000000000000e+00,0.000000000000000000e+00,0.000000000000000000e+00,9.907805104418599962e-01
1.275000000000000133e+00,2.771600000000000108e+01,2.060934399999996458e+01,7.610700000000000500e+02,0.000000000000000000e+00,0.000000000000000000e+00,0.000000000000000000e+00,9.907486696653796665e-01
1.276000000000000023e+00,2.768700000000000117e+01,2.057503099999996721e+01,7.594579999999999700e+02,0.000000000000000000e+00,0.000000000000000000e+00,0.000000000000000000e+00,9.907223485296747789e-01
1.277000000000000135e+00,2.765700000000000003e+01,2.045935100000008333e+01,7.577119999999999891e+02,0.000000000000000000e+00,0.000000000000000000e+00,0.000000000000000000e+00,9.905901971436629205e-01
1.278000000000000025e+00,2.762900000000000134e+01,2.044935899999995854e+01,7.561820000000000164e+02,0.000000000000000000e+00,0.000000000000000000e+00,0.000000000000000000e+00,9.905947055571265869e-01
1.279000000000000137e+00,2.760800000000000054e+01,2.044633599999986018e+01,7.550399999999999636e+02,0.000000000000000000e+00,0.000000000000000000e+00,0.000000000000000000e+00,9.906039774796396857e-01
1.280000000000000027e+00,2.757900000000000063e+01,2.043775899999991452e+01,7.534600000000000364e+02,0.000000000000000000e+00,0.000000000000000000e+00,0.000000000000000000e+00,9.906110579170090968e-01
1.280999999999999917e+00,2.754500000000000171e+01,2.040997499999980391e+01,7.515919999999999845e+02,0.000000000000000000e+00,0.000000000000000000e+00,0.000000000000000000e+00,9.905960579168771041e-01
1.282000000000000028e+00,2.751500000000000057e+01,2.048777499999994234e+01,7.500480000000000018e+02,0.000000000000000000e+00,0.000000000000000000e+00,0.000000000000000000e+00,9.907179303087086941e-01
1.282999999999999918e+00,2.748799999999999955e+01,2.042385599999988699e+01,7.485259999999999536e+02,0.000000000000000000e+00,0.000000000000000000e+00,0.000000000000000000e+00,9.906508256412618341e-01
1.284000000000000030e+00,2.745499999999999829e+01,2.044797500000015589e+01,7.467699999999999818e+02,0.000000000000000000e+00,0.000000000000000000e+00,0.000000000000000000e+00,9.907041143897959978e-01
1.284999999999999920e+00,2.743400000000000105e+01,2.048364399999991292e+01,7.456739999999999782e+02,0.000000000000000000e+00,0.000000000000000000e+00,0.000000000000000000e+00,9.907651726328132735e-01
1.286000000000000032e+00,2.739799999999999969e+01,2.045159599999999500e+01,7.437039999999999509e+02,0.000000000000000000e+00,0.000000000000000000e+00,0.000000000000000000e+00,9.907461529854848514e-01
1.286999999999999922e+00,2.736799999999999855e+01,2.049657600000011826e+01,7.421359999999999673e+02,0.000000000000000000e+00,0.000000000000000000e+00,0.000000000000000000e+00,9.908259600908843057e-01
1.288000000000000034e+00,2.733500000000000085e+01,2.052877499999999600e+01,7.403959999999999582e+02,0.000000000000000000e+00,0.000000000000000000e+00,0.000000000000000000e+00,9.908910536234015742e-01
1.288999999999999924e+00,2.731400000000000006e+01,2.051140399999997044e+01,7.392519999999999527e+02,0.000000000000000000e+00,0.000000000000000000e+00,0.000000000000000000e+00,9.908819059134916785e-01
1.290000000000000036e+00,2.728999999999999915e+01,2.047190000000000509e+01,7.379260000000000446e+02,0.000000000000000000e+00,0.000000000000000000e+00,0.000000000000000000e+00,9.908450432839951416e-01
1.290999999999999925e+00,2.726500000000000057e+01,2.036277499999994234e+01,7.364779999999999518e+02,0.000000000000000000e+00,0.000000000000000000e+00,0.000000000000000000e+00,9.907150812358507252e-01
1.292000000000000037e+00,2.724399999999999977e+01,2.035046399999998812e+01,7.353419999999999845e+02,0.000000000000000000e+00,0.000000000000000000e+00,0.000000000000000000e+00,9.907124683935908394e-01
1.292999999999999927e+00,2.721699999999999875e+01,2.037391100000013466e+01,7.339220000000000255e+02,0.000000000000000000e+00,0.000000000000000000e+00,0.000000000000000000e+00,9.907621335000577067e-01
1.294000000000000039e+00,2.718499999999999872e+01,2.031877500000007331e+01,7.321580000000000155e+02,0.000000000000000000e+00,0.000000000000000000e+00,0.000000000000000000e+00,9.907090664044201356e-01
1.294999999999999929e+00,2.716300000000000026e+01,2.035243100000002414e+01,7.310180000000000291e+02,0.000000000000000000e+00,0.000000000000000000e+00,0.000000000000000000e+00,9.907694425424180551e-01
1.296000000000000041e+00,2.713599999999999923e+01,2.029150400000003174e+01,7.295180000000000291e+02,0.000000000000000000e+00,0.000000000000000000e+00,0.000000000000000000e+00,9.907049910374577939e-01
1.296999999999999931e+00,2.710800000000000054e+01,2.032233599999995022e+01,7.280579999999999927e+02,0.000000000000000000e+00,0.000000000000000000e+00,0.000000000000000000e+00,9.907658399569462260e-01
1.298000000000000043e+00,2.708099999999999952e+01,2.031843900000012582e+01,7.266180000000000518e+02,0.000000000000000000e+00,0.000000000000000000e+00,0.000000000000000000e+00,9.907789197592327124e-01
1.298999999999999932e+00,2.705399999999999849e+01,2.029308400000002166e+01,7.251580000000000155e+02,0.000000000000000000e+00,0.000000000000000000e+00,0.000000000000000000e+00,9.907627527418625402e-01
1.300000000000000044e+00,2.703000000000000114e+01,2.024109999999996035e+01,7.238319999999999936e+02,0.000000000000000000e+00,0.000000000000000000e+00,0.000000000000000000e+00,9.907080402435790578e-01
1.300999999999999934e+00,2.699899999999999878e+01,2.013099900000008802e+01,7.220779999999999745e+02,0.000000000000000000e+00,0.000000000000000000e+00,0.000000000000000000e+00,9.905781758997537212e-01
1.302000000000000046e+00,2.697500000000000142e+01,2.009437499999989996e+01,7.207699999999999818e+02,0.000000000000000000e+00,0.000000000000000000e+00,0.000000000000000000e+00,9.905440540231789104e-01
1.302999999999999936e+00,2.696000000000000085e+01,2.002239999999994780e+01,7.199039999999999964e+02,0.000000000000000000e+00,0.000000000000000000e+00,0.000000000000000000e+00,9.904551418080637104e-01
1.304000000000000048e+00,2.693599999999999994e+01,1.994790399999999408e+01,7.185599999999999454e+02,0.000000000000000000e+00,0.000000000000000000e+00,0.000000000000000000e+00,9.903685282360660258e-01
1.304999999999999938e+00,2.689399999999999835e+01,1.996476400000005924e+01,7.163579999999999472e+02,0.000000000000000000e+00,0.000000000000000000e+00,0.000000000000000000e+00,9.904198005230664403e-01
1.306000000000000050e+00,2.687500000000000000e+01,1.995537500000000364e+01,7.153460000000000036e+02,0.000000000000000000e+00,0.000000000000000000e+00,0.000000000000000000e+00,9.904195565170362814e-01
1.306999999999999940e+00,2.684400000000000119e+01,1.999966399999993882e+01,7.137559999999999718e+02,0.000000000000000000e+00,0.000000000000000000e+00,0.000000000000000000e+00,9.905018972958123946e-01
1.308000000000000052e+00,2.681500000000000128e+01,1.993077499999992597e+01,7.121599999999999682e+02,0.000000000000000000e+00,0.000000000000000000e+00,0.000000000000000000e+00,9.904258670598458103e-01
1.308999999999999941e+00,2.678999999999999915e+01,1.995789999999999509e+01,7.108719999999999573e+02,0.000000000000000000e+00,0.000000000000000000e+00,0.000000000000000000e+00,9.904806172906076567e-01
1.310000000000000053e+00,2.676099999999999923e+01,1.990987899999993260e+01,7.092999999999999545e+02,0.000000000000000000e+00,0.000000000000000000e+00,0.000000000000000000e+00,9.904334144022096664e-01
1.310999999999999943e+00,2.674200000000000088e+01,1.985943599999984599e+01,7.082519999999999527e+02,0.000000000000000000e+00,0.000000000000000000e+00,0.000000000000000000e+00,9.903758476425702506e-01
1.312000000000000055e+00,2.670599999999999952e+01,2.000556400000004942e+01,7.065099999999999909e+02,0.000000000000000000e+00,0.000000000000000000e+00,0.000000000000000000e+00,9.906052468362928076e-01
1.312999999999999945e+00,2.667599999999999838e+01,2.000102400000014313e+01,7.049339999999999691e+02,0.000000000000000000e+00,0.000000000000000000e+00,0.000000000000000000e+00,9.906198822315025465e-01
1.314000000000000057e+00,2.664900000000000091e+01,2.000379899999995814e+01,7.035240000000000009e+02,0.000000000000000000e+00,0.000000000000000000e+00,0.000000000000000000e+00,9.906427918999545223e-01
1.314999999999999947e+00,2.662600000000000122e+01,1.995612399999993158e+01,7.022740000000000009e+02,0.000000000000000000e+00,0.000000000000000000e+00,0.000000000000000000e+00,9.905918137869632600e-01
1.316000000000000059e+00,2.660099999999999909e+01,1.998579900000004272e+01,7.009980000000000473e+02,0.000000000000000000e+00,0.000000000000000000e+00,0.000000000000000000e+00,9.906513883705796442e-01
1.316999999999999948e+00,2.657900000000000063e+01,2.005975899999987178e+01,6.999239999999999782e+02,0.000000000000000000e+00,0.000000000000000000e+00,0.000000000000000000e+00,9.907717412785040922e-01
1.318000000000000060e+00,2.655300000000000082e+01,2.008319099999994251e+01,6.985919999999999845e+02,0.000000000000000000e+00,0.000000000000000000e+00,0.000000000000000000e+00,9.908237704589668571e-01
1.318999999999999950e+00,2.651699999999999946e+01,2.010571100000004208e+01,6.967400000000000091e+02,0.000000000000000000e+00,0.000000000000000000e+00,0.000000000000000000e+00,9.908820632198257483e-01
1.320000000000000062e+00,2.648999999999999844e+01,2.014390000000014425e+01,6.953740000000000236e+02,0.000000000000000000e+00,0.000000000000000000e+00,0.000000000000000000e+00,9.909563656506349405e-01
1.320999999999999952e+00,2.646699999999999875e+01,2.012291100000004462e+01,6.941580000000000155e+02,0.000000000000000000e+00,0.000000000000000000e+00,0.000000000000000000e+00,9.909435116616762684e-01
1.322000000000000064e+00,2.644699999999999918e+01,2.003519100000005437e+01,6.930320000000000391e+02,0.000000000000000000e+00,0.000000000000000000e+00,0.000000000000000000e+00,9.908329891300818870e-01
1.322999999999999954e+00,2.641000000000000014e+01,2.003589999999996962e+01,6.911140000000000327e+02,0.000000000000000000e+00,0.000000000000000000e+00,0.000000000000000000e+00,9.908613494624496365e-01
1.324000000000000066e+00,2.637800000000000011e+01,2.008911599999998998e+01,6.895099999999999909e+02,0.000000000000000000e+00,0.000000000000000000e+00,0.000000000000000000e+00,9.909616354026804519e-01
1.324999999999999956e+00,2.635300000000000153e+01,2.008439099999986865e+01,6.882119999999999891e+02,0.000000000000000000e+00,0.000000000000000000e+00,0.000000000000000000e+00,9.909736731036645763e-01
1.326000000000000068e+00,2.632900000000000063e+01,2.008675899999991543e+01,6.869740000000000464e+02,0.000000000000000000e+00,0.000000000000000000e+00,0.000000000000000000e+00,9.909952470372083155e-01
1.326999999999999957e+00,2.630099999999999838e+01,2.009439900000006674e+01,6.855359999999999445e+02,0.000000000000000000e+00,0.000000000000000000e+00,0.000000000000000000e+00,9.910275859965432810e-01
1.328000000000000069e+00,2.627299999999999969e+01,2.011847099999999955e+01,6.841159999999999854e+02,0.000000000000000000e+00,0.000000000000000000e+00,0.000000000000000000e+00,9.910838885025032852e-01
1.328999999999999959e+00,2.624699999999999989e+01,2.014399100000002818e+01,6.828020000000000209e+02,0.000000000000000000e+00,0.000000000000000000e+00,0.000000000000000000e+00,9.911410006891095970e-01
1.330000000000000071e+00,2.622100000000000009e+01,2.011015899999995327e+01,6.814299999999999500e+02,0.000000000000000000e+00,0.000000000000000000e+00,0.000000000000000000e+00,9.911120319905475373e-01
1.330999999999999961e+00,2.619000000000000128e+01,2.005790000000001783e+01,6.797839999999999918e+02,0.000000000000000000e+00,0.000000000000000000e+00,0.000000000000000000e+00,9.910599853247357149e-01
1.332000000000000073e+00,2.615700000000000003e+01,2.003035099999999602e+01,6.780620000000000118e+02,0.000000000000000000e+00,0.000000000000000000e+00,0.000000000000000000e+00,9.910453805263290672e-01
1.332999999999999963e+00,2.613599999999999923e+01,2.009750400000007176e+01,6.770520000000000209e+02,0.000000000000000000e+00,0.000000000000000000e+00,0.000000000000000000e+00,9.911600351119511654e-01
1.334000000000000075e+00,2.610699999999999932e+01,2.003555100000005496e+01,6.755040000000000191e+02,0.000000000000000000e+00,0.000000000000000000e+00,0.000000000000000000e+00,9.910920368259921176e-01
1.334999999999999964e+00,2.608399999999999963e+01,2.002694399999995767e+01,6.743179999999999836e+02,0.000000000000000000e+00,0.000000000000000000e+00,0.000000000000000000e+00,9.910974749197742906e-01
1.336000000000000076e+00,2.604700000000000060e+01,2.008279099999992923e+01,6.724819999999999709e+02,0.000000000000000000e+00,0.000000000000000000e+00,0.000000000000000000e+00,9.912090171322630594e-01
1.336999999999999966e+00,2.600900000000000034e+01,1.998291900000003807e+01,6.704420000000000073e+02,0.000000000000000000e+00,0.000000000000000000e+00,0.000000000000000000e+00,9.910918472441569982e-01
1.338000000000000078e+00,2.598799999999999955e+01,1.996985600000004979e+01,6.693579999999999472e+02,0.000000000000000000e+00,0.000000000000000000e+00,0.000000000000000000e+00,9.910891966595728464e-01
1.338999999999999968e+00,2.595799999999999841e+01,1.995023600000001807e+01,6.678099999999999454e+02,0.000000000000000000e+00,0.000000000000000000e+00,0.000000000000000000e+00,9.910839928524057818e-01
1.340000000000000080e+00,2.592999999999999972e+01,1.995709999999996853e+01,6.663920000000000528e+02,0.000000000000000000e+00,0.000000000000000000e+00,0.000000000000000000e+00,9.911165797024800161e-01
1.340999999999999970e+00,2.590700000000000003e+01,1.991835100000002967e+01,6.651839999999999691e+02,0.000000000000000000e+00,0.000000000000000000e+00,0.000000000000000000e+00,9.910773345592632788e-01
1.342000000000000082e+00,2.587800000000000011e+01,1.984511600000007547e+01,6.636380000000000337e+02,0.000000000000000000e+00,0.000000000000000000e+00,0.000000000000000000e+00,9.909912702729958278e-01
1.342999999999999972e+00,2.584499999999999886e+01,1.981697500000007039e+01,6.619360000000000355e+02,0.000000000000000000e+00,0.000000000000000000e+00,0.000000000000000000e+00,9.909755244678035702e-01
1.344000000000000083e+00,2.581099999999999994e+01,1.981927900000005138e+01,6.602160000000000082e+02,0.000000000000000000e+00,0.000000000000000000e+00,0.000000000000000000e+00,9.910062270202959489e-01
1.344999999999999973e+00,2.578900000000000148e+01,1.976047899999991841e+01,6.590439999999999827e+02,0.000000000000000000e+00,0.000000000000000000e+00,0.000000000000000000e+00,9.909355434036943855e-01
1.346000000000000085e+00,2.576000000000000156e+01,1.965439999999989595e+01,6.574719999999999800e+02,0.000000000000000000e+00,0.000000000000000000e+00,0.000000000000000000e+00,9.907989660892710937e-01
1.346999999999999975e+00,2.573199999999999932e+01,1.966817600000001676e+01,6.560720000000000027e+02,0.000000000000000000e+00,0.000000000000000000e+00,0.000000000000000000e+00,9.908420239772437466e-01
1.348000000000000087e+00,2.570599999999999952e+01,1.968156400000009398e+01,6.547740000000000009e+02,0.000000000000000000e+00,0.000000000000000000e+00,0.000000000000000000e+00,9.908830958552693469e-01
1.348999999999999977e+00,2.568199999999999861e+01,1.969487600000002203e+01,6.535779999999999745e+02,0.000000000000000000e+00,0.000000000000000000e+00,0.000000000000000000e+00,9.909226188860768003e-01
1.350000000000000089e+00,2.565500000000000114e+01,1.972997499999996762e+01,6.522540000000000191e+02,0.000000000000000000e+00,0.000000000000000000e+00,0.000000000000000000e+00,9.909978519901937455e-01
1.350999999999999979e+00,2.563700000000000045e+01,1.973923099999990427e+01,6.513579999999999472e+02,0.000000000000000000e+00,0.000000000000000000e+00,0.000000000000000000e+00,9.910266759484311905e-01
1.352000000000000091e+00,2.560699999999999932e+01,1.967455099999995127e+01,6.497859999999999445e+02,0.000000000000000000e+00,0.000000000000000000e+00,0.000000000000000000e+00,9.909527496000040125e-01
1.352999999999999980e+00,2.557999999999999829e+01,1.966360000000008768e+01,6.484199999999999591e+02,0.000000000000000000e+00,0.000000000000000000e+00,0.000000000000000000e+00,9.909581676947821771e-01
1.354000000000000092e+00,2.555199999999999960e+01,1.963729600000010578e+01,6.469900000000000091e+02,0.000000000000000000e+00,0.000000000000000000e+00,0.000000000000000000e+00,9.909409382965634894e-01
1.354999999999999982e+00,2.552799999999999869e+01,1.962321600000007038e+01,6.457740000000000009e+02,0.000000000000000000e+00,0.000000000000000000e+00,0.000000000000000000e+00,9.909391188650389370e-01
1.356000000000000094e+00,2.549299999999999855e+01,1.968995100000017828e+01,6.440900000000000318e+02,0.000000000000000000e+00,0.000000000000000000e+00,0.000000000000000000e+00,9.910707630910514654e-01
1.356999999999999984e+00,2.546600000000000108e+01,1.966084399999999732e+01,6.427119999999999891e+02,0.000000000000000000e+00,0.000000000000000000e+00,0.000000000000000000e+00,9.910485698854819558e-01
1.358000000000000096e+00,2.543499999999999872e+01,1.955777499999999236e+01,6.410620000000000118e+02,0.000000000000000000e+00,0.000000000000000000e+00,0.000000000000000000e+00,9.909153367536186474e-01
1.358999999999999986e+00,2.540599999999999881e+01,1.951716399999997975e+01,6.395760000000000218e+02,0.000000000000000000e+00,0.000000000000000000e+00,0.000000000000000000e+00,9.908765967229236082e-01
1.360000000000000098e+00,2.537399999999999878e+01,1.950612400000011348e+01,6.379719999999999800e+02,0.000000000000000000e+00,0.000000000000000000e+00,0.000000000000000000e+00,9.908861252327901825e-01
1.360999999999999988e+00,2.535099999999999909e+01,1.957179900000005546e+01,6.368940000000000055e+02,0.000000000000000000e+00,0.000000000000000000e+00,0.000000000000000000e+00,9.910075587545777998e-01
1.362000000000000099e+00,2.532000000000000028e+01,1.954760000000010223e+01,6.353300000000000409e+02,0.000000000000000000e+00,0.000000000000000000e+00,0.000000000000000000e+00,9.909961341589113015e-01
1.362999999999999989e+00,2.530300000000000082e+01,1.956319099999996070e+01,6.345019999999999527e+02,0.000000000000000000e+00,0.000000000000000000e+00,0.000000000000000000e+00,9.910349356769356799e-01
1.364000000000000101e+00,2.527599999999999980e+01,1.959982400000001235e+01,6.332000000000000455e+02,0.000000000000000000e+00,0.000000000000000000e+00,0.000000000000000000e+00,9.911153738185410900e-01
1.364999999999999991e+00,2.525000000000000000e+01,1.956550000000004275e+01,6.318780000000000427e+02,0.000000000000000000e+00,0.000000000000000000e+00,0.000000000000000000e+00,9.910840113714342037e-01
1.366000000000000103e+00,2.522599999999999909e+01,1.961692400000004000e+01,6.307419999999999618e+02,0.000000000000000000e+00,0.000000000000000000e+00,0.000000000000000000e+00,9.911855637374612504e-01
1.366999999999999993e+00,2.520599999999999952e+01,1.966556400000001759e+01,6.298020000000000209e+02,0.000000000000000000e+00,0.000000000000000000e+00,0.000000000000000000e+00,9.912796065773891163e-01
1.368000000000000105e+00,2.518400000000000105e+01,1.968614399999989928e+01,6.287359999999999900e+02,0.000000000000000000e+00,0.000000000000000000e+00,0.000000000000000000e+00,9.913315002849673041e-01
1.368999999999999995e+00,2.515800000000000125e+01,1.961303599999996550e+01,6.273799999999999955e+02,0.000000000000000000e+00,0.000000000000000000e+00,0.000000000000000000e+00,9.912391447400705768e-01
1.370000000000000107e+00,2.512999999999999901e+01,1.961910000000000309e+01,6.260059999999999718e+02,0.000000000000000000e+00,0.000000000000000000e+00,0.000000000000000000e+00,9.912735510324427457e-01
1.370999999999999996e+00,2.510999999999999943e+01,1.967990000000008877e+01,6.250819999999999936e+02,0.000000000000000000e+00,0.000000000000000000e+00,0.000000000000000000e+00,9.913877941438397068e-01
1.372000000000000108e+00,2.508099999999999952e+01,1.961443900000006124e+01,6.235900000000000318e+02,0.000000000000000000e+00,0.000000000000000000e+00,0.000000000000000000e+00,9.913099054378992081e-01
1.372999999999999998e+00,2.506299999999999883e+01,1.957303100000001450e+01,6.226639999999999873e+02,0.000000000000000000e+00,0.000000000000000000e+00,0.000000000000000000e+00,9.912601539257328565e-01
1.374000000000000110e+00,2.503699999999999903e+01,1.963163100000008399e+01,6.214460000000000264e+02,0.000000000000000000e+00,0.000000000000000000e+00,0.000000000000000000e+00,9.913769527079074884e-01
1.375000000000000000e+00,2.501899999999999835e+01,1.969463900000005196e+01,6.206259999999999764e+02,0.000000000000000000e+00,0.000000000000000000e+00,0.000000000000000000e+00,9.914939564992120147e-01
1.376000000000000112e+00,2.500000000000000000e+01,1.967600000000004457e+01,6.196760000000000446e+02,0.000000000000000000e+00,0.000000000000000000e+00,0.000000000000000000e+00,9.914816000000000740e-01
1.377000000000000002e+00,2.498000000000000043e+01,1.963959999999997308e+01,6.186599999999999682e+02,0.000000000000000000e+00,0.000000000000000000e+00,0.000000000000000000e+00,9.914416721527742338e-01
1.378000000000000114e+00,2.494999999999999929e+01,1.963750000000015916e+01,6.171900000000000546e+02,0.000000000000000000e+00,0.000000000000000000e+00,0.000000000000000000e+00,9.914658977273185236e-01
1.379000000000000004e+00,2.492800000000000082e+01,1.963081599999986793e+01,6.161079999999999472e+02,0.000000000000000000e+00,0.000000000000000000e+00,0.000000000000000000e+00,9.914754750420619045e-01
1.380000000000000115e+00,2.490399999999999991e+01,1.958478400000001329e+01,6.148899999999999864e+02,0.000000000000000000e+00,0.000000000000000000e+00,0.000000000000000000e+00,9.914235134487263679e-01
1.381000000000000005e+00,2.487399999999999878e+01,1.955212400000004891e+01,6.133940000000000055e+02,0.000000000000000000e+00,0.000000000000000000e+00,0.000000000000000000e+00,9.913985139117393874e-01
1.382000000000000117e+00,2.484700000000000131e+01,1.945759099999997943e+01,6.119840000000000373e+02,0.000000000000000000e+00,0.000000000000000000e+00,0.000000000000000000e+00,9.912704225328888841e-01
1.383000000000000007e+00,2.482900000000000063e+01,1.940775899999994181e+01,6.110579999999999927e+02,0.000000000000000000e+00,0.000000000000000000e+00,0.000000000000000000e+00,9.912061256252422403e-01
1.384000000000000119e+00,2.479299999999999926e+01,1.934215100000005805e+01,6.092419999999999618e+02,0.000000000000000000e+00,0.000000000000000000e+00,0.000000000000000000e+00,9.911324021275543794e-01
1.385000000000000009e+00,2.475400000000000134e+01,1.928748399999994945e+01,6.072939999999999827e+02,0.000000000000000000e+00,0.000000000000000000e+00,0.000000000000000000e+00,9.910788703624630047e-01
1.386000000000000121e+00,2.473600000000000065e+01,1.922630400000002737e+01,6.063600000000000136e+02,0.000000000000000000e+00,0.000000000000000000e+00,0.000000000000000000e+00,9.909953115246289412e-01
1.387000000000000011e+00,2.470799999999999841e+01,1.920473600000002534e+01,6.049819999999999709e+02,0.000000000000000000e+00,0.000000000000000000e+00,0.000000000000000000e+00,9.909854269635574031e-01
1.388000000000000123e+00,2.468499999999999872e+01,1.926777500000002874e+01,6.039320000000000164e+02,0.000000000000000000e+00,0.000000000000000000e+00,0.000000000000000000e+00,9.911098188399273257e-01
1.389000000000000012e+00,2.465599999999999881e+01,1.932966399999997975e+01,6.025919999999999845e+02,0.000000000000000000e+00,0.000000000000000000e+00,0.000000000000000000e+00,9.912384021264329936e-01
1.390000000000000124e+00,2.463800000000000168e+01,1.928495599999996557e+01,6.016779999999999973e+02,0.000000000000000000e+00,0.000000000000000000e+00,0.000000000000000000e+00,9.911815976251783233e-01
1.391000000000000014e+00,2.460699999999999932e+01,1.929255100000000311e+01,6.001900000000000546e+02,0.000000000000000000e+00,0.000000000000000000e+00,0.000000000000000000e+00,9.912231049519506509e-01
1.392000000000000126e+00,2.458099999999999952e+01,1.926543900000001486e+01,5.989099999999999682e+02,0.000000000000000000e+00,0.000000000000000000e+00,0.000000000000000000e+00,9.912026876334018022e-01
1.393000000000000016e+00,2.455099999999999838e+01,1.926939900000013495e+01,5.974700000000000273e+02,0.000000000000000000e+00,0.000000000000000000e+00,0.000000000000000000e+00,9.912375164309187303e-01
1.394000000000000128e+00,2.451999999999999957e+01,1.921359999999992851e+01,5.959239999999999782e+02,0.000000000000000000e+00,0.000000000000000000e+00,0.000000000000000000e+00,9.911740989810228220e-01
1.395000000000000018e+00,2.448499999999999943e+01,1.918977500000005421e+01,5.942200000000000273e+02,0.000000000000000000e+00,0.000000000000000000e+00,0.000000000000000000e+00,9.911674886988900424e-01
1.396000000000000130e+00,2.446399999999999864e+01,1.925270400000010795e+01,5.932759999999999536e+02,0.000000000000000000e+00,0.000000000000000000e+00,0.000000000000000000e+00,9.912925536852165154e-01
1.397000000000000020e+00,2.444000000000000128e+01,1.920839999999998327e+01,5.920819999999999936e+02,0.000000000000000000e+00,0.000000000000000000e+00,0.000000000000000000e+00,9.912414517265301095e-01
1.398000000000000131e+00,2.441499999999999559e+01,1.918877500000019154e+01,5.908659999999999854e+02,0.000000000000000000e+00,0.000000000000000000e+00,0.000000000000000000e+00,9.912325227862185395e-01
1.399000000000000021e+00,2.439600000000000080e+01,1.918718399999988833e+01,5.899560000000000173e+02,0.000000000000000000e+00,0.000000000000000000e+00,0.000000000000000000e+00,9.912481116827308592e-01
1.400000000000000133e+00,2.436899999999999977e+01,1.921483899999998357e+01,5.886939999999999600e+02,0.000000000000000000e+00,0.000000000000000000e+00,0.000000000000000000e+00,9.913207426771840636e-01
1.401000000000000023e+00,2.434299999999999997e+01,1.916735099999993963e+01,5.874059999999999491e+02,0.000000000000000000e+00,0.000000000000000000e+00,0.000000000000000000e+00,9.912659310177186489e-01
1.402000000000000135e+00,2.432100000000000151e+01,1.915995899999995800e+01,5.863500000000000227e+02,0.000000000000000000e+00,0.000000000000000000e+00,0.000000000000000000e+00,9.912748188245567027e-01
1.403000000000000025e+00,2.429700000000000060e+01,1.909079100000008111e+01,5.851380000000000337e+02,0.000000000000000000e+00,0.000000000000000000e+00,0.000000000000000000e+00,9.911810619624458196e-01
1.404000000000000137e+00,2.427100000000000080e+01,1.901755899999989197e+01,5.838279999999999745e+02,0.000000000000000000e+00,0.000000000000000000e+00,0.000000000000000000e+00,9.910819784254584208e-01
1.405000000000000027e+00,2.424699999999999989e+01,1.898199099999999362e+01,5.826520000000000437e+02,0.000000000000000000e+00,0.000000000000000000e+00,0.000000000000000000e+00,9.910446390912293069e-01
1.406000000000000139e+00,2.422500000000000142e+01,1.895837499999993270e+01,5.815839999999999463e+02,0.000000000000000000e+00,0.000000000000000000e+00,0.000000000000000000e+00,9.910256123523765170e-01
1.407000000000000028e+00,2.420599999999999952e+01,1.891356400000006488e+01,5.806380000000000337e+02,0.000000000000000000e+00,0.000000000000000000e+00,0.000000000000000000e+00,9.909674669980790274e-01
1.407999999999999918e+00,2.418599999999999994e+01,1.889140400000007958e+01,5.796680000000000064e+02,0.000000000000000000e+00,0.000000000000000000e+00,0.000000000000000000e+00,9.909488298291128094e-01
1.409000000000000030e+00,2.415500000000000114e+01,1.890297499999985575e+01,5.782119999999999891e+02,0.000000000000000000e+00,0.000000000000000000e+00,0.000000000000000000e+00,9.909985452830616381e-01
1.409999999999999920e+00,2.413599999999999923e+01,1.895150399999999991e+01,5.773619999999999663e+02,0.000000000000000000e+00,0.000000000000000000e+00,0.000000000000000000e+00,9.911002880703964069e-01
1.411000000000000032e+00,2.411499999999999844e+01,1.897377500000015971e+01,5.763920000000000528e+02,0.000000000000000000e+00,0.000000000000000000e+00,0.000000000000000000e+00,9.911591895716709288e-01
1.411999999999999922e+00,2.408800000000000097e+01,1.897825599999987389e+01,5.751219999999999573e+02,0.000000000000000000e+00,0.000000000000000000e+00,0.000000000000000000e+00,9.911936152186804350e-01
1.413000000000000034e+00,2.406899999999999906e+01,1.898223900000004960e+01,5.742300000000000182e+02,0.000000000000000000e+00,0.000000000000000000e+00,0.000000000000000000e+00,9.912193788572261077e-01
1.413999999999999924e+00,2.403699999999999903e+01,1.890563100000008490e+01,5.726459999999999582e+02,0.000000000000000000e+00,0.000000000000000000e+00,0.000000000000000000e+00,9.911187781396125773e-01
1.415000000000000036e+00,2.400600000000000023e+01,1.888396399999999176e+01,5.711660000000000537e+02,0.000000000000000000e+00,0.000000000000000000e+00,0.000000000000000000e+00,9.911120209339207010e-01
1.415999999999999925e+00,2.398499999999999943e+01,1.883877500000005512e+01,5.701340000000000146e+02,0.000000000000000000e+00,0.000000000000000000e+00,0.000000000000000000e+00,9.910544030954654415e-01
1.417000000000000037e+00,2.395599999999999952e+01,1.883406400000012582e+01,5.687680000000000291e+02,0.000000000000000000e+00,0.000000000000000000e+00,0.000000000000000000e+00,9.910750552001318381e-01
1.417999999999999927e+00,2.393299999999999983e+01,1.888851099999999406e+01,5.677440000000000282e+02,0.000000000000000000e+00,0.000000000000000000e+00,0.000000000000000000e+00,9.911931033935286184e-01
1.419000000000000039e+00,2.390099999999999980e+01,1.884719899999993231e+01,5.662039999999999509e+02,0.000000000000000000e+00,0.000000000000000000e+00,0.000000000000000000e+00,9.911532044006169384e-01
1.419999999999999929e+00,2.387199999999999989e+01,1.878961599999990995e+01,5.647899999999999636e+02,0.000000000000000000e+00,0.000000000000000000e+00,0.000000000000000000e+00,9.910815401084603904e-01
1.421000000000000041e+00,2.383999999999999986e+01,1.880640000000005330e+01,5.633120000000000118e+02,0.000000000000000000e+00,0.000000000000000000e+00,0.000000000000000000e+00,9.911434169631998525e-01
1.421999999999999931e+00,2.381500000000000128e+01,1.885077499999999873e+01,5.621900000000000546e+02,0.000000000000000000e+00,0.000000000000000000e+00,0.000000000000000000e+00,9.912471338814410338e-01
1.423000000000000043e+00,2.378500000000000014e+01,1.869277499999998327e+01,5.606340000000000146e+02,0.000000000000000000e+00,0.000000000000000000e+00,0.000000000000000000e+00,9.909987821406016639e-01
1.423999999999999932e+00,2.376500000000000057e+01,1.868777499999998781e+01,5.596979999999999791e+02,0.000000000000000000e+00,0.000000000000000000e+00,0.000000000000000000e+00,9.910101846269903092e-01
1.425000000000000044e+00,2.374299999999999855e+01,1.869695100000012644e+01,5.586839999999999691e+02,0.000000000000000000e+00,0.000000000000000000e+00,0.000000000000000000e+00,9.910488202483598297e-01
1.425999999999999934e+00,2.372299999999999898e+01,1.863027099999999336e+01,5.576879999999999882e+02,0.000000000000000000e+00,0.000000000000000000e+00,0.000000000000000000e+00,9.909507757860700483e-01
1.427000000000000046e+00,2.370400000000000063e+01,1.862438399999984995e+01,5.567999999999999545e+02,0.000000000000000000e+00,0.000000000000000000e+00,0.000000000000000000e+00,9.909596008551410096e-01
1.427999999999999936e+00,2.368700000000000117e+01,1.857703100000003360e+01,5.559640000000000555e+02,0.000000000000000000e+00,0.000000000000000000e+00,0.000000000000000000e+00,9.908925216952989556e-01
1.429000000000000048e+00,2.366799999999999926e+01,1.852177600000004531e+01,5.550280000000000200e+02,0.000000000000000000e+00,0.000000000000000000e+00,0.000000000000000000e+00,9.908131724390090156e-01
1.429999999999999938e+00,2.364699999999999847e+01,1.849839100000019698e+01,5.540320000000000391e+02,0.000000000000000000e+00,0.000000000000000000e+00,0.000000000000000000e+00,9.907925830811492585e-01
1.431000000000000050e+00,2.362199999999999989e+01,1.848711600000001454e+01,5.528640000000000327e+02,0.000000000000000000e+00,0.000000000000000000e+00,0.000000000000000000e+00,9.907976805200923165e-01
1.431999999999999940e+00,2.359900000000000020e+01,1.844819899999993140e+01,5.517619999999999436e+02,0.000000000000000000e+00,0.000000000000000000e+00,0.000000000000000000e+00,9.907511535185556939e-01
1.433000000000000052e+00,2.357499999999999929e+01,1.844437500000003638e+01,5.506499999999999773e+02,0.000000000000000000e+00,0.000000000000000000e+00,0.000000000000000000e+00,9.907686148649028635e-01
1.433999999999999941e+00,2.355499999999999972e+01,1.843497499999989486e+01,5.497179999999999609e+02,0.000000000000000000e+00,0.000000000000000000e+00,0.000000000000000000e+00,9.907720365777019644e-01
1.435000000000000053e+00,2.352899999999999991e+01,1.847115900000005695e+01,5.485560000000000400e+02,0.000000000000000000e+00,0.000000000000000000e+00,0.000000000000000000e+00,9.908639549349707032e-01
1.435999999999999943e+00,2.350600000000000023e+01,1.848596399999985351e+01,5.475119999999999436e+02,0.000000000000000000e+00,0.000000000000000000e+00,0.000000000000000000e+00,9.909144888026001352e-01
1.437000000000000055e+00,2.347800000000000153e+01,1.849751599999990503e+01,5.462359999999999900e+02,0.000000000000000000e+00,0.000000000000000000e+00,0.000000000000000000e+00,9.909645590352119671e-01
1.437999999999999945e+00,2.345599999999999952e+01,1.844206399999995938e+01,5.451699999999999591e+02,0.000000000000000000e+00,0.000000000000000000e+00,0.000000000000000000e+00,9.908868004463146084e-01
1.439000000000000057e+00,2.343700000000000117e+01,1.843003099999987171e+01,5.442859999999999445e+02,0.000000000000000000e+00,0.000000000000000000e+00,0.000000000000000000e+00,9.908847021852191794e-01
1.439999999999999947e+00,2.341600000000000037e+01,1.843494399999997313e+01,5.433279999999999745e+02,0.000000000000000000e+00,0.000000000000000000e+00,0.000000000000000000e+00,9.909156050853187292e-01
1.441000000000000059e+00,2.339199999999999946e+01,1.842633600000010574e+01,5.422200000000000273e+02,0.000000000000000000e+00,0.000000000000000000e+00,0.000000000000000000e+00,9.909250838852387000e-01
1.441999999999999948e+00,2.336100000000000065e+01,1.842467899999996916e+01,5.407999999999999545e+02,0.000000000000000000e+00,0.000000000000000000e+00,0.000000000000000000e+00,9.909547508383631520e-01
1.443000000000000060e+00,2.333099999999999952e+01,1.846143900000004123e+01,5.394660000000000082e+02,0.000000000000000000e+00,0.000000000000000000e+00,0.000000000000000000e+00,9.910541192806618938e-01
1.443999999999999950e+00,2.330300000000000082e+01,1.845719099999996615e+01,5.381839999999999691e+02,0.000000000000000000e+00,0.000000000000000000e+00,0.000000000000000000e+00,9.910763480757646127e-01
1.445000000000000062e+00,2.327599999999999980e+01,1.843782399999997779e+01,5.369339999999999691e+02,0.000000000000000000e+00,0.000000000000000000e+00,0.000000000000000000e+00,9.910697222664310857e-01
1.445999999999999952e+00,2.325300000000000011e+01,1.842899100000011003e+01,5.358780000000000427e+02,0.000000000000000000e+00,0.000000000000000000e+00,0.000000000000000000e+00,9.910782484257425473e-01
1.447000000000000064e+00,2.323199999999999932e+01,1.843217600000002676e+01,5.349260000000000446e+02,0.000000000000000000e+00,0.000000000000000000e+00,0.000000000000000000e+00,9.911069217247608920e-01
1.447999999999999954e+00,2.320799999999999841e+01,1.834273600000005899e+01,5.337459999999999809e+02,0.000000000000000000e+00,0.000000000000000000e+00,0.000000000000000000e+00,9.909670214397894306e-01
1.449000000000000066e+00,2.318400000000000105e+01,1.831214399999987563e+01,5.326259999999999764e+02,0.000000000000000000e+00,0.000000000000000000e+00,0.000000000000000000e+00,9.909360457058268290e-01
1.449999999999999956e+00,2.316100000000000136e+01,1.828707899999994879e+01,5.315579999999999927e+02,0.000000000000000000e+00,0.000000000000000000e+00,0.000000000000000000e+00,9.909141853622090990e-01
1.451000000000000068e+00,2.313700000000000045e+01,1.829623099999992064e+01,5.304800000000000182e+02,0.000000000000000000e+00,0.000000000000000000e+00,0.000000000000000000e+00,9.909572553871900391e-01
1.451999999999999957e+00,2.311599999999999966e+01,1.828654399999993529e+01,5.295199999999999818e+02,0.000000000000000000e+00,0.000000000000000000e+00,0.000000000000000000e+00,9.909619894887662372e-01
1.453000000000000069e+00,2.308599999999999852e+01,1.829860400000018217e+01,5.281760000000000446e+02,0.000000000000000000e+00,0.000000000000000000e+00,0.000000000000000000e+00,9.910174018780084637e-01
1.453999999999999959e+00,2.306500000000000128e+01,1.829477500000007240e+01,5.272240000000000464e+02,0.000000000000000000e+00,0.000000000000000000e+00,0.000000000000000000e+00,9.910333143184026916e-01
1.455000000000000071e+00,2.303800000000000026e+01,1.823455599999999777e+01,5.259460000000000264e+02,0.000000000000000000e+00,0.000000000000000000e+00,0.000000000000000000e+00,9.909496956533787593e-01
1.455999999999999961e+00,2.301300000000000168e+01,1.821483099999989008e+01,5.247999999999999545e+02,0.000000000000000000e+00,0.000000000000000000e+00,0.000000000000000000e+00,9.909399818940836102e-01
1.457000000000000073e+00,2.299200000000000088e+01,1.813993599999992057e+01,5.237799999999999727e+02,0.000000000000000000e+00,0.000000000000000000e+00,0.000000000000000000e+00,9.908214723804569246e-01
1.457999999999999963e+00,2.296000000000000085e+01,1.815240000000005693e+01,5.223540000000000418e+02,0.000000000000000000e+00,0.000000000000000000e+00,0.000000000000000000e+00,9.908802158579077535e-01
1.459000000000000075e+00,2.293599999999999994e+01,1.817990399999996498e+01,5.213039999999999736e+02,0.000000000000000000e+00,0.000000000000000000e+00,0.000000000000000000e+00,9.909590253353866007e-01
1.459999999999999964e+00,2.291000000000000014e+01,1.825189999999997781e+01,5.202100000000000364e+02,0.000000000000000000e+00,0.000000000000000000e+00,0.000000000000000000e+00,9.911251988833004178e-01
1.461000000000000076e+00,2.287999999999999901e+01,1.825160000000005311e+01,5.188659999999999854e+02,0.000000000000000000e+00,0.000000000000000000e+00,0.000000000000000000e+00,9.911586446770014325e-01
1.461999999999999966e+00,2.286199999999999832e+01,1.825895600000001195e+01,5.180679999999999836e+02,0.000000000000000000e+00,0.000000000000000000e+00,0.000000000000000000e+00,9.911932293689490470e-01
1.463000000000000078e+00,2.284100000000000108e+01,1.826571899999987636e+01,5.171359999999999673e+02,0.000000000000000000e+00,0.000000000000000000e+00,0.000000000000000000e+00,9.912302433038626681e-01
1.463999999999999968e+00,2.280900000000000105e+01,1.823851899999988291e+01,5.156799999999999500e+02,0.000000000000000000e+00,0.000000000000000000e+00,0.000000000000000000e+00,9.912148452199123216e-01
1.465000000000000080e+00,2.278800000000000026e+01,1.828505599999994047e+01,5.147899999999999636e+02,0.000000000000000000e+00,0.000000000000000000e+00,0.000000000000000000e+00,9.913287017433457526e-01
1.465999999999999970e+00,2.275600000000000023e+01,1.827446399999996629e+01,5.133540000000000418e+02,0.000000000000000000e+00,0.000000000000000000e+00,0.000000000000000000e+00,9.913456383572717412e-01
1.467000000000000082e+00,2.273999999999999844e+01,1.828440000000011878e+01,5.126520000000000437e+02,0.000000000000000000e+00,0.000000000000000000e+00,0.000000000000000000e+00,9.913836114572674996e-01
1.467999999999999972e+00,2.271900000000000119e+01,1.820603900000003250e+01,5.116399999999999864e+02,0.000000000000000000e+00,0.000000000000000000e+00,0.000000000000000000e+00,9.912565434260871555e-01
1.469000000000000083e+00,2.269399999999999906e+01,1.816836400000011054e+01,5.104920000000000186e+02,0.000000000000000000e+00,0.000000000000000000e+00,0.000000000000000000e+00,9.912126582010875042e-01
1.469999999999999973e+00,2.266199999999999903e+01,1.821575600000005579e+01,5.091200000000000045e+02,0.000000000000000000e+00,0.000000000000000000e+00,0.000000000000000000e+00,9.913424138522625162e-01
1.471000000000000085e+00,2.264199999999999946e+01,1.819583599999998569e+01,5.082139999999999986e+02,0.000000000000000000e+00,0.000000000000000000e+00,0.000000000000000000e+00,9.913272684085514541e-01
1.471999999999999975e+00,2.262500000000000000e+01,1.818637499999999818e+01,5.074519999999999982e+02,0.000000000000000000e+00,0.000000000000000000e+00,0.000000000000000000e+00,9.913289582125087707e-01
1.473000000000000087e+00,2.260699999999999932e+01,1.818455099999999902e+01,5.066539999999999964e+02,0.000000000000000000e+00,0.000000000000000000e+00,0.000000000000000000e+00,9.913467955554337019e-01
1.473999999999999977e+00,2.258099999999999952e+01,1.817543900000003987e+01,5.054959999999999809e+02,0.000000000000000000e+00,0.000000000000000000e+00,0.000000000000000000e+00,9.913599774212105142e-01
1.475000000000000089e+00,2.254700000000000060e+01,1.815779099999997470e+01,5.039780000000000086e+02,0.000000000000000000e+00,0.000000000000000000e+00,0.000000000000000000e+00,9.913660658628358213e-01
1.475999999999999979e+00,2.253399999999999892e+01,1.810484400000001415e+01,5.033519999999999754e+02,0.000000000000000000e+00,0.000000000000000000e+00,0.000000000000000000e+00,9.912774313350061206e-01
1.477000000000000091e+00,2.250700000000000145e+01,1.804395099999987906e+01,5.021019999999999754e+02,0.000000000000000000e+00,0.000000000000000000e+00,0.000000000000000000e+00,9.911895836303541429e-01
1.477999999999999980e+00,2.247599999999999909e+01,1.806142399999998815e+01,5.007559999999999718e+02,0.000000000000000000e+00,0.000000000000000000e+00,0.000000000000000000e+00,9.912612170824454116e-01
1.479000000000000092e+00,2.245400000000000063e+01,1.804388399999999137e+01,4.997719999999999914e+02,0.000000000000000000e+00,0.000000000000000000e+00,0.000000000000000000e+00,9.912529305184636375e-01
1.479999999999999982e+00,2.244099999999999895e+01,1.802651900000006435e+01,4.991840000000000259e+02,0.000000000000000000e+00,0.000000000000000000e+00,0.000000000000000000e+00,9.912341256644896514e-01
1.481000000000000094e+00,2.241199999999999903e+01,1.804825600000003760e+01,4.979340000000000259e+02,0.000000000000000000e+00,0.000000000000000000e+00,0.000000000000000000e+00,9.913124355979588964e-01
1.481999999999999984e+00,2.239300000000000068e+01,1.802455099999997401e+01,4.970779999999999745e+02,0.000000000000000000e+00,0.000000000000000000e+00,0.000000000000000000e+00,9.912883040477966645e-01
1.483000000000000096e+00,2.237099999999999866e+01,1.799735900000013089e+01,4.960880000000000223e+02,0.000000000000000000e+00,0.000000000000000000e+00,0.000000000000000000e+00,9.912607867582804433e-01
1.483999999999999986e+00,2.235099999999999909e+01,1.802779900000007274e+01,4.952440000000000282e+02,0.000000000000000000e+00,0.000000000000000000e+00,0.000000000000000000e+00,9.913461072077068836e-01
1.485000000000000098e+00,2.232900000000000063e+01,1.801275899999996000e+01,4.942679999999999723e+02,0.000000000000000000e+00,0.000000000000000000e+00,0.000000000000000000e+00,9.913430055644296690e-01
1.485999999999999988e+00,2.230300000000000082e+01,1.801919099999992113e+01,4.931399999999999864e+02,0.000000000000000000e+00,0.000000000000000000e+00,0.000000000000000000e+00,9.913880097363814148e-01
1.487000000000000099e+00,2.227799999999999869e+01,1.800671600000009676e+01,4.920380000000000109e+02,0.000000000000000000e+00,0.000000000000000000e+00,0.000000000000000000e+00,9.913939067075764333e-01
1.487999999999999989e+00,2.225400000000000134e+01,1.801348399999994854e+01,4.910000000000000000e+02,0.000000000000000000e+00,0.000000000000000000e+00,0.000000000000000000e+00,9.914374614697314403e-01
1.489000000000000101e+00,2.221699999999999875e+01,1.793991100000005190e+01,4.893179999999999836e+02,0.000000000000000000e+00,0.000000000000000000e+00,0.000000000000000000e+00,9.913348226201660340e-01
1.489999999999999991e+00,2.219200000000000017e+01,1.796913599999999178e+01,4.882620000000000005e+02,0.000000000000000000e+00,0.000000000000000000e+00,0.000000000000000000e+00,9.914253933294485677e-01
1.491000000000000103e+00,2.216400000000000148e+01,1.803110399999991387e+01,4.871100000000000136e+02,0.000000000000000000e+00,0.000000000000000000e+00,0.000000000000000000e+00,9.915868584896542215e-01
1.491999999999999993e+00,2.213800000000000168e+01,1.799895599999990736e+01,4.859519999999999982e+02,0.000000000000000000e+00,0.000000000000000000e+00,0.000000000000000000e+00,9.915545406293936326e-01
1.493000000000000105e+00,2.211199999999999832e+01,1.792145600000009154e+01,4.847500000000000000e+02,0.000000000000000000e+00,0.000000000000000000e+00,0.000000000000000000e+00,9.914293382878063277e-01
1.493999999999999995e+00,2.208899999999999864e+01,1.793707900000003974e+01,4.837719999999999914e+02,0.000000000000000000e+00,0.000000000000000000e+00,0.000000000000000000e+00,9.914906385579731474e-01
1.495000000000000107e+00,2.206800000000000139e+01,1.794137599999993427e+01,4.828700000000000045e+02,0.000000000000000000e+00,0.000000000000000000e+00,0.000000000000000000e+00,9.915263806839037519e-01
1.495999999999999996e+00,2.203800000000000026e+01,1.795855599999998731e+01,4.815939999999999941e+02,0.000000000000000000e+00,0.000000000000000000e+00,0.000000000000000000e+00,9.916004384213356060e-01
1.497000000000000108e+00,2.202599999999999980e+01,1.795132399999999961e+01,4.810699999999999932e+02,0.000000000000000000e+00,0.000000000000000000e+00,0.000000000000000000e+00,9.916011115826405264e-01
1.497999999999999998e+00,2.199899999999999878e+01,1.793299900000005209e+01,4.798899999999999864e+02,0.000000000000000000e+00,0.000000000000000000e+00,0.000000000000000000e+00,9.915984077238459982e-01
1.499000000000000110e+00,2.198300000000000054e+01,1.788471099999998160e+01,4.791539999999999964e+02,0.000000000000000000e+00,0.000000000000000000e+00,0.000000000000000000e+00,9.915193593630344804e-01
1.500000000000000000e+00,2.196399999999999864e+01,1.787670400000001791e+01,4.783299999999999841e+02,0.000000000000000000e+00,0.000000000000000000e+00,0.000000000000000000e+00,9.915274679538024216e-01
1.501000000000000112e+00,2.195100000000000051e+01,1.784659900000002608e+01,4.777420000000000186e+02,0.000000000000000000e+00,0.000000000000000000e+00,0.000000000000000000e+00,9.914819307740352361e-01
1.502000000000000002e+00,2.193100000000000094e+01,1.779623899999995729e+01,4.768340000000000032e+02,0.000000000000000000e+00,0.000000000000000000e+00,0.000000000000000000e+00,9.914032649617341431e-01
1.503000000000000114e+00,2.191499999999999915e+01,1.779177500000008649e+01,4.761440000000000055e+02,0.000000000000000000e+00,0.000000000000000000e+00,0.000000000000000000e+00,9.914147274988420744e-01
1.504000000000000004e+00,2.189699999999999847e+01,1.782639100000005783e+01,4.754080000000000155e+02,0.000000000000000000e+00,0.000000000000000000e+00,0.000000000000000000e+00,9.915103428524379980e-01
1.505000000000000115e+00,2.187699999999999889e+01,1.781387100000006285e+01,4.745400000000000205e+02,0.000000000000000000e+00,0.000000000000000000e+00,0.000000000000000000e+00,9.915104420472772295e-01
1.506000000000000005e+00,2.186400000000000077e+01,1.775550399999991669e+01,4.739259999999999877e+02,0.000000000000000000e+00,0.000000000000000000e+00,0.000000000000000000e+00,9.914054403303981244e-01
1.507000000000000117e+00,2.184799999999999898e+01,1.778489600000006021e+01,4.732719999999999914e+02,0.000000000000000000e+00,0.000000000000000000e+00,0.000000000000000000e+00,9.914879421899799317e-01
1.508000000000000007e+00,2.183399999999999963e+01,1.771844400000003361e+01,4.726080000000000041e+02,0.000000000000000000e+00,0.000000000000000000e+00,0.000000000000000000e+00,9.913669967674096917e-01
1.509000000000000119e+00,2.180999999999999872e+01,1.774790000000001555e+01,4.716139999999999759e+02,0.000000000000000000e+00,0.000000000000000000e+00,0.000000000000000000e+00,9.914603655722875608e-01
1.510000000000000009e+00,2.178800000000000026e+01,1.770905599999997548e+01,4.706379999999999768e+02,0.000000000000000000e+00,0.000000000000000000e+00,0.000000000000000000e+00,9.914076292166220661e-01
1.511000000000000121e+00,2.176300000000000168e+01,1.766483099999987871e+01,4.695299999999999727e+02,0.000000000000000000e+00,0.000000000000000000e+00,0.000000000000000000e+00,9.913472861872789643e-01
1.512000000000000011e+00,2.173900000000000077e+01,1.770087899999992942e+01,4.685459999999999923e+02,0.000000000000000000e+00,0.000000000000000000e+00,0.000000000000000000e+00,9.914552334271086176e-01
1.513000000000000123e+00,2.172200000000000131e+01,1.770871599999992441e+01,4.678319999999999936e+02,0.000000000000000000e+00,0.000000000000000000e+00,0.000000000000000000e+00,9.914944916562945521e-01
1.514000000000000012e+00,2.169300000000000139e+01,1.767675099999991062e+01,4.665699999999999932e+02,0.000000000000000000e+00,0.000000000000000000e+00,0.000000000000000000e+00,9.914654348516671600e-01
1.515000000000000124e+00,2.167099999999999937e+01,1.774475900000004458e+01,4.657060000000000173e+02,0.000000000000000000e+00,0.000000000000000000e+00,0.000000000000000000e+00,9.916397541368972002e-01
1.516000000000000014e+00,2.164399999999999835e+01,1.773926400000004833e+01,4.645579999999999927e+02,0.000000000000000000e+00,0.000000000000000000e+00,0.000000000000000000e+00,9.916647884667608714e-01
1.517000000000000126e+00,2.162399999999999878e+01,1.772262400000010985e+01,4.636960000000000264e+02,0.000000000000000000e+00,0.000000000000000000e+00,0.000000000000000000e+00,9.916565485602726326e-01
1.518000000000000016e+00,2.159499999999999886e+01,1.775297500000004902e+01,4.625020000000000095e+02,0.000000000000000000e+00,0.000000000000000000e+00,0.000000000000000000e+00,9.917613933190203568e-01
1.519000000000000128e+00,2.157199999999999918e+01,1.775481600000000526e+01,4.615339999999999918e+02,0.000000000000000000e+00,0.000000000000000000e+00,0.000000000000000000e+00,9.917971971894671279e-01
1.520000000000000018e+00,2.154100000000000037e+01,1.769031899999998814e+01,4.601639999999999873e+02,0.000000000000000000e+00,0.000000000000000000e+00,0.000000000000000000e+00,9.917013811035000348e-01
1.521000000000000130e+00,2.152199999999999847e+01,1.771951600000005556e+01,4.593940000000000055e+02,0.000000000000000000e+00,0.000000000000000000e+00,0.000000000000000000e+00,9.917907753375780899e-01
1.522000000000000020e+00,2.150199999999999889e+01,1.772399600000005648e+01,4.585579999999999927e+02,0.000000000000000000e+00,0.000000000000000000e+00,0.000000000000000000e+00,9.918284451842086513e-01
1.523000000000000131e+00,2.148100000000000165e+01,1.775163899999995465e+01,4.577040000000000077e+02,0.000000000000000000e+00,0.000000000000000000e+00,0.000000000000000000e+00,9.919178773898836843e-01
1.524000000000000021e+00,2.146300000000000097e+01,1.774663099999997939e+01,4.569440000000000168e+02,0.000000000000000000e+00,0.000000000000000000e+00,0.000000000000000000e+00,9.919325185101823816e-01
1.525000000000000133e+00,2.144200000000000017e+01,1.773063600000000406e+01,4.560480000000000018e+02,0.000000000000000000e+00,0.000000000000000000e+00,0.000000000000000000e+00,9.919275945405213735e-01
1.526000000000000023e+00,2.142500000000000071e+01,1.768237499999997908e+01,4.552880000000000109e+02,0.000000000000000000e+00,0.000000000000000000e+00,0.000000000000000000e+00,9.918466768965578106e-01
1.527000000000000135e+00,2.140200000000000102e+01,1.761639599999995198e+01,4.542599999999999909e+02,0.000000000000000000e+00,0.000000000000000000e+00,0.000000000000000000e+00,9.917353120149144940e-01
1.528000000000000025e+00,2.138200000000000145e+01,1.761007599999993545e+01,4.534180000000000064e+02,0.000000000000000000e+00,0.000000000000000000e+00,0.000000000000000000e+00,9.917497656838122344e-01
1.529000000000000137e+00,2.135600000000000165e+01,1.752526399999993600e+01,4.522479999999999905e+02,0.000000000000000000e+00,0.000000000000000000e+00,0.000000000000000000e+00,9.916007134347082363e-01
1.530000000000000027e+00,2.133899999999999864e+01,1.754807900000008658e+01,4.515620000000000118e+02,0.000000000000000000e+00,0.000000000000000000e+00,0.000000000000000000e+00,9.916747629691829991e-01
1.531000000000000139e+00,2.132499999999999929e+01,1.751137500000004366e+01,4.509420000000000073e+02,0.000000000000000000e+00,0.000000000000000000e+00,0.000000000000000000e+00,9.916139025218215775e-01
1.532000000000000028e+00,2.130799999999999983e+01,1.746513599999997268e+01,4.501879999999999882e+02,0.000000000000000000e+00,0.000000000000000000e+00,0.000000000000000000e+00,9.915361172451042648e-01
1.533000000000000140e+00,2.128300000000000125e+01,1.747691099999997277e+01,4.491600000000000250e+02,0.000000000000000000e+00,0.000000000000000000e+00,0.000000000000000000e+00,9.915974085203538291e-01
1.534000000000000030e+00,2.126000000000000156e+01,1.743439999999992551e+01,4.481619999999999777e+02,0.000000000000000000e+00,0.000000000000000000e+00,0.000000000000000000e+00,9.915360509890093210e-01
1.535000000000000142e+00,2.123600000000000065e+01,1.737830399999995734e+01,4.471100000000000136e+02,0.000000000000000000e+00,0.000000000000000000e+00,0.000000000000000000e+00,9.914457376122124410e-01
1.536000000000000032e+00,2.121000000000000085e+01,1.734389999999990550e+01,4.459979999999999905e+02,0.000000000000000000e+00,0.000000000000000000e+00,0.000000000000000000e+00,9.914060713001991987e-01
1.536999999999999922e+00,2.119000000000000128e+01,1.736389999999994416e+01,4.451899999999999977e+02,0.000000000000000000e+00,0.000000000000000000e+00,0.000000000000000000e+00,9.914789246978003012e-01
1.538000000000000034e+00,2.117399999999999949e+01,1.728772400000002563e+01,4.444519999999999982e+02,0.000000000000000000e+00,0.000000000000000000e+00,0.000000000000000000e+00,9.913318219566871203e-01
1.538999999999999924e+00,2.115800000000000125e+01,1.729703599999999142e+01,4.438000000000000114e+02,0.000000000000000000e+00,0.000000000000000000e+00,0.000000000000000000e+00,9.913752497749613868e-01
1.540000000000000036e+00,2.114000000000000057e+01,1.729439999999993915e+01,4.430539999999999736e+02,0.000000000000000000e+00,0.000000000000000000e+00,0.000000000000000000e+00,9.913949352382502855e-01
1.540999999999999925e+00,2.111400000000000077e+01,1.728300399999994852e+01,4.419700000000000273e+02,0.000000000000000000e+00,0.000000000000000000e+00,0.000000000000000000e+00,9.914064884682312062e-01
1.542000000000000037e+00,2.109199999999999875e+01,1.726353600000004462e+01,4.410439999999999827e+02,0.000000000000000000e+00,0.000000000000000000e+00,0.000000000000000000e+00,9.913942437219491755e-01
1.542999999999999927e+00,2.106500000000000128e+01,1.727477499999997690e+01,4.399440000000000168e+02,0.000000000000000000e+00,0.000000000000000000e+00,0.000000000000000000e+00,9.914583442374768074e-01
1.544000000000000039e+00,2.103699999999999903e+01,1.725763100000000350e+01,4.387760000000000105e+02,0.000000000000000000e+00,0.000000000000000000e+00,0.000000000000000000e+00,9.914601216825369434e-01
1.544999999999999929e+00,2.101000000000000156e+01,1.717189999999993688e+01,4.375819999999999936e+02,0.000000000000000000e+00,0.000000000000000000e+00,0.000000000000000000e+00,9.913051082177725126e-01
1.546000000000000041e+00,2.098699999999999832e+01,1.715083100000009608e+01,4.366179999999999950e+02,0.000000000000000000e+00,0.000000000000000000e+00,0.000000000000000000e+00,9.912904241349116408e-01
1.546999999999999931e+00,2.095700000000000074e+01,1.709915100000000621e+01,4.353380000000000223e+02,0.000000000000000000e+00,0.000000000000000000e+00,0.000000000000000000e+00,9.912161077824759303e-01
1.548000000000000043e+00,2.092899999999999849e+01,1.709795900000005986e+01,4.341920000000000073e+02,0.000000000000000000e+00,0.000000000000000000e+00,0.000000000000000000e+00,9.912537911447449890e-01
1.548999999999999932e+00,2.091300000000000026e+01,1.707743099999999004e+01,4.335179999999999723e+02,0.000000000000000000e+00,0.000000000000000000e+00,0.000000000000000000e+00,9.912300498455518527e-01
1.550000000000000044e+00,2.090099999999999980e+01,1.699119900000005146e+01,4.329420000000000073e+02,0.000000000000000000e+00,0.000000000000000000e+00,0.000000000000000000e+00,9.910500517771702045e-01
1.550999999999999934e+00,2.087900000000000134e+01,1.696235899999999219e+01,4.320160000000000196e+02,0.000000000000000000e+00,0.000000000000000000e+00,0.000000000000000000e+00,9.910154903954530026e-01
1.552000000000000046e+00,2.085399999999999920e+01,1.701068400000002612e+01,4.310459999999999923e+02,0.000000000000000000e+00,0.000000000000000000e+00,0.000000000000000000e+00,9.911625421490005694e-01
1.552999999999999936e+00,2.082999999999999829e+01,1.699310000000008358e+01,4.300520000000000209e+02,0.000000000000000000e+00,0.000000000000000000e+00,0.000000000000000000e+00,9.911569528512946814e-01
1.554000000000000048e+00,2.081299999999999883e+01,1.701603100000005497e+01,4.293840000000000146e+02,0.000000000000000000e+00,0.000000000000000000e+00,0.000000000000000000e+00,9.912346818726472941e-01
1.554999999999999938e+00,2.079400000000000048e+01,1.703356399999995574e+01,4.286299999999999955e+02,0.000000000000000000e+00,0.000000000000000000e+00,0.000000000000000000e+00,9.913031471399149641e-01
1.556000000000000050e+00,2.077400000000000091e+01,1.704492399999992358e+01,4.278299999999999841e+02,0.000000000000000000e+00,0.000000000000000000e+00,0.000000000000000000e+00,9.913590601904058719e-01
1.556999999999999940e+00,2.075600000000000023e+01,1.705446399999999585e+01,4.271100000000000136e+02,0.000000000000000000e+00,0.000000000000000000e+00,0.000000000000000000e+00,9.914079923802227023e-01
1.558000000000000052e+00,2.073600000000000065e+01,1.700230399999998099e+01,4.262479999999999905e+02,0.000000000000000000e+00,0.000000000000000000e+00,0.000000000000000000e+00,9.913166164170857941e-01
1.558999999999999941e+00,2.071699999999999875e+01,1.704091099999999415e+01,4.255179999999999723e+02,0.000000000000000000e+00,0.000000000000000000e+00,0.000000000000000000e+00,9.914349030095799264e-01
1.560000000000000053e+00,2.069399999999999906e+01,1.701236400000004778e+01,4.245600000000000023e+02,0.000000000000000000e+00,0.000000000000000000e+00,0.000000000000000000e+00,9.914029003942999019e-01
1.560999999999999943e+00,2.067299999999999827e+01,1.701207100000004857e+01,4.237119999999999891e+02,0.000000000000000000e+00,0.000000000000000000e+00,0.000000000000000000e+00,9.914338771794318772e-01
1.562000000000000055e+00,2.065599999999999881e+01,1.696966400000002295e+01,4.229839999999999804e+02,0.000000000000000000e+00,0.000000000000000000e+00,0.000000000000000000e+00,9.913602243020710469e-01
1.562999999999999945e+00,2.064000000000000057e+01,1.695639999999997372e+01,4.223260000000000218e+02,0.000000000000000000e+00,0.000000000000000000e+00,0.000000000000000000e+00,9.913532464996093196e-01
1.564000000000000057e+00,2.061700000000000088e+01,1.697031099999998105e+01,4.214139999999999873e+02,0.000000000000000000e+00,0.000000000000000000e+00,0.000000000000000000e+00,9.914207803864919510e-01
1.564999999999999947e+00,2.059600000000000009e+01,1.693878399999999829e+01,4.205380000000000109e+02,0.000000000000000000e+00,0.000000000000000000e+00,0.000000000000000000e+00,9.913784600531656555e-01
1.566000000000000059e+00,2.057999999999999829e+01,1.690360000000003993e+01,4.198600000000000136e+02,0.000000000000000000e+00,0.000000000000000000e+00,0.000000000000000000e+00,9.913197543351647267e-01
1.566999999999999948e+00,2.056400000000000006e+01,1.692790400000001227e+01,4.192420000000000186e+02,0.000000000000000000e+00,0.000000000000000000e+00,0.000000000000000000e+00,9.914015503891220327e-01
1.568000000000000060e+00,2.054500000000000171e+01,1.694597499999991896e+01,4.184979999999999905e+02,0.000000000000000000e+00,0.000000000000000000e+00,0.000000000000000000e+00,9.914734651351780892e-01
1.568999999999999950e+00,2.053399999999999892e+01,1.695484400000003689e+01,4.180659999999999741e+02,0.000000000000000000e+00,0.000000000000000000e+00,0.000000000000000000e+00,9.915114499738260090e-01
1.570000000000000062e+00,2.051099999999999923e+01,1.690987900000010313e+01,4.171000000000000227e+02,0.000000000000000000e+00,0.000000000000000000e+00,0.000000000000000000e+00,9.914401915748640715e-01
1.570999999999999952e+00,2.049200000000000088e+01,1.694593599999996059e+01,4.163759999999999764e+02,0.000000000000000000e+00,0.000000000000000000e+00,0.000000000000000000e+00,9.915554234844872195e-01
1.572000000000000064e+00,2.047700000000000031e+01,1.691347100000001547e+01,4.157440000000000282e+02,0.000000000000000000e+00,0.000000000000000000e+00,0.000000000000000000e+00,9.915013951490483368e-01
1.572999999999999954e+00,2.045599999999999952e+01,1.686806400000006079e+01,4.148600000000000136e+02,0.000000000000000000e+00,0.000000000000000000e+00,0.000000000000000000e+00,9.914256095171659622e-01
1.574000000000000066e+00,2.043499999999999872e+01,1.680777500000004920e+01,4.139619999999999891e+02,0.000000000000000000e+00,0.000000000000000000e+00,0.000000000000000000e+00,9.913138922585946755e-01
1.574999999999999956e+00,2.042000000000000171e+01,1.682759999999996126e+01,4.133840000000000146e+02,0.000000000000000000e+00,0.000000000000000000e+00,0.000000000000000000e+00,9.913846443108049744e-01
1.576000000000000068e+00,2.039900000000000091e+01,1.683379899999994223e+01,4.125539999999999736e+02,0.000000000000000000e+00,0.000000000000000000e+00,0.000000000000000000e+00,9.914322602960106146e-01
1.576999999999999957e+00,2.038299999999999912e+01,1.683431100000001379e+01,4.119180000000000064e+02,0.000000000000000000e+00,0.000000000000000000e+00,0.000000000000000000e+00,9.914585474745486460e-01
1.578000000000000069e+00,2.036199999999999832e+01,1.678895600000009836e+01,4.110380000000000109e+02,0.000000000000000000e+00,0.000000000000000000e+00,0.000000000000000000e+00,9.913821784255223424e-01
1.578999999999999959e+00,2.034299999999999997e+01,1.681335100000001148e+01,4.103079999999999927e+02,0.000000000000000000e+00,0.000000000000000000e+00,0.000000000000000000e+00,9.914709330856458225e-01
1.580000000000000071e+00,2.032799999999999940e+01,1.689641599999998789e+01,4.097959999999999923e+02,0.000000000000000000e+00,0.000000000000000000e+00,0.000000000000000000e+00,9.916956560189360559e-01
1.580999999999999961e+00,2.031099999999999994e+01,1.684827899999999090e+01,4.090740000000000123e+02,0.000000000000000000e+00,0.000000000000000000e+00,0.000000000000000000e+00,9.916062720632329297e-01
1.582000000000000073e+00,2.028900000000000148e+01,1.682547899999991614e+01,4.081800000000000068e+02,0.000000000000000000e+00,0.000000000000000000e+00,0.000000000000000000e+00,9.915861155992782283e-01
1.582999999999999963e+00,2.026800000000000068e+01,1.682017599999994673e+01,4.073439999999999941e+02,0.000000000000000000e+00,0.000000000000000000e+00,0.000000000000000000e+00,9.916068826140999048e-01
1.584000000000000075e+00,2.024500000000000099e+01,1.677897499999994579e+01,4.063940000000000055e+02,0.000000000000000000e+00,0.000000000000000000e+00,0.000000000000000000e+00,9.915433933816794054e-01
1.584999999999999964e+00,2.021999999999999886e+01,1.671760000000006130e+01,4.053460000000000036e+02,0.000000000000000000e+00,0.000000000000000000e+00,0.000000000000000000e+00,9.914334995563148789e-01
1.586000000000000076e+00,2.020499999999999829e+01,1.664897500000000719e+01,4.046859999999999786e+02,0.000000000000000000e+00,0.000000000000000000e+00,0.000000000000000000e+00,9.912894195544910136e-01
1.586999999999999966e+00,2.018299999999999983e+01,1.667151100000000952e+01,4.038419999999999845e+02,0.000000000000000000e+00,0.000000000000000000e+00,0.000000000000000000e+00,9.913797497877819831e-01
1.588000000000000078e+00,2.016199999999999903e+01,1.664775600000001532e+01,4.029920000000000186e+02,0.000000000000000000e+00,0.000000000000000000e+00,0.000000000000000000e+00,9.913550060992422086e-01
1.588999999999999968e+00,2.014099999999999824e+01,1.665911900000008927e+01,4.021779999999999973e+02,0.000000000000000000e+00,0.000000000000000000e+00,0.000000000000000000e+00,9.914167479628089863e-01
1.590000000000000080e+00,2.012000000000000099e+01,1.666759999999999309e+01,4.013620000000000232e+02,0.000000000000000000e+00,0.000000000000000000e+00,0.000000000000000000e+00,9.914716472536549974e-01
1.590999999999999970e+00,2.010300000000000153e+01,1.670639099999993959e+01,4.007339999999999804e+02,0.000000000000000000e+00,0.000000000000000000e+00,0.000000000000000000e+00,9.915952691423082221e-01
1.592000000000000082e+00,2.008299999999999841e+01,1.672211100000004080e+01,3.999660000000000082e+02,0.000000000000000000e+00,0.000000000000000000e+00,0.000000000000000000e+00,9.916670842146606546e-01
1.592999999999999972e+00,2.005799999999999983e+01,1.668263600000000224e+01,3.989479999999999791e+02,0.000000000000000000e+00,0.000000000000000000e+00,0.000000000000000000e+00,9.916103206971594863e-01
1.594000000000000083e+00,2.003800000000000026e+01,1.666855599999996684e+01,3.981519999999999868e+02,0.000000000000000000e+00,0.000000000000000000e+00,0.000000000000000000e+00,9.916083087208661384e-01
1.594999999999999973e+00,2.000799999999999912e+01,1.677993600000002061e+01,3.970919999999999845e+02,0.000000000000000000e+00,0.000000000000000000e+00,0.000000000000000000e+00,9.919362922563882412e-01
1.596000000000000085e+00,1.998600000000000065e+01,1.676580400000000282e+01,3.962200000000000273e+02,0.000000000000000000e+00,0.000000000000000000e+00,0.000000000000000000e+00,9.919382274687248424e-01
1.596999999999999975e+00,1.996499999999999986e+01,1.673577499999998963e+01,3.953720000000000141e+02,0.000000000000000000e+00,0.000000000000000000e+00,0.000000000000000000e+00,9.918986074365426786e-01
1.598000000000000087e+00,1.994200000000000017e+01,1.674463600000001406e+01,3.944859999999999900e+02,0.000000000000000000e+00,0.000000000000000000e+00,0.000000000000000000e+00,9.919600257656239206e-01
1.598999999999999977e+00,1.992000000000000171e+01,1.671759999999994761e+01,3.936039999999999850e+02,0.000000000000000000e+00,0.000000000000000000e+00,0.000000000000000000e+00,9.919295656521667226e-01
1.600000000000000089e+00,1.989900000000000091e+01,1.675079899999997224e+01,3.928220000000000027e+02,0.000000000000000000e+00,0.000000000000000000e+00,0.000000000000000000e+00,9.920493991920366073e-01
1.600999999999999979e+00,1.987699999999999889e+01,1.669987100000008695e+01,3.919180000000000064e+02,0.000000000000000000e+00,0.000000000000000000e+00,0.000000000000000000e+00,9.919585720835349951e-01
1.602000000000000091e+00,1.986400000000000077e+01,1.666350399999993215e+01,3.913779999999999859e+02,0.000000000000000000e+00,0.000000000000000000e+00,0.000000000000000000e+00,9.918888230543612128e-01
1.602999999999999980e+00,1.983500000000000085e+01,1.665177499999998645e+01,3.902440000000000282e+02,0.000000000000000000e+00,0.000000000000000000e+00,0.000000000000000000e+00,9.919089864713861449e-01
1.604000000000000092e+00,1.982000000000000028e+01,1.655359999999996035e+01,3.895659999999999741e+02,0.000000000000000000e+00,0.000000000000000000e+00,0.000000000000000000e+00,9.916850035791344720e-01
1.604999999999999982e+00,1.980399999999999849e+01,1.659358400000002121e+01,3.889879999999999995e+02,0.000000000000000000e+00,0.000000000000000000e+00,0.000000000000000000e+00,9.918143065626252586e-01
1.606000000000000094e+00,1.978099999999999881e+01,1.657303900000005115e+01,3.880799999999999841e+02,0.000000000000000000e+00,0.000000000000000000e+00,0.000000000000000000e+00,9.918015341136449115e-01
1.606999999999999984e+00,1.976200000000000045e+01,1.657535599999999931e+01,3.873500000000000227e+02,0.000000000000000000e+00,0.000000000000000000e+00,0.000000000000000000e+00,9.918403457167005444e-01
1.608000000000000096e+00,1.974099999999999966e+01,1.660591900000002852e+01,3.865720000000000027e+02,0.000000000000000000e+00,0.000000000000000000e+00,0.000000000000000000e+00,9.919552885927676034e-01
1.608999999999999986e+00,1.972599999999999909e+01,1.659692400000000134e+01,3.859859999999999900e+02,0.000000000000000000e+00,0.000000000000000000e+00,0.000000000000000000e+00,9.919584817114616149e-01
1.610000000000000098e+00,1.969999999999999929e+01,1.657600000000002183e+01,3.849660000000000082e+02,0.000000000000000000e+00,0.000000000000000000e+00,0.000000000000000000e+00,9.919503208018759510e-01
1.610999999999999988e+00,1.969099999999999895e+01,1.659551900000002433e+01,3.846399999999999864e+02,0.000000000000000000e+00,0.000000000000000000e+00,0.000000000000000000e+00,9.920165134436073062e-01
1.612000000000000099e+00,1.967599999999999838e+01,1.653702400000003081e+01,3.840059999999999718e+02,0.000000000000000000e+00,0.000000000000000000e+00,0.000000000000000000e+00,9.918919882870959048e-01
1.612999999999999989e+00,1.965500000000000114e+01,1.653197499999993170e+01,3.831960000000000264e+02,0.000000000000000000e+00,0.000000000000000000e+00,0.000000000000000000e+00,9.919159430473297734e-01
1.614000000000000101e+00,1.964099999999999824e+01,1.645211900000009564e+01,3.825799999999999841e+02,0.000000000000000000e+00,0.000000000000000000e+00,0.000000000000000000e+00,9.917337007802867754e-01
1.614999999999999991e+00,1.961899999999999977e+01,1.642983900000007225e+01,3.817160000000000082e+02,0.000000000000000000e+00,0.000000000000000000e+00,0.000000000000000000e+00,9.917144239071401524e-01
1.616000000000000103e+00,1.959799999999999898e+01,1.646639600000003156e+01,3.809499999999999886e+02,0.000000000000000000e+00,0.000000000000000000e+00,0.000000000000000000e+00,9.918465139507176564e-01
1.616999999999999993e+00,1.957600000000000051e+01,1.645622400000002017e+01,3.801000000000000227e+02,0.000000000000000000e+00,0.000000000000000000e+00,0.000000000000000000e+00,9.918590422640402027e-01
1.618000000000000105e+00,1.955399999999999849e+01,1.642108400000000756e+01,3.792259999999999991e+02,0.000000000000000000e+00,0.000000000000000000e+00,0.000000000000000000e+00,9.918063477300997910e-01
1.618999999999999995e+00,1.951999999999999957e+01,1.631759999999997035e+01,3.778279999999999745e+02,0.000000000000000000e+00,0.000000000000000000e+00,0.000000000000000000e+00,9.915954212577263727e-01
1.620000000000000107e+00,1.950100000000000122e+01,1.631399899999991021e+01,3.771019999999999754e+02,0.000000000000000000e+00,0.000000000000000000e+00,0.000000000000000000e+00,9.916195288540567976e-01
1.620999999999999996e+00,1.947899999999999920e+01,1.631355900000005477e+01,3.762660000000000196e+02,0.000000000000000000e+00,0.000000000000000000e+00,0.000000000000000000e+00,9.916574098560273498e-01
1.622000000000000108e+00,1.945899999999999963e+01,1.623831900000004680e+01,3.754320000000000164e+02,0.000000000000000000e+00,0.000000000000000000e+00,0.000000000000000000e+00,9.914943663108516381e-01
1.622999999999999998e+00,1.944099999999999895e+01,1.616651899999999387e+01,3.746779999999999973e+02,0.000000000000000000e+00,0.000000000000000000e+00,0.000000000000000000e+00,9.913362627192279231e-01
1.624000000000000110e+00,1.941900000000000048e+01,1.620743899999996529e+01,3.738860000000000241e+02,0.000000000000000000e+00,0.000000000000000000e+00,0.000000000000000000e+00,9.914834744847368375e-01
1.625000000000000000e+00,1.939799999999999969e+01,1.620559600000001410e+01,3.730899999999999750e+02,0.000000000000000000e+00,0.000000000000000000e+00,0.000000000000000000e+00,9.915159359936479566e-01
1.626000000000000112e+00,1.937600000000000122e+01,1.625062399999990248e+01,3.723039999999999736e+02,0.000000000000000000e+00,0.000000000000000000e+00,0.000000000000000000e+00,9.916751959228675695e-01
1.627000000000000002e+00,1.935900000000000176e+01,1.622011899999989737e+01,3.716320000000000050e+02,0.000000000000000000e+00,0.000000000000000000e+00,0.000000000000000000e+00,9.916245333905755466e-01
1.628000000000000114e+00,1.934400000000000119e+01,1.617366399999991700e+01,3.710199999999999818e+02,0.000000000000000000e+00,0.000000000000000000e+00,0.000000000000000000e+00,9.915274776096834053e-01
1.629000000000000004e+00,1.932700000000000173e+01,1.621007099999991397e+01,3.704159999999999968e+02,0.000000000000000000e+00,0.000000000000000000e+00,0.000000000000000000e+00,9.916555442425262212e-01
1.630000000000000115e+00,1.930900000000000105e+01,1.626551899999998341e+01,3.697939999999999827e+02,0.000000000000000000e+00,0.000000000000000000e+00,0.000000000000000000e+00,9.918369768193985303e-01
1.631000000000000005e+00,1.929200000000000159e+01,1.632473599999991620e+01,3.692139999999999986e+02,0.000000000000000000e+00,0.000000000000000000e+00,0.000000000000000000e+00,9.920273686855981543e-01
1.632000000000000117e+00,1.926899999999999835e+01,1.632463900000010426e+01,3.683500000000000227e+02,0.000000000000000000e+00,0.000000000000000000e+00,0.000000000000000000e+00,9.920700088413141327e-01
1.633000000000000007e+00,1.925600000000000023e+01,1.633246399999995901e+01,3.678700000000000045e+02,0.000000000000000000e+00,0.000000000000000000e+00,0.000000000000000000e+00,9.921154612576633669e-01
1.634000000000000119e+00,1.923699999999999832e+01,1.635883100000012291e+01,3.671840000000000259e+02,0.000000000000000000e+00,0.000000000000000000e+00,0.000000000000000000e+00,9.922224716788061727e-01
1.635000000000000009e+00,1.921600000000000108e+01,1.640334399999994730e+01,3.664420000000000073e+02,0.000000000000000000e+00,0.000000000000000000e+00,0.000000000000000000e+00,9.923828827767033900e-01
1.636000000000000121e+00,1.919600000000000151e+01,1.633758399999993571e+01,3.656279999999999859e+02,0.000000000000000000e+00,0.000000000000000000e+00,0.000000000000000000e+00,9.922428185249572152e-01
1.637000000000000011e+00,1.916799999999999926e+01,1.624977600000005395e+01,3.644940000000000282e+02,0.000000000000000000e+00,0.000000000000000000e+00,0.000000000000000000e+00,9.920573573512895260e-01
1.638000000000000123e+00,1.914699999999999847e+01,1.623539100000004964e+01,3.636960000000000264e+02,0.000000000000000000e+00,0.000000000000000000e+00,0.000000000000000000e+00,9.920579689877633278e-01
1.639000000000000012e+00,1.912999999999999901e+01,1.622510000000005448e+01,3.630520000000000209e+02,0.000000000000000000e+00,0.000000000000000000e+00,0.000000000000000000e+00,9.920621799998854407e-01
1.640000000000000124e+00,1.911400000000000077e+01,1.618100399999991623e+01,3.624119999999999777e+02,0.000000000000000000e+00,0.000000000000000000e+00,0.000000000000000000e+00,9.919719825586441608e-01
1.641000000000000014e+00,1.909700000000000131e+01,1.618959099999995033e+01,3.617880000000000109e+02,0.000000000000000000e+00,0.000000000000000000e+00,0.000000000000000000e+00,9.920278431582887357e-01
1.642000000000000126e+00,1.907700000000000173e+01,1.626307099999991124e+01,3.611179999999999950e+02,0.000000000000000000e+00,0.000000000000000000e+00,0.000000000000000000e+00,9.922679798726863343e-01
1.643000000000000016e+00,1.905699999999999861e+01,1.621975100000008752e+01,3.603319999999999936e+02,0.000000000000000000e+00,0.000000000000000000e+00,0.000000000000000000e+00,9.921875296220360463e-01
1.644000000000000128e+00,1.904100000000000037e+01,1.618931900000001178e+01,3.597080000000000268e+02,0.000000000000000000e+00,0.000000000000000000e+00,0.000000000000000000e+00,9.921345887327168711e-01
1.645000000000000018e+00,1.902599999999999980e+01,1.622132400000003827e+01,3.591840000000000259e+02,0.000000000000000000e+00,0.000000000000000000e+00,0.000000000000000000e+00,9.922520338730155265e-01
1.646000000000000130e+00,1.899899999999999878e+01,1.620899900000011939e+01,3.581720000000000255e+02,0.000000000000000000e+00,0.000000000000000000e+00,0.000000000000000000e+00,9.922706517797702519e-01
1.647000000000000020e+00,1.898000000000000043e+01,1.621760000000000446e+01,3.574780000000000086e+02,0.000000000000000000e+00,0.000000000000000000e+00,0.000000000000000000e+00,9.923317873286837676e-01
1.648000000000000131e+00,1.895599999999999952e+01,1.621806400000002668e+01,3.565919999999999845e+02,0.000000000000000000e+00,0.000000000000000000e+00,0.000000000000000000e+00,9.923804400198930065e-01
1.649000000000000021e+00,1.893299999999999983e+01,1.617051100000003316e+01,3.556960000000000264e+02,0.000000000000000000e+00,0.000000000000000000e+00,0.000000000000000000e+00,9.922934200618137579e-01
1.650000000000000133e+00,1.892299999999999827e+01,1.618907100000006949e+01,3.553460000000000036e+02,0.000000000000000000e+00,0.000000000000000000e+00,0.000000000000000000e+00,9.923650314396706973e-01
1.651000000000000023e+00,1.890500000000000114e+01,1.617797499999994670e+01,3.546720000000000255e+02,0.000000000000000000e+00,0.000000000000000000e+00,0.000000000000000000e+00,9.923698029114655927e-01
1.652000000000000135e+00,1.889199999999999946e+01,1.616233600000003889e+01,3.541779999999999973e+02,0.000000000000000000e+00,0.000000000000000000e+00,0.000000000000000000e+00,9.923519042168846838e-01
1.653000000000000025e+00,1.887999999999999901e+01,1.613360000000005812e+01,3.537080000000000268e+02,0.000000000000000000e+00,0.000000000000000000e+00,0.000000000000000000e+00,9.922952276644644298e-01
1.654000000000000137e+00,1.886499999999999844e+01,1.616477500000007694e+01,3.531879999999999882e+02,0.000000000000000000e+00,0.000000000000000000e+00,0.000000000000000000e+00,9.924127160992755048e-01
1.655000000000000027e+00,1.884700000000000131e+01,1.616759099999990212e+01,3.525299999999999727e+02,0.000000000000000000e+00,0.000000000000000000e+00,0.000000000000000000e+00,9.924568186199141939e-01
1.656000000000000139e+00,1.882999999999999829e+01,1.609110000000003993e+01,3.518299999999999841e+02,0.000000000000000000e+00,0.000000000000000000e+00,0.000000000000000000e+00,9.922754082492853955e-01
1.657000000000000028e+00,1.881599999999999895e+01,1.600614400000006299e+01,3.512320000000000277e+02,0.000000000000000000e+00,0.000000000000000000e+00,0.000000000000000000e+00,9.920634920634923137e-01
1.658000000000000140e+00,1.879299999999999926e+01,1.599815100000006396e+01,3.503820000000000050e+02,0.000000000000000000e+00,0.000000000000000000e+00,0.000000000000000000e+00,9.920865452876840296e-01
1.659000000000000030e+00,1.876999999999999957e+01,1.598709999999999809e+01,3.495299999999999727e+02,0.000000000000000000e+00,0.000000000000000000e+00,0.000000000000000000e+00,9.921010556241341982e-01
1.660000000000000142e+00,1.875499999999999901e+01,1.596497500000003811e+01,3.489599999999999795e+02,0.000000000000000000e+00,0.000000000000000000e+00,0.000000000000000000e+00,9.920681597677215580e-01
1.661000000000000032e+00,1.873400000000000176e+01,1.594924399999990783e+01,3.481779999999999973e+02,0.000000000000000000e+00,0.000000000000000000e+00,0.000000000000000000e+00,9.920653802935144316e-01
1.662000000000000144e+00,1.872400000000000020e+01,1.594582399999995914e+01,3.478100000000000023e+02,0.000000000000000000e+00,0.000000000000000000e+00,0.000000000000000000e+00,9.920756711429993269e-01
1.663000000000000034e+00,1.871399999999999864e+01,1.594820400000003247e+01,3.474479999999999791e+02,0.000000000000000000e+00,0.000000000000000000e+00,0.000000000000000000e+00,9.921025498378711616e-01
1.664000000000000146e+00,1.870299999999999940e+01,1.596479099999999107e+01,3.470640000000000214e+02,0.000000000000000000e+00,0.000000000000000000e+00,0.000000000000000000e+00,9.921721220462619284e-01
1.665000000000000036e+00,1.868100000000000094e+01,1.588123899999993682e+01,3.461800000000000068e+02,0.000000000000000000e+00,0.000000000000000000e+00,0.000000000000000000e+00,9.919772969298352727e-01
1.665999999999999925e+00,1.866799999999999926e+01,1.591377600000004122e+01,3.457400000000000091e+02,0.000000000000000000e+00,0.000000000000000000e+00,0.000000000000000000e+00,9.920967872339830906e-01
1.667000000000000037e+00,1.865099999999999980e+01,1.582519899999999780e+01,3.450339999999999918e+02,0.000000000000000000e+00,0.000000000000000000e+00,0.000000000000000000e+00,9.918766095079781797e-01
1.667999999999999927e+00,1.863299999999999912e+01,1.576831100000003971e+01,3.443240000000000123e+02,0.000000000000000000e+00,0.000000000000000000e+00,0.000000000000000000e+00,9.917488988242934012e-01
1.669000000000000039e+00,1.861899999999999977e+01,1.578183899999999085e+01,3.438299999999999841e+02,0.000000000000000000e+00,0.000000000000000000e+00,0.000000000000000000e+00,9.918158934009905225e-01
1.669999999999999929e+00,1.860000000000000142e+01,1.578600000000000136e+01,3.431460000000000150e+02,0.000000000000000000e+00,0.000000000000000000e+00,0.000000000000000000e+00,9.918661116892125706e-01
1.671000000000000041e+00,1.858200000000000074e+01,1.573727600000000848e+01,3.424460000000000264e+02,0.000000000000000000e+00,0.000000000000000000e+00,0.000000000000000000e+00,9.917613657064242583e-01
1.671999999999999931e+00,1.856599999999999895e+01,1.574564399999997022e+01,3.418759999999999764e+02,0.000000000000000000e+00,0.000000000000000000e+00,0.000000000000000000e+00,9.918178537402350115e-01
1.673000000000000043e+00,1.855199999999999960e+01,1.572729600000002392e+01,3.413519999999999754e+02,0.000000000000000000e+00,0.000000000000000000e+00,0.000000000000000000e+00,9.917928669570849065e-01
1.673999999999999932e+00,1.853600000000000136e+01,1.572070399999989831e+01,3.407679999999999723e+02,0.000000000000000000e+00,0.000000000000000000e+00,0.000000000000000000e+00,9.918060742976279043e-01
1.675000000000000044e+00,1.850600000000000023e+01,1.568196399999999358e+01,3.396480000000000246e+02,0.000000000000000000e+00,0.000000000000000000e+00,0.000000000000000000e+00,9.917539661544805263e-01
1.675999999999999934e+00,1.848799999999999955e+01,1.567185600000004797e+01,3.389900000000000091e+02,0.000000000000000000e+00,0.000000000000000000e+00,0.000000000000000000e+00,9.917609906976980749e-01
1.677000000000000046e+00,1.847200000000000131e+01,1.567721599999993032e+01,3.384200000000000159e+02,0.000000000000000000e+00,0.000000000000000000e+00,0.000000000000000000e+00,9.918093115215076416e-01
1.677999999999999936e+00,1.845299999999999940e+01,1.565979100000004109e+01,3.377200000000000273e+02,0.000000000000000000e+00,0.000000000000000000e+00,0.000000000000000000e+00,9.917970612411692866e-01
1.679000000000000048e+00,1.844300000000000139e+01,1.561075099999993654e+01,3.373120000000000118e+02,0.000000000000000000e+00,0.000000000000000000e+00,0.000000000000000000e+00,9.916733885452225783e-01
1.679999999999999938e+00,1.842299999999999827e+01,1.561007100000006176e+01,3.365939999999999941e+02,0.000000000000000000e+00,0.000000000000000000e+00,0.000000000000000000e+00,9.917122228226521452e-01
1.681000000000000050e+00,1.839999999999999858e+01,1.552000000000003865e+01,3.356800000000000068e+02,0.000000000000000000e+00,0.000000000000000000e+00,0.000000000000000000e+00,9.914933837429112939e-01
1.681999999999999940e+00,1.837600000000000122e+01,1.553062399999993204e+01,3.348319999999999936e+02,0.000000000000000000e+00,0.000000000000000000e+00,0.000000000000000000e+00,9.915736848180197738e-01
1.683000000000000052e+00,1.835099999999999909e+01,1.549779900000004318e+01,3.339060000000000059e+02,0.000000000000000000e+00,0.000000000000000000e+00,0.000000000000000000e+00,9.915274742560041821e-01
1.683999999999999941e+00,1.833500000000000085e+01,1.547677499999997508e+01,3.333140000000000214e+02,0.000000000000000000e+00,0.000000000000000000e+00,0.000000000000000000e+00,9.914977360190896372e-01
1.685000000000000053e+00,1.832100000000000151e+01,1.544995899999997846e+01,3.327880000000000109e+02,0.000000000000000000e+00,0.000000000000000000e+00,0.000000000000000000e+00,9.914465554348048659e-01
1.685999999999999943e+00,1.830499999999999972e+01,1.540197500000004993e+01,3.321700000000000159e+02,0.000000000000000000e+00,0.000000000000000000e+00,0.000000000000000000e+00,9.913361423230057090e-01
1.687000000000000055e+00,1.828800000000000026e+01,1.540505600000000186e+01,3.315679999999999836e+02,0.000000000000000000e+00,0.000000000000000000e+00,0.000000000000000000e+00,9.913800691798914100e-01
1.687999999999999945e+00,1.827100000000000080e+01,1.537755899999996245e+01,3.309359999999999786e+02,0.000000000000000000e+00,0.000000000000000000e+00,0.000000000000000000e+00,9.913325769251128960e-01
1.689000000000000057e+00,1.825100000000000122e+01,1.535999899999995932e+01,3.302080000000000268e+02,0.000000000000000000e+00,0.000000000000000000e+00,0.000000000000000000e+00,9.913208956156550622e-01
1.689999999999999947e+00,1.822599999999999909e+01,1.529892399999999952e+01,3.292599999999999909e+02,0.000000000000000000e+00,0.000000000000000000e+00,0.000000000000000000e+00,9.911884711613524468e-01
1.691000000000000059e+00,1.820200000000000173e+01,1.532119599999992943e+01,3.284320000000000164e+02,0.000000000000000000e+00,0.000000000000000000e+00,0.000000000000000000e+00,9.913048817757128539e-01
1.691999999999999948e+00,1.817899999999999849e+01,1.530095900000003439e+01,3.275980000000000132e+02,0.000000000000000000e+00,0.000000000000000000e+00,0.000000000000000000e+00,9.912912264644324623e-01
1.693000000000000060e+00,1.816199999999999903e+01,1.532975600000003169e+01,3.270260000000000105e+02,0.000000000000000000e+00,0.000000000000000000e+00,0.000000000000000000e+00,9.914137540852246966e-01
1.693999999999999950e+00,1.814399999999999835e+01,1.531326400000006061e+01,3.263740000000000236e+02,0.000000000000000000e+00,0.000000000000000000e+00,0.000000000000000000e+00,9.914012901685596013e-01
1.695000000000000062e+00,1.812999999999999901e+01,1.524110000000001719e+01,3.258079999999999927e+02,0.000000000000000000e+00,0.000000000000000000e+00,0.000000000000000000e+00,9.912110518839697404e-01
1.695999999999999952e+00,1.811100000000000065e+01,1.523267899999996189e+01,3.251299999999999955e+02,0.000000000000000000e+00,0.000000000000000000e+00,0.000000000000000000e+00,9.912248537133909743e-01
1.697000000000000064e+00,1.809600000000000009e+01,1.524278400000002875e+01,3.246120000000000232e+02,0.000000000000000000e+00,0.000000000000000000e+00,0.000000000000000000e+00,9.912869646588663430e-01
1.697999999999999954e+00,1.807999999999999829e+01,1.526160000000004402e+01,3.240679999999999836e+02,0.000000000000000000e+00,0.000000000000000000e+00,0.000000000000000000e+00,9.913780444827318128e-01
1.699000000000000066e+00,1.805999999999999872e+01,1.522840000000002192e+01,3.233319999999999936e+02,0.000000000000000000e+00,0.000000000000000000e+00,0.000000000000000000e+00,9.913184671741420706e-01
1.699999999999999956e+00,1.803800000000000026e+01,1.523655600000000732e+01,3.225679999999999836e+02,0.000000000000000000e+00,0.000000000000000000e+00,0.000000000000000000e+00,9.913899597775382988e-01
1.701000000000000068e+00,1.801300000000000168e+01,1.515683099999995420e+01,3.216120000000000232e+02,0.000000000000000000e+00,0.000000000000000000e+00,0.000000000000000000e+00,9.911973830628667548e-01
1.701999999999999957e+00,1.799299999999999855e+01,1.510495100000008506e+01,3.208600000000000136e+02,0.000000000000000000e+00,0.000000000000000000e+00,0.000000000000000000e+00,9.910793315699644168e-01
1.703000000000000069e+00,1.797400000000000020e+01,1.513932399999998779e+01,3.202300000000000182e+02,0.000000000000000000e+00,0.000000000000000000e+00,0.000000000000000000e+00,9.912256702431930799e-01
1.703999999999999959e+00,1.795599999999999952e+01,1.508406400000001213e+01,3.195459999999999923e+02,0.000000000000000000e+00,0.000000000000000000e+00,0.000000000000000000e+00,9.910925054740130635e-01
1.705000000000000071e+00,1.793799999999999883e+01,1.501015600000005179e+01,3.188439999999999941e+02,0.000000000000000000e+00,0.000000000000000000e+00,0.000000000000000000e+00,9.909008694993215460e-01
1.705999999999999961e+00,1.792299999999999827e+01,1.502307100000007267e+01,3.183340000000000032e+02,0.000000000000000000e+00,0.000000000000000000e+00,0.000000000000000000e+00,9.909725320453309783e-01
1.707000000000000073e+00,1.790599999999999881e+01,1.499916400000006433e+01,3.177180000000000177e+02,0.000000000000000000e+00,0.000000000000000000e+00,0.000000000000000000e+00,9.909338401969586263e-01
1.707999999999999963e+00,1.788400000000000034e+01,1.497054399999996122e+01,3.169239999999999782e+02,0.000000000000000000e+00,0.000000000000000000e+00,0.000000000000000000e+00,9.908908229935393663e-01
1.709000000000000075e+00,1.786599999999999966e+01,1.488804399999997941e+01,3.162160000000000082e+02,0.000000000000000000e+00,0.000000000000000000e+00,0.000000000000000000e+00,9.906703872550769452e-01
1.709999999999999964e+00,1.784600000000000009e+01,1.487228399999997919e+01,3.155059999999999718e+02,0.000000000000000000e+00,0.000000000000000000e+00,0.000000000000000000e+00,9.906627774058928138e-01
1.711000000000000076e+00,1.782900000000000063e+01,1.480575900000002321e+01,3.148500000000000227e+02,0.000000000000000000e+00,0.000000000000000000e+00,0.000000000000000000e+00,9.904891616844212487e-01
1.711999999999999966e+00,1.781400000000000006e+01,1.484540400000003046e+01,3.143700000000000045e+02,0.000000000000000000e+00,0.000000000000000000e+00,0.000000000000000000e+00,9.906453358103343154e-01
1.713000000000000078e+00,1.780000000000000071e+01,1.481199999999995498e+01,3.138519999999999754e+02,0.000000000000000000e+00,0.000000000000000000e+00,0.000000000000000000e+00,9.905693725539702621e-01
1.713999999999999968e+00,1.778000000000000114e+01,1.479959999999994125e+01,3.131480000000000246e+02,0.000000000000000000e+00,0.000000000000000000e+00,0.000000000000000000e+00,9.905721852260029880e-01
1.715000000000000080e+00,1.776699999999999946e+01,1.478471100000001570e+01,3.126840000000000259e+02,0.000000000000000000e+00,0.000000000000000000e+00,0.000000000000000000e+00,9.905523994676543875e-01
1.715999999999999970e+00,1.775199999999999889e+01,1.476649600000007467e+01,3.121480000000000246e+02,0.000000000000000000e+00,0.000000000000000000e+00,0.000000000000000000e+00,9.905262247203016068e-01
1.717000000000000082e+00,1.773100000000000165e+01,1.475263899999998785e+01,3.114100000000000250e+02,0.000000000000000000e+00,0.000000000000000000e+00,0.000000000000000000e+00,9.905264908963979931e-01
1.717999999999999972e+00,1.771699999999999875e+01,1.474091100000003962e+01,3.109159999999999968e+02,0.000000000000000000e+00,0.000000000000000000e+00,0.000000000000000000e+00,9.905187511750258578e-01
1.719000000000000083e+00,1.769900000000000162e+01,1.473039899999997715e+01,3.102860000000000014e+02,0.000000000000000000e+00,0.000000000000000000e+00,0.000000000000000000e+00,9.905233602618336297e-01
1.719999999999999973e+00,1.768199999999999861e+01,1.470287600000006023e+01,3.096739999999999782e+02,0.000000000000000000e+00,0.000000000000000000e+00,0.000000000000000000e+00,9.904714721481562290e-01
1.721000000000000085e+00,1.765899999999999892e+01,1.475071900000006053e+01,3.089320000000000164e+02,0.000000000000000000e+00,0.000000000000000000e+00,0.000000000000000000e+00,9.906738122776386213e-01
1.721999999999999975e+00,1.763400000000000034e+01,1.466804400000000896e+01,3.079920000000000186e+02,0.000000000000000000e+00,0.000000000000000000e+00,0.000000000000000000e+00,9.904618745307163241e-01
1.723000000000000087e+00,1.762399999999999878e+01,1.467262400000004163e+01,3.076539999999999964e+02,0.000000000000000000e+00,0.000000000000000000e+00,0.000000000000000000e+00,9.904979880322484220e-01
1.723999999999999977e+00,1.760600000000000165e+01,1.465276399999993373e+01,3.070179999999999723e+02,0.000000000000000000e+00,0.000000000000000000e+00,0.000000000000000000e+00,9.904725482334753028e-01
1.725000000000000089e+00,1.758899999999999864e+01,1.460207900000006020e+01,3.063860000000000241e+02,0.000000000000000000e+00,0.000000000000000000e+00,0.000000000000000000e+00,9.903452409786054345e-01
1.725999999999999979e+00,1.757000000000000028e+01,1.459710000000001173e+01,3.057320000000000277e+02,0.000000000000000000e+00,0.000000000000000000e+00,0.000000000000000000e+00,9.903697673733070639e-01
1.727000000000000091e+00,1.755699999999999861e+01,1.456075100000009570e+01,3.052520000000000095e+02,0.000000000000000000e+00,0.000000000000000000e+00,0.000000000000000000e+00,9.902797533815028697e-01
1.727999999999999980e+00,1.754500000000000171e+01,1.457997499999999036e+01,3.048620000000000232e+02,0.000000000000000000e+00,0.000000000000000000e+00,0.000000000000000000e+00,9.903678859905168386e-01
1.729000000000000092e+00,1.752499999999999858e+01,1.453137500000002547e+01,3.041320000000000050e+02,0.000000000000000000e+00,0.000000000000000000e+00,0.000000000000000000e+00,9.902527670883861655e-01
1.729999999999999982e+00,1.751000000000000156e+01,1.454589999999996053e+01,3.036360000000000241e+02,0.000000000000000000e+00,0.000000000000000000e+00,0.000000000000000000e+00,9.903323580129294035e-01
1.731000000000000094e+00,1.749800000000000111e+01,1.452199599999994462e+01,3.032040000000000077e+02,0.000000000000000000e+00,0.000000000000000000e+00,0.000000000000000000e+00,9.902802143800348844e-01
1.731999999999999984e+00,1.747299999999999898e+01,1.450127100000003111e+01,3.023340000000000032e+02,0.000000000000000000e+00,0.000000000000000000e+00,0.000000000000000000e+00,9.902663831113369675e-01
1.733000000000000096e+00,1.746300000000000097e+01,1.451463099999995165e+01,3.020079999999999814e+02,0.000000000000000000e+00,0.000000000000000000e+00,0.000000000000000000e+00,9.903318333384272254e-01
1.733999999999999986e+00,1.744399999999999906e+01,1.453686400000009371e+01,3.013860000000000241e+02,0.000000000000000000e+00,0.000000000000000000e+00,0.000000000000000000e+00,9.904462649463117163e-01
1.735000000000000098e+00,1.742500000000000071e+01,1.450237500000002910e+01,3.007080000000000268e+02,0.000000000000000000e+00,0.000000000000000000e+00,0.000000000000000000e+00,9.903744064025162830e-01
1.735999999999999988e+00,1.740800000000000125e+01,1.452553599999998823e+01,3.001560000000000059e+02,0.000000000000000000e+00,0.000000000000000000e+00,0.000000000000000000e+00,9.904881249662088605e-01
1.737000000000000099e+00,1.738800000000000168e+01,1.449345599999992373e+01,2.994479999999999791e+02,0.000000000000000000e+00,0.000000000000000000e+00,0.000000000000000000e+00,9.904262762305788836e-01
1.737999999999999989e+00,1.737099999999999866e+01,1.450935900000001766e+01,2.988899999999999864e+02,0.000000000000000000e+00,0.000000000000000000e+00,0.000000000000000000e+00,9.905165685577830281e-01
1.739000000000000101e+00,1.735800000000000054e+01,1.453183599999999842e+01,2.984739999999999895e+02,0.000000000000000000e+00,0.000000000000000000e+00,0.000000000000000000e+00,9.906201046740883420e-01
1.739999999999999991e+00,1.733999999999999986e+01,1.447640000000001237e+01,2.978120000000000118e+02,0.000000000000000000e+00,0.000000000000000000e+00,0.000000000000000000e+00,9.904761144569098619e-01
1.741000000000000103e+00,1.732499999999999929e+01,1.450337500000000546e+01,2.973340000000000032e+02,0.000000000000000000e+00,0.000000000000000000e+00,0.000000000000000000e+00,9.905994598635291526e-01
1.741999999999999993e+00,1.731099999999999994e+01,1.447227899999995770e+01,2.968319999999999936e+02,0.000000000000000000e+00,0.000000000000000000e+00,0.000000000000000000e+00,9.905271993522516416e-01
1.743000000000000105e+00,1.728399999999999892e+01,1.443134400000002415e+01,2.958840000000000146e+02,0.000000000000000000e+00,0.000000000000000000e+00,0.000000000000000000e+00,9.904509341498420882e-01
1.743999999999999995e+00,1.727199999999999847e+01,1.444201600000008057e+01,2.954920000000000186e+02,0.000000000000000000e+00,0.000000000000000000e+00,0.000000000000000000e+00,9.905136592280108232e-01
1.745000000000000107e+00,1.725100000000000122e+01,1.441999899999996160e+01,2.947660000000000196e+02,0.000000000000000000e+00,0.000000000000000000e+00,0.000000000000000000e+00,9.904871319586986411e-01
1.745999999999999996e+00,1.722800000000000153e+01,1.438201599999996461e+01,2.939580000000000268e+02,0.000000000000000000e+00,0.000000000000000000e+00,0.000000000000000000e+00,9.904112338330335330e-01
1.747000000000000108e+00,1.720599999999999952e+01,1.441556400000001759e+01,2.932559999999999718e+02,0.000000000000000000e+00,0.000000000000000000e+00,0.000000000000000000e+00,9.905743300351705916e-01
1.747999999999999998e+00,1.718799999999999883e+01,1.438865600000002587e+01,2.926279999999999859e+02,0.000000000000000000e+00,0.000000000000000000e+00,0.000000000000000000e+00,9.905244248480941094e-01
1.749000000000000110e+00,1.717500000000000071e+01,1.437437499999998636e+01,2.921800000000000068e+02,0.000000000000000000e+00,0.000000000000000000e+00,0.000000000000000000e+00,9.905057323680156456e-01
1.750000000000000000e+00,1.716100000000000136e+01,1.439107899999999063e+01,2.917300000000000182e+02,0.000000000000000000e+00,0.000000000000000000e+00,0.000000000000000000e+00,9.905944932324786123e-01
1.751000000000000112e+00,1.714300000000000068e+01,1.439055100000001630e+01,2.911299999999999955e+02,0.000000000000000000e+00,0.000000000000000000e+00,0.000000000000000000e+00,9.906341838059202765e-01
1.752000000000000002e+00,1.712300000000000111e+01,1.440187099999997145e+01,2.904759999999999991e+02,0.000000000000000000e+00,0.000000000000000000e+00,0.000000000000000000e+00,9.907191144426246154e-01
1.753000000000000114e+00,1.710999999999999943e+01,1.437790000000001100e+01,2.900199999999999818e+02,0.000000000000000000e+00,0.000000000000000000e+00,0.000000000000000000e+00,9.906675306513599288e-01
1.754000000000000004e+00,1.709700000000000131e+01,1.442359099999993077e+01,2.896340000000000146e+02,0.000000000000000000e+00,0.000000000000000000e+00,0.000000000000000000e+00,9.908541182409781323e-01
1.755000000000000115e+00,1.708099999999999952e+01,1.442843900000002577e+01,2.891080000000000041e+02,0.000000000000000000e+00,0.000000000000000000e+00,0.000000000000000000e+00,9.909084319316208145e-01
1.756000000000000005e+00,1.706899999999999906e+01,1.442423900000005688e+01,2.887060000000000173e+02,0.000000000000000000e+00,0.000000000000000000e+00,0.000000000000000000e+00,9.909224160221089539e-01
1.757000000000000117e+00,1.705900000000000105e+01,1.436551899999994930e+01,2.883159999999999741e+02,0.000000000000000000e+00,0.000000000000000000e+00,0.000000000000000000e+00,9.907443531023648609e-01
1.758000000000000007e+00,1.703699999999999903e+01,1.436763099999996030e+01,2.875899999999999750e+02,0.000000000000000000e+00,0.000000000000000000e+00,0.000000000000000000e+00,9.908035044339946751e-01
1.759000000000000119e+00,1.702299999999999969e+01,1.436447100000003729e+01,2.871240000000000236e+02,0.000000000000000000e+00,0.000000000000000000e+00,0.000000000000000000e+00,9.908257788722659720e-01
1.760000000000000009e+00,1.700799999999999912e+01,1.435793600000005199e+01,2.866220000000000141e+02,0.000000000000000000e+00,0.000000000000000000e+00,0.000000000000000000e+00,9.908388526587900147e-01
1.761000000000000121e+00,1.698900000000000077e+01,1.432087899999999081e+01,2.859580000000000268e+02,0.000000000000000000e+00,0.000000000000000000e+00,0.000000000000000000e+00,9.907557881776057895e-01
1.762000000000000011e+00,1.697500000000000142e+01,1.433237499999995634e+01,2.855079999999999814e+02,0.000000000000000000e+00,0.000000000000000000e+00,0.000000000000000000e+00,9.908290152068902623e-01
1.763000000000000123e+00,1.695599999999999952e+01,1.432406400000007807e+01,2.848740000000000236e+02,0.000000000000000000e+00,0.000000000000000000e+00,0.000000000000000000e+00,9.908456290099000308e-01
1.764000000000000012e+00,1.693100000000000094e+01,1.433023899999994910e+01,2.840579999999999927e+02,0.000000000000000000e+00,0.000000000000000000e+00,0.000000000000000000e+00,9.909273277016639181e-01
1.765000000000000124e+00,1.691499999999999915e+01,1.430377500000003010e+01,2.835059999999999718e+02,0.000000000000000000e+00,0.000000000000000000e+00,0.000000000000000000e+00,9.908735833712912777e-01
1.766000000000000014e+00,1.689099999999999824e+01,1.428911900000008472e+01,2.827040000000000077e+02,0.000000000000000000e+00,0.000000000000000000e+00,0.000000000000000000e+00,9.908803807657931007e-01
1.767000000000000126e+00,1.687399999999999878e+01,1.425012400000008483e+01,2.821080000000000041e+02,0.000000000000000000e+00,0.000000000000000000e+00,0.000000000000000000e+00,9.907847479640813360e-01
1.768000000000000016e+00,1.686400000000000077e+01,1.422150399999998172e+01,2.817520000000000095e+02,0.000000000000000000e+00,0.000000000000000000e+00,0.000000000000000000e+00,9.907083433850983889e-01
1.769000000000000128e+00,1.684400000000000119e+01,1.421366399999993746e+01,2.810899999999999750e+02,0.000000000000000000e+00,0.000000000000000000e+00,0.000000000000000000e+00,9.907291241893917411e-01
1.770000000000000018e+00,1.682799999999999940e+01,1.413241599999997788e+01,2.804859999999999900e+02,0.000000000000000000e+00,0.000000000000000000e+00,0.000000000000000000e+00,9.904810759162926415e-01
1.771000000000000130e+00,1.680399999999999849e+01,1.409158400000001166e+01,2.796619999999999777e+02,0.000000000000000000e+00,0.000000000000000000e+00,0.000000000000000000e+00,9.903942572474414563e-01
1.772000000000000020e+00,1.678500000000000014e+01,1.412877500000001874e+01,2.790799999999999841e+02,0.000000000000000000e+00,0.000000000000000000e+00,0.000000000000000000e+00,9.905719436682307588e-01
1.773000000000000131e+00,1.676099999999999923e+01,1.413987900000006448e+01,2.783100000000000023e+02,0.000000000000000000e+00,0.000000000000000000e+00,0.000000000000000000e+00,9.906698802515369051e-01
1.774000000000000021e+00,1.674500000000000099e+01,1.416797499999995580e+01,2.778179999999999836e+02,0.000000000000000000e+00,0.000000000000000000e+00,0.000000000000000000e+00,9.908093055502676938e-01
1.775000000000000133e+00,1.672899999999999920e+01,1.407955900000001748e+01,2.772099999999999795e+02,0.000000000000000000e+00,0.000000000000000000e+00,0.000000000000000000e+00,9.905329582931599042e-01
1.776000000000000023e+00,1.670899999999999963e+01,1.409831900000000360e+01,2.765799999999999841e+02,0.000000000000000000e+00,0.000000000000000000e+00,0.000000000000000000e+00,9.906491112430790835e-01
1.777000000000000135e+00,1.669099999999999895e+01,1.412951900000001615e+01,2.760280000000000200e+02,0.000000000000000000e+00,0.000000000000000000e+00,0.000000000000000000e+00,9.908055358342838792e-01
1.778000000000000025e+00,1.667200000000000060e+01,1.408041599999995697e+01,2.753639999999999759e+02,0.000000000000000000e+00,0.000000000000000000e+00,0.000000000000000000e+00,9.906762657446736009e-01
1.779000000000000137e+00,1.665899999999999892e+01,1.403471900000005235e+01,2.748980000000000246e+02,0.000000000000000000e+00,0.000000000000000000e+00,0.000000000000000000e+00,9.905438907804309245e-01
1.780000000000000027e+00,1.664000000000000057e+01,1.399839999999994689e+01,2.742479999999999905e+02,0.000000000000000000e+00,0.000000000000000000e+00,0.000000000000000000e+00,9.904597355769229061e-01
1.781000000000000139e+00,1.662800000000000011e+01,1.402561599999995678e+01,2.738879999999999768e+02,0.000000000000000000e+00,0.000000000000000000e+00,0.000000000000000000e+00,9.905877956319810718e-01
1.782000000000000028e+00,1.661299999999999955e+01,1.404323100000004843e+01,2.734220000000000255e+02,0.000000000000000000e+00,0.000000000000000000e+00,0.000000000000000000e+00,9.906889650756216525e-01
1.783000000000000140e+00,1.660200000000000031e+01,1.404959599999995135e+01,2.730740000000000123e+02,0.000000000000000000e+00,0.000000000000000000e+00,0.000000000000000000e+00,9.907396244954818076e-01
1.784000000000000030e+00,1.657600000000000051e+01,1.406622400000003381e+01,2.722540000000000191e+02,0.000000000000000000e+00,0.000000000000000000e+00,0.000000000000000000e+00,9.908656954838180875e-01
1.785000000000000142e+00,1.656299999999999883e+01,1.406803100000007589e+01,2.718380000000000223e+02,0.000000000000000000e+00,0.000000000000000000e+00,0.000000000000000000e+00,9.909053257102323764e-01
1.786000000000000032e+00,1.654799999999999827e+01,1.406569600000005948e+01,2.713539999999999850e+02,0.000000000000000000e+00,0.000000000000000000e+00,0.000000000000000000e+00,9.909350806896665143e-01
1.787000000000000144e+00,1.653099999999999881e+01,1.406503900000001295e+01,2.708079999999999927e+02,0.000000000000000000e+00,0.000000000000000000e+00,0.000000000000000000e+00,9.909762313578058812e-01
1.788000000000000034e+00,1.650700000000000145e+01,1.407995099999993727e+01,2.700539999999999736e+02,0.000000000000000000e+00,0.000000000000000000e+00,0.000000000000000000e+00,9.910927787128415156e-01
1.789000000000000146e+00,1.649200000000000088e+01,1.407993599999997514e+01,2.695740000000000123e+02,0.000000000000000000e+00,0.000000000000000000e+00,0.000000000000000000e+00,9.911316632752182887e-01
1.790000000000000036e+00,1.647400000000000020e+01,1.407532399999990957e+01,2.689939999999999145e+02,0.000000000000000000e+00,0.000000000000000000e+00,0.000000000000000000e+00,9.911616037862418516e-01
1.791000000000000147e+00,1.645499999999999829e+01,1.407597500000002810e+01,2.683879999999999768e+02,0.000000000000000000e+00,0.000000000000000000e+00,0.000000000000000000e+00,9.912137565495652280e-01
1.792000000000000037e+00,1.643400000000000105e+01,1.410764399999993657e+01,2.677499999999999432e+02,0.000000000000000000e+00,0.000000000000000000e+00,0.000000000000000000e+00,9.913863026202852646e-01
1.792999999999999927e+00,1.641100000000000136e+01,1.405407899999994470e+01,2.669639999999999986e+02,0.000000000000000000e+00,0.000000000000000000e+00,0.000000000000000000e+00,9.912486523837483743e-01
1.794000000000000039e+00,1.639900000000000091e+01,1.405179899999995996e+01,2.665799999999999841e+02,0.000000000000000000e+00,0.000000000000000000e+00,0.000000000000000000e+00,9.912719836770991222e-01
1.794999999999999929e+00,1.638200000000000145e+01,1.402407599999997956e+01,2.660120000000000005e+02,0.000000000000000000e+00,0.000000000000000000e+00,0.000000000000000000e+00,9.912139036861670194e-01
1.796000000000000041e+00,1.636400000000000077e+01,1.403150399999992715e+01,2.654479999999999791e+02,0.000000000000000000e+00,0.000000000000000000e+00,0.000000000000000000e+00,9.912895224452790144e-01
1.796999999999999931e+00,1.634600000000000009e+01,1.402428400000002284e+01,2.648700000000000045e+02,0.000000000000000000e+00,0.000000000000000000e+00,0.000000000000000000e+00,9.913106737186418993e-01
1.798000000000000043e+00,1.633200000000000074e+01,1.400377599999995937e+01,2.644060000000000059e+02,0.000000000000000000e+00,0.000000000000000000e+00,0.000000000000000000e+00,9.912713713107920155e-01
1.798999999999999932e+00,1.631299999999999883e+01,1.400303100000002132e+01,2.638039999999999736e+02,0.000000000000000000e+00,0.000000000000000000e+00,0.000000000000000000e+00,9.913196251640590262e-01
1.800000000000000044e+00,1.629500000000000171e+01,1.396597499999995762e+01,2.631979999999999791e+02,0.000000000000000000e+00,0.000000000000000000e+00,0.000000000000000000e+00,9.912286706033027750e-01
1.800999999999999934e+00,1.627299999999999969e+01,1.394647100000003093e+01,2.624839999999999804e+02,0.000000000000000000e+00,0.000000000000000000e+00,0.000000000000000000e+00,9.912143636856675100e-01
1.802000000000000046e+00,1.625499999999999901e+01,1.391997500000002219e+01,2.618899999999999864e+02,0.000000000000000000e+00,0.000000000000000000e+00,0.000000000000000000e+00,9.911627409250884924e-01
1.802999999999999936e+00,1.623499999999999943e+01,1.393377500000002556e+01,2.612740000000000009e+02,0.000000000000000000e+00,0.000000000000000000e+00,0.000000000000000000e+00,9.912691907974280348e-01
1.804000000000000048e+00,1.621600000000000108e+01,1.399334399999997913e+01,2.607359999999999900e+02,0.000000000000000000e+00,0.000000000000000000e+00,0.000000000000000000e+00,9.915475077572649676e-01
1.804999999999999938e+00,1.619900000000000162e+01,1.401939899999996442e+01,2.602280000000000086e+02,0.000000000000000000e+00,0.000000000000000000e+00,0.000000000000000000e+00,9.916938343565739888e-01
1.806000000000000050e+00,1.618499999999999872e+01,1.400877500000007103e+01,2.597780000000000200e+02,0.000000000000000000e+00,0.000000000000000000e+00,0.000000000000000000e+00,9.916923462486626484e-01
1.806999999999999940e+00,1.616499999999999915e+01,1.399577500000003738e+01,2.591379999999999768e+02,0.000000000000000000e+00,0.000000000000000000e+00,0.000000000000000000e+00,9.916985647832738948e-01
1.808000000000000052e+00,1.614699999999999847e+01,1.398139100000003054e+01,2.585600000000000023e+02,0.000000000000000000e+00,0.000000000000000000e+00,0.000000000000000000e+00,9.916939152685996239e-01
1.808999999999999941e+00,1.612399999999999878e+01,1.395662400000003345e+01,2.578159999999999741e+02,0.000000000000000000e+00,0.000000000000000000e+00,0.000000000000000000e+00,9.916634054325074166e-01
1.810000000000000053e+00,1.610600000000000165e+01,1.396676399999995510e+01,2.572640000000000100e+02,0.000000000000000000e+00,0.000000000000000000e+00,0.000000000000000000e+00,9.917532408886370332e-01
1.810999999999999943e+00,1.609400000000000119e+01,1.393116399999996702e+01,2.568539999999999850e+02,0.000000000000000000e+00,0.000000000000000000e+00,0.000000000000000000e+00,9.916498246469197531e-01
1.812000000000000055e+00,1.607799999999999940e+01,1.392791599999998198e+01,2.563519999999999754e+02,0.000000000000000000e+00,0.000000000000000000e+00,0.000000000000000000e+00,9.916825274027578629e-01
1.812999999999999945e+00,1.606099999999999994e+01,1.395927900000003774e+01,2.558540000000000134e+02,0.000000000000000000e+00,0.000000000000000000e+00,0.000000000000000000e+00,9.918523962490447543e-01
1.814000000000000057e+00,1.604700000000000060e+01,1.397279099999997243e+01,2.554319999999999879e+02,0.000000000000000000e+00,0.000000000000000000e+00,0.000000000000000000e+00,9.919450136443116461e-01
1.814999999999999947e+00,1.603099999999999881e+01,1.395803899999998521e+01,2.549199999999999875e+02,0.000000000000000000e+00,0.000000000000000000e+00,0.000000000000000000e+00,9.919337829645847870e-01
1.816000000000000059e+00,1.601399999999999935e+01,1.398780399999998281e+01,2.544219999999999970e+02,0.000000000000000000e+00,0.000000000000000000e+00,0.000000000000000000e+00,9.920990046660339567e-01
1.816999999999999948e+00,1.599600000000000044e+01,1.399598399999999288e+01,2.538720000000000141e+02,0.000000000000000000e+00,0.000000000000000000e+00,0.000000000000000000e+00,9.921835297534061793e-01
1.818000000000000060e+00,1.598300000000000054e+01,1.394671099999993658e+01,2.534199999999999875e+02,0.000000000000000000e+00,0.000000000000000000e+00,0.000000000000000000e+00,9.920288163271641091e-01
1.818999999999999950e+00,1.596700000000000053e+01,1.397991099999998710e+01,2.529579999999999984e+02,0.000000000000000000e+00,0.000000000000000000e+00,0.000000000000000000e+00,9.922058157394040290e-01
1.820000000000000062e+00,1.594899999999999984e+01,1.410039900000001012e+01,2.525219999999999914e+02,0.000000000000000000e+00,0.000000000000000000e+00,0.000000000000000000e+00,9.927326468045731822e-01
1.820999999999999952e+00,1.592999999999999972e+01,1.405310000000000059e+01,2.518880000000000052e+02,0.000000000000000000e+00,0.000000000000000000e+00,0.000000000000000000e+00,9.926037840536655610e-01
1.822000000000000064e+00,1.591399999999999970e+01,1.401660400000000095e+01,2.513580000000000041e+02,0.000000000000000000e+00,0.000000000000000000e+00,0.000000000000000000e+00,9.925079740452993349e-01
1.822999999999999954e+00,1.590300000000000047e+01,1.401959099999999125e+01,2.510219999999999914e+02,0.000000000000000000e+00,0.000000000000000000e+00,0.000000000000000000e+00,9.925529113535090930e-01
1.824000000000000066e+00,1.588700000000000045e+01,1.403023100000001477e+01,2.505399999999999920e+02,0.000000000000000000e+00,0.000000000000000000e+00,0.000000000000000000e+00,9.926434517868173435e-01
1.824999999999999956e+00,1.587299999999999933e+01,1.399487100000001760e+01,2.500740000000000123e+02,0.000000000000000000e+00,0.000000000000000000e+00,0.000000000000000000e+00,9.925456910903897034e-01
1.826000000000000068e+00,1.586299999999999955e+01,1.394623100000004001e+01,2.497179999999999893e+02,0.000000000000000000e+00,0.000000000000000000e+00,0.000000000000000000e+00,9.923827338820574440e-01
1.826999999999999957e+00,1.584600000000000009e+01,1.399228399999995531e+01,2.492419999999999902e+02,0.000000000000000000e+00,0.000000000000000000e+00,0.000000000000000000e+00,9.926174925262364335e-01
1.828000000000000069e+00,1.583000000000000007e+01,1.401110000000002742e+01,2.487700000000000102e+02,0.000000000000000000e+00,0.000000000000000000e+00,0.000000000000000000e+00,9.927414981270120675e-01
1.828999999999999959e+00,1.581799999999999962e+01,1.397887600000001385e+01,2.483700000000000045e+02,0.000000000000000000e+00,0.000000000000000000e+00,0.000000000000000000e+00,9.926496525362521473e-01
1.830000000000000071e+00,1.580400000000000027e+01,1.398758399999994140e+01,2.479499999999999886e+02,0.000000000000000000e+00,0.000000000000000000e+00,0.000000000000000000e+00,9.927275410798221955e-01
1.830999999999999961e+00,1.578599999999999959e+01,1.405220400000001746e+01,2.474639999999999986e+02,0.000000000000000000e+00,0.000000000000000000e+00,0.000000000000000000e+00,9.930424906326218437e-01
1.832000000000000073e+00,1.576699999999999946e+01,1.400271100000000501e+01,2.468340000000000032e+02,0.000000000000000000e+00,0.000000000000000000e+00,0.000000000000000000e+00,9.929030525226181236e-01
1.832999999999999963e+00,1.575399999999999956e+01,1.399148400000001402e+01,2.464259999999999877e+02,0.000000000000000000e+00,0.000000000000000000e+00,0.000000000000000000e+00,9.928984788321147947e-01
1.834000000000000075e+00,1.573700000000000010e+01,1.395383100000003651e+01,2.458700000000000045e+02,0.000000000000000000e+00,0.000000000000000000e+00,0.000000000000000000e+00,9.927997327585176279e-01
1.834999999999999964e+00,1.571599999999999930e+01,1.390534399999998527e+01,2.451819999999999879e+02,0.000000000000000000e+00,0.000000000000000000e+00,0.000000000000000000e+00,9.926691909414505632e-01
1.836000000000000076e+00,1.569999999999999929e+01,1.383799999999999386e+01,2.446279999999999859e+02,0.000000000000000000e+00,0.000000000000000000e+00,0.000000000000000000e+00,9.924459410118057212e-01
1.836999999999999966e+00,1.567699999999999960e+01,1.383867100000003347e+01,2.439300000000000068e+02,0.000000000000000000e+00,0.000000000000000000e+00,0.000000000000000000e+00,9.925200736503360099e-01
1.838000000000000078e+00,1.565900000000000070e+01,1.376671899999999482e+01,2.433120000000000118e+02,0.000000000000000000e+00,0.000000000000000000e+00,0.000000000000000000e+00,9.922828386507656084e-01
1.838999999999999968e+00,1.564000000000000057e+01,1.380639999999996803e+01,2.427760000000000105e+02,0.000000000000000000e+00,0.000000000000000000e+00,0.000000000000000000e+00,9.925039736788743294e-01
1.840000000000000080e+00,1.562199999999999989e+01,1.381711599999997020e+01,2.422419999999999902e+02,0.000000000000000000e+00,0.000000000000000000e+00,0.000000000000000000e+00,9.926043554811376790e-01
1.840999999999999970e+00,1.561200000000000010e+01,1.380345600000001127e+01,2.419259999999999877e+02,0.000000000000000000e+00,0.000000000000000000e+00,0.000000000000000000e+00,9.925798618024369580e-01
1.842000000000000082e+00,1.559699999999999953e+01,1.380859100000000694e+01,2.414780000000000086e+02,0.000000000000000000e+00,0.000000000000000000e+00,0.000000000000000000e+00,9.926483520377860081e-01
1.842999999999999972e+00,1.558600000000000030e+01,1.382060399999997458e+01,2.411579999999999870e+02,0.000000000000000000e+00,0.000000000000000000e+00,0.000000000000000000e+00,9.927327049223368949e-01
1.844000000000000083e+00,1.556600000000000072e+01,1.387364399999995612e+01,2.406080000000000041e+02,0.000000000000000000e+00,0.000000000000000000e+00,0.000000000000000000e+00,9.930154621811615456e-01
1.844999999999999973e+00,1.555400000000000027e+01,1.387908400000000597e+01,2.402520000000000095e+02,0.000000000000000000e+00,0.000000000000000000e+00,0.000000000000000000e+00,9.930767686882761014e-01
1.846000000000000085e+00,1.553200000000000003e+01,1.391497600000002421e+01,2.396260000000000048e+02,0.000000000000000000e+00,0.000000000000000000e+00,0.000000000000000000e+00,9.932971160235498642e-01
1.846999999999999975e+00,1.552200000000000024e+01,1.389751599999996756e+01,2.393079999999999927e+02,0.000000000000000000e+00,0.000000000000000000e+00,0.000000000000000000e+00,9.932575135862542481e-01
1.848000000000000087e+00,1.549600000000000044e+01,1.394198399999999083e+01,2.385720000000000027e+02,0.000000000000000000e+00,0.000000000000000000e+00,0.000000000000000000e+00,9.935283313907976588e-01
1.848999999999999977e+00,1.547899999999999920e+01,1.390555900000001088e+01,2.380260000000000105e+02,0.000000000000000000e+00,0.000000000000000000e+00,0.000000000000000000e+00,9.934330355971073834e-01
1.850000000000000089e+00,1.546299999999999919e+01,1.392663100000004306e+01,2.375680000000000121e+02,0.000000000000000000e+00,0.000000000000000000e+00,0.000000000000000000e+00,9.935744837853633937e-01
1.850999999999999979e+00,1.545599999999999952e+01,1.390206399999999576e+01,2.373340000000000032e+02,0.000000000000000000e+00,0.000000000000000000e+00,0.000000000000000000e+00,9.934951256810222731e-01
1.852000000000000091e+00,1.543900000000000006e+01,1.387027900000001068e+01,2.367940000000000111e+02,0.000000000000000000e+00,0.000000000000000000e+00,0.000000000000000000e+00,9.934187653446027166e-01
1.852999999999999980e+00,1.542300000000000004e+01,1.383607100000000401e+01,2.362820000000000107e+02,0.000000000000000000e+00,0.000000000000000000e+00,0.000000000000000000e+00,9.933285570054423141e-01
1.854000000000000092e+00,1.540700000000000003e+01,1.382535100000001194e+01,2.357940000000000111e+02,0.000000000000000000e+00,0.000000000000000000e+00,0.000000000000000000e+00,9.933369365953792496e-01
1.854999999999999982e+00,1.539499999999999957e+01,1.381497500000000400e+01,2.354259999999999877e+02,0.000000000000000000e+00,0.000000000000000000e+00,0.000000000000000000e+00,9.933333973260806138e-01
1.856000000000000094e+00,1.537299999999999933e+01,1.386987100000001760e+01,2.348259999999999934e+02,0.000000000000000000e+00,0.000000000000000000e+00,0.000000000000000000e+00,9.936396795166119178e-01
1.856999999999999984e+00,1.536299999999999955e+01,1.385523100000003183e+01,2.345140000000000100e+02,0.000000000000000000e+00,0.000000000000000000e+00,0.000000000000000000e+00,9.936117375681563502e-01
1.858000000000000096e+00,1.535699999999999932e+01,1.385955100000001039e+01,2.343400000000000034e+02,0.000000000000000000e+00,0.000000000000000000e+00,0.000000000000000000e+00,9.936505037416683006e-01
1.858999999999999986e+00,1.534699999999999953e+01,1.388459100000002877e+01,2.340680000000000121e+02,0.000000000000000000e+00,0.000000000000000000e+00,0.000000000000000000e+00,9.937909970682384797e-01
1.860000000000000098e+00,1.533099999999999952e+01,1.389343900000000076e+01,2.336020000000000039e+02,0.000000000000000000e+00,0.000000000000000000e+00,0.000000000000000000e+00,9.938837487872945742e-01
1.860999999999999988e+00,1.531199999999999939e+01,1.390065600000002632e+01,2.330459999999999923e+02,0.000000000000000000e+00,0.000000000000000000e+00,0.000000000000000000e+00,9.939803804994055136e-01
1.862000000000000099e+00,1.528599999999999959e+01,1.394020400000002269e+01,2.323160000000000025e+02,0.000000000000000000e+00,0.000000000000000000e+00,0.000000000000000000e+00,9.942404106146647269e-01
1.862999999999999989e+00,1.527599999999999980e+01,1.389582400000000462e+01,2.319759999999999991e+02,0.000000000000000000e+00,0.000000000000000000e+00,0.000000000000000000e+00,9.940855390088325638e-01
1.864000000000000101e+00,1.526600000000000001e+01,1.392324399999998263e+01,2.317079999999999984e+02,0.000000000000000000e+00,0.000000000000000000e+00,0.000000000000000000e+00,9.942383538116477126e-01
1.864999999999999991e+00,1.525200000000000067e+01,1.396449599999999691e+01,2.313360000000000127e+02,0.000000000000000000e+00,0.000000000000000000e+00,0.000000000000000000e+00,9.944652884258848857e-01
1.866000000000000103e+00,1.524000000000000021e+01,1.398440000000002215e+01,2.310020000000000095e+02,0.000000000000000000e+00,0.000000000000000000e+00,0.000000000000000000e+00,9.945939336323117441e-01
1.866999999999999993e+00,1.522300000000000075e+01,1.398527100000001155e+01,2.305020000000000095e+02,0.000000000000000000e+00,0.000000000000000000e+00,0.000000000000000000e+00,9.946589693302005930e-01
1.868000000000000105e+00,1.520500000000000007e+01,1.400697500000001128e+01,2.299939999999999998e+02,0.000000000000000000e+00,0.000000000000000000e+00,0.000000000000000000e+00,9.948180522230384293e-01
1.868999999999999995e+00,1.518699999999999939e+01,1.397203100000004383e+01,2.294300000000000068e+02,0.000000000000000000e+00,0.000000000000000000e+00,0.000000000000000000e+00,9.947322978460458875e-01
1.870000000000000107e+00,1.517099999999999937e+01,1.392575899999999933e+01,2.289139999999999873e+02,0.000000000000000000e+00,0.000000000000000000e+00,0.000000000000000000e+00,9.945896545600791949e-01
1.870999999999999996e+00,1.515799999999999947e+01,1.391103599999999574e+01,2.285180000000000007e+02,0.000000000000000000e+00,0.000000000000000000e+00,0.000000000000000000e+00,9.945728714322171760e-01
1.872000000000000108e+00,1.514400000000000013e+01,1.389526400000002582e+01,2.280920000000000130e+02,0.000000000000000000e+00,0.000000000000000000e+00,0.000000000000000000e+00,9.945551059886719170e-01
1.872999999999999998e+00,1.513499999999999979e+01,1.391277500000001055e+01,2.278460000000000036e+02,0.000000000000000000e+00,0.000000000000000000e+00,0.000000000000000000e+00,9.946643625496290886e-01
1.874000000000000110e+00,1.512299999999999933e+01,1.392187100000001010e+01,2.275039999999999907e+02,0.000000000000000000e+00,0.000000000000000000e+00,0.000000000000000000e+00,9.947481326490059672e-01
1.875000000000000000e+00,1.510699999999999932e+01,1.394155100000003245e+01,2.270560000000000116e+02,0.000000000000000000e+00,0.000000000000000000e+00,0.000000000000000000e+00,9.948933415105958300e-01
1.876000000000000112e+00,1.508699999999999974e+01,1.389343099999999254e+01,2.264240000000000066e+02,0.000000000000000000e+00,0.000000000000000000e+00,0.000000000000000000e+00,9.947562527565699808e-01
1.877000000000000002e+00,1.506900000000000084e+01,1.385823899999996911e+01,2.258640000000000043e+02,0.000000000000000000e+00,0.000000000000000000e+00,0.000000000000000000e+00,9.946680071591046390e-01
1.878000000000000114e+00,1.505499999999999972e+01,1.386797500000002970e+01,2.254660000000000082e+02,0.000000000000000000e+00,0.000000000000000000e+00,0.000000000000000000e+00,9.947628098058696189e-01
1.879000000000000004e+00,1.503599999999999959e+01,1.387070400000001769e+01,2.249159999999999968e+02,0.000000000000000000e+00,0.000000000000000000e+00,0.000000000000000000e+00,9.948456771054603465e-01
1.880000000000000115e+00,1.501999999999999957e+01,1.386560000000002901e+01,2.244459999999999980e+02,0.000000000000000000e+00,0.000000000000000000e+00,0.000000000000000000e+00,9.948829877961210544e-01
1.881000000000000005e+00,1.500000000000000000e+01,1.384600000000000364e+01,2.238460000000000036e+02,0.000000000000000000e+00,0.000000000000000000e+00,0.000000000000000000e+00,9.948711111111111505e-01
1.882000000000000117e+00,1.498799999999999955e+01,1.386785600000001750e+01,2.235200000000000102e+02,0.000000000000000000e+00,0.000000000000000000e+00,0.000000000000000000e+00,9.950136071850097519e-01
1.883000000000000007e+00,1.497199999999999953e+01,1.384121600000003127e+01,2.230300000000000011e+02,0.000000000000000000e+00,0.000000000000000000e+00,0.000000000000000000e+00,9.949554780286636868e-01
1.884000000000000119e+00,1.495899999999999963e+01,1.385131899999998950e+01,2.226639999999999873e+02,0.000000000000000000e+00,0.000000000000000000e+00,0.000000000000000000e+00,9.950499500426061017e-01
1.885000000000000009e+00,1.494400000000000084e+01,1.387686399999995501e+01,2.222560000000000002e+02,0.000000000000000000e+00,0.000000000000000000e+00,0.000000000000000000e+00,9.952215609223755699e-01
1.886000000000000121e+00,1.492800000000000082e+01,1.390881599999997320e+01,2.218259999999999934e+02,0.000000000000000000e+00,0.000000000000000000e+00,0.000000000000000000e+00,9.954264930401187650e-01
1.887000000000000011e+00,1.491099999999999959e+01,1.392307900000000132e+01,2.213499999999999943e+02,0.000000000000000000e+00,0.000000000000000000e+00,0.000000000000000000e+00,9.955566688959009980e-01
1.888000000000000123e+00,1.489100000000000001e+01,1.395911899999998695e+01,2.208100000000000023e+02,0.000000000000000000e+00,0.000000000000000000e+00,0.000000000000000000e+00,9.957974515423182460e-01
1.889000000000000012e+00,1.486800000000000033e+01,1.389857599999999138e+01,2.200879999999999939e+02,0.000000000000000000e+00,0.000000000000000000e+00,0.000000000000000000e+00,9.956146055515421311e-01
1.890000000000000124e+00,1.484900000000000020e+01,1.390819899999996778e+01,2.195519999999999925e+02,0.000000000000000000e+00,0.000000000000000000e+00,0.000000000000000000e+00,9.957331894931117366e-01
1.891000000000000014e+00,1.482799999999999940e+01,1.388441600000001586e+01,2.189259999999999877e+02,0.000000000000000000e+00,0.000000000000000000e+00,0.000000000000000000e+00,9.957084377800978769e-01
1.892000000000000126e+00,1.481000000000000050e+01,1.383389999999999986e+01,2.183600000000000136e+02,0.000000000000000000e+00,0.000000000000000000e+00,0.000000000000000000e+00,9.955497521839770103e-01
1.893000000000000016e+00,1.479199999999999982e+01,1.377673600000002807e+01,2.177880000000000109e+02,0.000000000000000000e+00,0.000000000000000000e+00,0.000000000000000000e+00,9.953599229671455939e-01
1.894000000000000128e+00,1.478200000000000003e+01,1.378047600000002149e+01,2.175060000000000002e+02,0.000000000000000000e+00,0.000000000000000000e+00,0.000000000000000000e+00,9.954165239637240425e-01
1.895000000000000018e+00,1.476399999999999935e+01,1.377430400000002919e+01,2.169859999999999900e+02,0.000000000000000000e+00,0.000000000000000000e+00,0.000000000000000000e+00,9.954596039000606078e-01
1.896000000000000130e+00,1.475399999999999956e+01,1.372948400000001357e+01,2.166560000000000059e+02,0.000000000000000000e+00,0.000000000000000000e+00,0.000000000000000000e+00,9.952934878195530688e-01
1.897000000000000020e+00,1.474200000000000088e+01,1.369543599999997241e+01,2.162800000000000011e+02,0.000000000000000000e+00,0.000000000000000000e+00,0.000000000000000000e+00,9.951843714788588535e-01
1.898000000000000131e+00,1.473099999999999987e+01,1.371063899999998625e+01,2.159819999999999993e+02,0.000000000000000000e+00,0.000000000000000000e+00,0.000000000000000000e+00,9.952979267354606918e-01
1.899000000000000021e+00,1.471499999999999986e+01,1.367377500000000623e+01,2.154900000000000091e+02,0.000000000000000000e+00,0.000000000000000000e+00,0.000000000000000000e+00,9.951913401866174791e-01
1.900000000000000133e+00,1.470500000000000007e+01,1.365597500000001219e+01,2.151879999999999882e+02,0.000000000000000000e+00,0.000000000000000000e+00,0.000000000000000000e+00,9.951487262646163678e-01
1.901000000000000023e+00,1.469599999999999973e+01,1.365758400000001416e+01,2.149339999999999975e+02,0.000000000000000000e+00,0.000000000000000000e+00,0.000000000000000000e+00,9.951919045069164138e-01
1.902000000000000135e+00,1.468299999999999983e+01,1.366851099999999519e+01,2.145759999999999934e+02,0.000000000000000000e+00,0.000000000000000000e+00,0.000000000000000000e+00,9.952943703374595996e-01
1.903000000000000025e+00,1.467300000000000004e+01,1.368207100000000764e+01,2.143060000000000116e+02,0.000000000000000000e+00,0.000000000000000000e+00,0.000000000000000000e+00,9.953973844187996578e-01
1.904000000000000137e+00,1.466000000000000014e+01,1.361839999999997985e+01,2.138739999999999952e+02,0.000000000000000000e+00,0.000000000000000000e+00,0.000000000000000000e+00,9.951534462830989858e-01
1.905000000000000027e+00,1.463799999999999990e+01,1.357495600000001446e+01,2.132079999999999984e+02,0.000000000000000000e+00,0.000000000000000000e+00,0.000000000000000000e+00,9.950387883488354124e-01
1.906000000000000139e+00,1.462199999999999989e+01,1.354911599999996952e+01,2.127299999999999898e+02,0.000000000000000000e+00,0.000000000000000000e+00,0.000000000000000000e+00,9.949819011795929535e-01
1.907000000000000028e+00,1.460299999999999976e+01,1.355539100000001440e+01,2.121999999999999886e+02,0.000000000000000000e+00,0.000000000000000000e+00,0.000000000000000000e+00,9.950873587520505659e-01
1.908000000000000140e+00,1.459099999999999930e+01,1.353171900000000960e+01,2.118379999999999939e+02,0.000000000000000000e+00,0.000000000000000000e+00,0.000000000000000000e+00,9.950244503122611661e-01
1.909000000000000030e+00,1.458000000000000007e+01,1.353560000000001651e+01,2.115320000000000107e+02,0.000000000000000000e+00,0.000000000000000000e+00,0.000000000000000000e+00,9.950869428591321286e-01
1.910000000000000142e+00,1.456499999999999950e+01,1.352577500000001010e+01,2.110999999999999943e+02,0.000000000000000000e+00,0.000000000000000000e+00,0.000000000000000000e+00,9.951012124231151112e-01
1.911000000000000032e+00,1.455000000000000071e+01,1.354949999999999477e+01,2.107019999999999982e+02,0.000000000000000000e+00,0.000000000000000000e+00,0.000000000000000000e+00,9.952740284125127790e-01
1.912000000000000144e+00,1.453500000000000014e+01,1.357477500000001669e+01,2.103060000000000116e+02,0.000000000000000000e+00,0.000000000000000000e+00,0.000000000000000000e+00,9.954549052978062251e-01
1.913000000000000034e+00,1.451200000000000045e+01,1.357185599999996839e+01,2.096579999999999870e+02,0.000000000000000000e+00,0.000000000000000000e+00,0.000000000000000000e+00,9.955358391002722129e-01
1.914000000000000146e+00,1.449300000000000033e+01,1.356795099999999366e+01,2.091220000000000141e+02,0.000000000000000000e+00,0.000000000000000000e+00,0.000000000000000000e+00,9.955959914485634776e-01
1.915000000000000036e+00,1.447799999999999976e+01,1.357351600000001213e+01,2.087079999999999984e+02,0.000000000000000000e+00,0.000000000000000000e+00,0.000000000000000000e+00,9.956849707482117173e-01
1.916000000000000147e+00,1.445700000000000074e+01,1.360415099999997324e+01,2.081519999999999868e+02,0.000000000000000000e+00,0.000000000000000000e+00,0.000000000000000000e+00,9.959194774471475942e-01
1.917000000000000037e+00,1.444400000000000084e+01,1.358486399999998184e+01,2.077700000000000102e+02,0.000000000000000000e+00,0.000000000000000000e+00,0.000000000000000000e+00,9.958819941621193106e-01
1.918000000000000149e+00,1.442800000000000082e+01,1.357681599999997957e+01,2.073160000000000025e+02,0.000000000000000000e+00,0.000000000000000000e+00,0.000000000000000000e+00,9.959110557983048562e-01
1.919000000000000039e+00,1.441000000000000014e+01,1.359590000000000032e+01,2.068340000000000032e+02,0.000000000000000000e+00,0.000000000000000000e+00,0.000000000000000000e+00,9.960794247575586180e-01
1.919999999999999929e+00,1.439499999999999957e+01,1.362497500000000628e+01,2.064459999999999980e+02,0.000000000000000000e+00,0.000000000000000000e+00,0.000000000000000000e+00,9.962839505294052156e-01
1.921000000000000041e+00,1.437800000000000011e+01,1.356911599999997975e+01,2.059180000000000064e+02,0.000000000000000000e+00,0.000000000000000000e+00,0.000000000000000000e+00,9.960871852545312155e-01
1.921999999999999931e+00,1.435999999999999943e+01,1.350640000000001351e+01,2.053559999999999945e+02,0.000000000000000000e+00,0.000000000000000000e+00,0.000000000000000000e+00,9.958605224974976800e-01
1.923000000000000043e+00,1.434600000000000009e+01,1.350028399999999351e+01,2.049619999999999891e+02,0.000000000000000000e+00,0.000000000000000000e+00,0.000000000000000000e+00,9.958907468755933134e-01
1.923999999999999932e+00,1.433099999999999952e+01,1.346343899999999394e+01,2.045099999999999909e+02,0.000000000000000000e+00,0.000000000000000000e+00,0.000000000000000000e+00,9.957757751344608055e-01
1.925000000000000044e+00,1.431099999999999994e+01,1.345027899999999477e+01,2.039439999999999884e+02,0.000000000000000000e+00,0.000000000000000000e+00,0.000000000000000000e+00,9.957973576204817157e-01
1.925999999999999934e+00,1.429800000000000004e+01,1.343519599999999059e+01,2.035699999999999932e+02,0.000000000000000000e+00,0.000000000000000000e+00,0.000000000000000000e+00,9.957795227423480444e-01
1.927000000000000046e+00,1.428599999999999959e+01,1.337820400000001086e+01,2.031819999999999879e+02,0.000000000000000000e+00,0.000000000000000000e+00,0.000000000000000000e+00,9.955519775226783219e-01
1.927999999999999936e+00,1.427399999999999913e+01,1.337092400000003067e+01,2.028439999999999941e+02,0.000000000000000000e+00,0.000000000000000000e+00,0.000000000000000000e+00,9.955676615452386802e-01
1.929000000000000048e+00,1.426200000000000045e+01,1.333535599999999022e+01,2.024780000000000086e+02,0.000000000000000000e+00,0.000000000000000000e+00,0.000000000000000000e+00,9.954443321362907993e-01
1.929999999999999938e+00,1.425000000000000000e+01,1.326349999999999341e+01,2.020759999999999934e+02,0.000000000000000000e+00,0.000000000000000000e+00,0.000000000000000000e+00,9.951418898122499357e-01
1.931000000000000050e+00,1.423799999999999955e+01,1.321535600000001409e+01,2.016980000000000075e+02,0.000000000000000000e+00,0.000000000000000000e+00,0.000000000000000000e+00,9.949554027659857081e-01
1.931999999999999940e+00,1.422199999999999953e+01,1.323871600000003923e+01,2.012820000000000107e+02,0.000000000000000000e+00,0.000000000000000000e+00,0.000000000000000000e+00,9.951386417849146238e-01
1.933000000000000052e+00,1.420400000000000063e+01,1.321638399999997660e+01,2.007659999999999911e+02,0.000000000000000000e+00,0.000000000000000000e+00,0.000000000000000000e+00,9.951048411444579633e-01
1.933999999999999941e+00,1.419100000000000072e+01,1.323651899999998705e+01,2.004300000000000068e+02,0.000000000000000000e+00,0.000000000000000000e+00,0.000000000000000000e+00,9.952604044002774097e-01
1.935000000000000053e+00,1.417800000000000082e+01,1.323231599999996888e+01,2.000699999999999932e+02,0.000000000000000000e+00,0.000000000000000000e+00,0.000000000000000000e+00,9.952954715712629685e-01
1.935999999999999943e+00,1.416300000000000026e+01,1.321643100000000004e+01,1.996440000000000055e+02,0.000000000000000000e+00,0.000000000000000000e+00,0.000000000000000000e+00,9.952810892121253250e-01
1.937000000000000055e+00,1.415399999999999991e+01,1.324628400000000283e+01,1.994279999999999973e+02,0.000000000000000000e+00,0.000000000000000000e+00,0.000000000000000000e+00,9.954690256030033213e-01
1.937999999999999945e+00,1.414499999999999957e+01,1.323997500000001537e+01,1.991759999999999877e+02,0.000000000000000000e+00,0.000000000000000000e+00,0.000000000000000000e+00,9.954767074988745135e-01
1.939000000000000057e+00,1.412800000000000011e+01,1.323961599999998384e+01,1.987119999999999891e+02,0.000000000000000000e+00,0.000000000000000000e+00,0.000000000000000000e+00,9.955491869193998644e-01
1.939999999999999947e+00,1.411500000000000021e+01,1.322577499999999873e+01,1.983439999999999941e+02,0.000000000000000000e+00,0.000000000000000000e+00,0.000000000000000000e+00,9.955367635091987299e-01
1.941000000000000059e+00,1.410599999999999987e+01,1.324676400000001308e+01,1.981200000000000045e+02,0.000000000000000000e+00,0.000000000000000000e+00,0.000000000000000000e+00,9.956817805853873660e-01
1.941999999999999948e+00,1.409399999999999942e+01,1.323116400000000681e+01,1.977779999999999916e+02,0.000000000000000000e+00,0.000000000000000000e+00,0.000000000000000000e+00,9.956563010034855665e-01
1.943000000000000060e+00,1.408200000000000074e+01,1.324727599999997096e+01,1.974679999999999893e+02,0.000000000000000000e+00,0.000000000000000000e+00,0.000000000000000000e+00,9.957906579235894506e-01
1.943999999999999950e+00,1.406900000000000084e+01,1.324823899999998389e+01,1.971160000000000139e+02,0.000000000000000000e+00,0.000000000000000000e+00,0.000000000000000000e+00,9.958534180520413059e-01
1.945000000000000062e+00,1.404899999999999949e+01,1.322059900000002131e+01,1.965459999999999923e+02,0.000000000000000000e+00,0.000000000000000000e+00,0.000000000000000000e+00,9.958028954322197812e-01
1.945999999999999952e+00,1.403400000000000070e+01,1.318684399999997936e+01,1.961059999999999945e+02,0.000000000000000000e+00,0.000000000000000000e+00,0.000000000000000000e+00,9.956986929419906485e-01
1.947000000000000064e+00,1.402699999999999925e+01,1.317627100000001406e+01,1.959060000000000059e+02,0.000000000000000000e+00,0.000000000000000000e+00,0.000000000000000000e+00,9.956762393625685492e-01
1.947999999999999954e+00,1.400999999999999979e+01,1.316189999999997440e+01,1.954319999999999879e+02,0.000000000000000000e+00,0.000000000000000000e+00,0.000000000000000000e+00,9.956791340538342361e-01
1.949000000000000066e+00,1.399399999999999977e+01,1.302796400000002564e+01,1.948660000000000139e+02,0.000000000000000000e+00,0.000000000000000000e+00,0.000000000000000000e+00,9.950670175333315992e-01
1.949999999999999956e+00,1.398000000000000043e+01,1.300559999999998695e+01,1.944660000000000082e+02,0.000000000000000000e+00,0.000000000000000000e+00,0.000000000000000000e+00,9.950143368515413922e-01
1.951000000000000068e+00,1.396599999999999930e+01,1.297484400000001870e+01,1.940579999999999927e+02,0.000000000000000000e+00,0.000000000000000000e+00,0.000000000000000000e+00,9.949184296906160574e-01
1.951999999999999957e+00,1.394599999999999973e+01,1.296908400000000938e+01,1.935140000000000100e+02,0.000000000000000000e+00,0.000000000000000000e+00,0.000000000000000000e+00,9.949770610366194257e-01
1.953000000000000069e+00,1.393299999999999983e+01,1.293851099999997700e+01,1.931339999999999861e+02,0.000000000000000000e+00,0.000000000000000000e+00,0.000000000000000000e+00,9.948771609714635034e-01
1.953999999999999959e+00,1.392099999999999937e+01,1.293475900000001388e+01,1.928079999999999927e+02,0.000000000000000000e+00,0.000000000000000000e+00,0.000000000000000000e+00,9.949108859225596069e-01
1.955000000000000071e+00,1.390300000000000047e+01,1.290559099999995851e+01,1.922959999999999923e+02,0.000000000000000000e+00,0.000000000000000000e+00,0.000000000000000000e+00,9.948399223483092024e-01
1.955999999999999961e+00,1.388299999999999912e+01,1.290131100000002107e+01,1.917560000000000002e+02,0.000000000000000000e+00,0.000000000000000000e+00,0.000000000000000000e+00,9.949066059415084817e-01
1.957000000000000073e+00,1.386599999999999966e+01,1.286204399999999737e+01,1.912620000000000005e+02,0.000000000000000000e+00,0.000000000000000000e+00,0.000000000000000000e+00,9.947782955397470595e-01
1.957999999999999963e+00,1.385800000000000054e+01,1.283983599999999115e+01,1.910260000000000105e+02,0.000000000000000000e+00,0.000000000000000000e+00,0.000000000000000000e+00,9.946982820055910723e-01
1.959000000000000075e+00,1.384900000000000020e+01,1.281619899999998324e+01,1.907620000000000005e+02,0.000000000000000000e+00,0.000000000000000000e+00,0.000000000000000000e+00,9.946150730123284323e-01
1.959999999999999964e+00,1.383099999999999952e+01,1.275043900000000008e+01,1.902160000000000082e+02,0.000000000000000000e+00,0.000000000000000000e+00,0.000000000000000000e+00,9.943513830340108273e-01
1.961000000000000076e+00,1.382000000000000028e+01,1.272159999999999513e+01,1.898940000000000055e+02,0.000000000000000000e+00,0.000000000000000000e+00,0.000000000000000000e+00,9.942489858235197264e-01
1.961999999999999966e+00,1.381000000000000050e+01,1.267390000000000327e+01,1.895800000000000125e+02,0.000000000000000000e+00,0.000000000000000000e+00,0.000000000000000000e+00,9.940429780181117003e-01
1.963000000000000078e+00,1.379100000000000037e+01,1.267331899999999223e+01,1.890740000000000123e+02,0.000000000000000000e+00,0.000000000000000000e+00,0.000000000000000000e+00,9.941233970165077594e-01
1.963999999999999968e+00,1.377299999999999969e+01,1.268947099999999750e+01,1.886119999999999948e+02,0.000000000000000000e+00,0.000000000000000000e+00,0.000000000000000000e+00,9.942880625299291841e-01
1.965000000000000080e+00,1.376299999999999990e+01,1.265283100000002037e+01,1.883100000000000023e+02,0.000000000000000000e+00,0.000000000000000000e+00,0.000000000000000000e+00,9.941391193669562032e-01
1.965999999999999970e+00,1.374699999999999989e+01,1.268499100000002500e+01,1.879180000000000064e+02,0.000000000000000000e+00,0.000000000000000000e+00,0.000000000000000000e+00,9.943803103533560561e-01
1.967000000000000082e+00,1.373399999999999999e+01,1.271924400000000333e+01,1.876080000000000041e+02,0.000000000000000000e+00,0.000000000000000000e+00,0.000000000000000000e+00,9.946201825192290125e-01
1.967999999999999972e+00,1.372000000000000064e+01,1.269359999999997513e+01,1.872119999999999891e+02,0.000000000000000000e+00,0.000000000000000000e+00,0.000000000000000000e+00,9.945473399688904426e-01
1.969000000000000083e+00,1.370400000000000063e+01,1.271638400000000502e+01,1.868120000000000118e+02,0.000000000000000000e+00,0.000000000000000000e+00,0.000000000000000000e+00,9.947411181075045405e-01
1.969999999999999973e+00,1.368999999999999950e+01,1.273789999999999623e+01,1.864639999999999986e+02,0.000000000000000000e+00,0.000000000000000000e+00,0.000000000000000000e+00,9.949198601400840447e-01
1.971000000000000085e+00,1.367099999999999937e+01,1.272075900000001525e+01,1.859459999999999980e+02,0.000000000000000000e+00,0.000000000000000000e+00,0.000000000000000000e+00,9.949156762334242510e-01
1.971999999999999975e+00,1.365600000000000058e+01,1.269966399999998430e+01,1.855300000000000011e+02,0.000000000000000000e+00,0.000000000000000000e+00,0.000000000000000000e+00,9.948718173110547847e-01
1.973000000000000087e+00,1.364199999999999946e+01,1.269183599999999501e+01,1.851539999999999964e+02,0.000000000000000000e+00,0.000000000000000000e+00,0.000000000000000000e+00,9.948944506153016842e-01
1.973999999999999977e+00,1.362500000000000000e+01,1.262637499999999591e+01,1.846419999999999959e+02,0.000000000000000000e+00,0.000000000000000000e+00,0.000000000000000000e+00,9.946206548270347669e-01
1.975000000000000089e+00,1.360899999999999999e+01,1.259611900000001583e+01,1.841920000000000073e+02,0.000000000000000000e+00,0.000000000000000000e+00,0.000000000000000000e+00,9.945310242660397870e-01
1.975999999999999979e+00,1.359800000000000075e+01,1.258839599999998882e+01,1.838959999999999866e+02,0.000000000000000000e+00,0.000000000000000000e+00,0.000000000000000000e+00,9.945398950699189111e-01
1.977000000000000091e+00,1.358600000000000030e+01,1.258060400000002232e+01,1.835740000000000123e+02,0.000000000000000000e+00,0.000000000000000000e+00,0.000000000000000000e+00,9.945530431793156989e-01
1.977999999999999980e+00,1.356900000000000084e+01,1.254123899999996183e+01,1.830900000000000034e+02,0.000000000000000000e+00,0.000000000000000000e+00,0.000000000000000000e+00,9.944179149560697928e-01
1.979000000000000092e+00,1.355700000000000038e+01,1.246275099999999725e+01,1.826980000000000075e+02,0.000000000000000000e+00,0.000000000000000000e+00,0.000000000000000000e+00,9.940462723213099316e-01
1.979999999999999982e+00,1.353800000000000026e+01,1.244655600000001527e+01,1.821860000000000070e+02,0.000000000000000000e+00,0.000000000000000000e+00,0.000000000000000000e+00,9.940448536591333095e-01
1.981000000000000094e+00,1.352500000000000036e+01,1.242737500000001205e+01,1.818280000000000030e+02,0.000000000000000000e+00,0.000000000000000000e+00,0.000000000000000000e+00,9.939996104974357927e-01
1.981999999999999984e+00,1.351600000000000001e+01,1.241574399999998946e+01,1.815819999999999936e+02,0.000000000000000000e+00,0.000000000000000000e+00,0.000000000000000000e+00,9.939772147328856944e-01
1.983000000000000096e+00,1.350200000000000067e+01,1.236799599999997668e+01,1.811699999999999875e+02,0.000000000000000000e+00,0.000000000000000000e+00,0.000000000000000000e+00,9.937795990481919084e-01
1.983999999999999986e+00,1.348700000000000010e+01,1.233183099999999399e+01,1.807439999999999998e+02,0.000000000000000000e+00,0.000000000000000000e+00,0.000000000000000000e+00,9.936493992449190182e-01
1.985000000000000098e+00,1.347300000000000075e+01,1.235727099999999723e+01,1.804060000000000059e+02,0.000000000000000000e+00,0.000000000000000000e+00,0.000000000000000000e+00,9.938534686390078088e-01
1.985999999999999988e+00,1.345599999999999952e+01,1.231606400000001145e+01,1.799240000000000066e+02,0.000000000000000000e+00,0.000000000000000000e+00,0.000000000000000000e+00,9.937042349504653371e-01
1.987000000000000099e+00,1.344100000000000072e+01,1.229851899999997045e+01,1.795180000000000007e+02,0.000000000000000000e+00,0.000000000000000000e+00,0.000000000000000000e+00,9.936760879098952559e-01
1.987999999999999989e+00,1.342500000000000071e+01,1.228437499999998295e+01,1.790900000000000034e+02,0.000000000000000000e+00,0.000000000000000000e+00,0.000000000000000000e+00,9.936713030873636221e-01
1.989000000000000101e+00,1.340799999999999947e+01,1.228753599999998869e+01,1.786539999999999964e+02,0.000000000000000000e+00,0.000000000000000000e+00,0.000000000000000000e+00,9.937673906790231992e-01
1.989999999999999991e+00,1.338599999999999923e+01,1.224900400000001355e+01,1.780480000000000018e+02,0.000000000000000000e+00,0.000000000000000000e+00,0.000000000000000000e+00,9.936546249664788277e-01
1.991000000000000103e+00,1.336800000000000033e+01,1.227657599999997728e+01,1.776119999999999948e+02,0.000000000000000000e+00,0.000000000000000000e+00,0.000000000000000000e+00,9.938925400780233010e-01
1.991999999999999993e+00,1.335800000000000054e+01,1.229183599999998933e+01,1.773700000000000045e+02,0.000000000000000000e+00,0.000000000000000000e+00,0.000000000000000000e+00,9.940249556138182063e-01
1.993000000000000105e+00,1.333399999999999963e+01,1.231244400000002770e+01,1.767740000000000009e+02,0.000000000000000000e+00,0.000000000000000000e+00,0.000000000000000000e+00,9.942543220821561389e-01
1.993999999999999995e+00,1.331300000000000061e+01,1.225903099999996471e+01,1.761819999999999879e+02,0.000000000000000000e+00,0.000000000000000000e+00,0.000000000000000000e+00,9.940533007721472636e-01
1.995000000000000107e+00,1.330599999999999916e+01,1.224036400000005642e+01,1.759840000000000089e+02,0.000000000000000000e+00,0.000000000000000000e+00,0.000000000000000000e+00,9.939811454907483412e-01
1.995999999999999996e+00,1.329499999999999993e+01,1.224597499999998718e+01,1.757079999999999984e+02,0.000000000000000000e+00,0.000000000000000000e+00,0.000000000000000000e+00,9.940651580891904926e-01
1.997000000000000108e+00,1.328800000000000026e+01,1.219905600000001300e+01,1.754819999999999993e+02,0.000000000000000000e+00,0.000000000000000000e+00,0.000000000000000000e+00,9.938328244991430083e-01
1.997999999999999998e+00,1.327200000000000024e+01,1.217801599999998530e+01,1.750519999999999925e+02,0.000000000000000000e+00,0.000000000000000000e+00,0.000000000000000000e+00,9.937893332839197180e-01
1.999000000000000110e+00,1.325900000000000034e+01,1.218791899999996531e+01,1.747299999999999898e+02,0.000000000000000000e+00,0.000000000000000000e+00,0.000000000000000000e+00,9.939074265419334253e-01
2.000000000000000000e+00,1.324499999999999922e+01,1.214897500000003561e+01,1.743340000000000032e+02,0.000000000000000000e+00,0.000000000000000000e+00,0.000000000000000000e+00,9.937523522555504751e-01
2.000999999999999890e+00,1.323199999999999932e+01,1.214417600000001585e+01,1.739979999999999905e+02,0.000000000000000000e+00,0.000000000000000000e+00,0.000000000000000000e+00,9.937869098985422367e-01
2.002000000000000224e+00,1.321400000000000041e+01,1.213620399999999222e+01,1.735320000000000107e+02,0.000000000000000000e+00,0.000000000000000000e+00,0.000000000000000000e+00,9.938274024442477206e-01
2.003000000000000114e+00,1.319899999999999984e+01,1.210939900000002467e+01,1.731239999999999952e+02,0.000000000000000000e+00,0.000000000000000000e+00,0.000000000000000000e+00,9.937456031346255658e-01
2.004000000000000004e+00,1.318200000000000038e+01,1.206487599999996974e+01,1.726479999999999961e+02,0.000000000000000000e+00,0.000000000000000000e+00,0.000000000000000000e+00,9.935710689562767817e-01
2.004999999999999893e+00,1.316999999999999993e+01,1.205309999999997217e+01,1.723319999999999936e+02,0.000000000000000000e+00,0.000000000000000000e+00,0.000000000000000000e+00,9.935606394736431479e-01
2.006000000000000227e+00,1.315099999999999980e+01,1.203619900000001053e+01,1.718340000000000032e+02,0.000000000000000000e+00,0.000000000000000000e+00,0.000000000000000000e+00,9.935541559493089592e-01
2.007000000000000117e+00,1.313299999999999912e+01,1.201331100000001584e+01,1.713559999999999945e+02,0.000000000000000000e+00,0.000000000000000000e+00,0.000000000000000000e+00,9.935081343550974387e-01
2.008000000000000007e+00,1.310999999999999943e+01,1.198590000000001510e+01,1.707479999999999905e+02,0.000000000000000000e+00,0.000000000000000000e+00,0.000000000000000000e+00,9.934596714650021365e-01
2.008999999999999897e+00,1.309800000000000075e+01,1.194839599999997404e+01,1.704079999999999870e+02,0.000000000000000000e+00,0.000000000000000000e+00,0.000000000000000000e+00,9.932990204269812606e-01
2.010000000000000231e+00,1.308300000000000018e+01,1.193011099999998237e+01,1.700120000000000005e+02,0.000000000000000000e+00,0.000000000000000000e+00,0.000000000000000000e+00,9.932644539032767783e-01
2.011000000000000121e+00,1.306400000000000006e+01,1.189190400000001091e+01,1.694960000000000093e+02,0.000000000000000000e+00,0.000000000000000000e+00,0.000000000000000000e+00,9.931323075169246062e-01
2.012000000000000011e+00,1.304199999999999982e+01,1.188623599999999669e+01,1.689379999999999882e+02,0.000000000000000000e+00,0.000000000000000000e+00,0.000000000000000000e+00,9.932051359625388987e-01
2.012999999999999901e+00,1.302699999999999925e+01,1.182027100000001951e+01,1.684960000000000093e+02,0.000000000000000000e+00,0.000000000000000000e+00,0.000000000000000000e+00,9.928891597258876489e-01
2.014000000000000234e+00,1.301200000000000045e+01,1.179585599999998635e+01,1.680960000000000036e+02,0.000000000000000000e+00,0.000000000000000000e+00,0.000000000000000000e+00,9.928171484261636426e-01
2.015000000000000124e+00,1.300000000000000000e+01,1.176599999999999113e+01,1.677659999999999911e+02,0.000000000000000000e+00,0.000000000000000000e+00,0.000000000000000000e+00,9.926982248520709318e-01
2.016000000000000014e+00,1.298099999999999987e+01,1.173263900000000604e+01,1.672580000000000098e+02,0.000000000000000000e+00,0.000000000000000000e+00,0.000000000000000000e+00,9.925916090491089250e-01
2.016999999999999904e+00,1.296400000000000041e+01,1.173070399999997449e+01,1.668319999999999936e+02,0.000000000000000000e+00,0.000000000000000000e+00,0.000000000000000000e+00,9.926618044929392815e-01
2.018000000000000238e+00,1.294400000000000084e+01,1.169686399999997661e+01,1.663000000000000114e+02,0.000000000000000000e+00,0.000000000000000000e+00,0.000000000000000000e+00,9.925565066059977015e-01
2.019000000000000128e+00,1.293399999999999928e+01,1.169964400000000637e+01,1.660540000000000020e+02,0.000000000000000000e+00,0.000000000000000000e+00,0.000000000000000000e+00,9.926213872291267393e-01
2.020000000000000018e+00,1.291999999999999993e+01,1.169959999999997535e+01,1.657059999999999889e+02,0.000000000000000000e+00,0.000000000000000000e+00,0.000000000000000000e+00,9.926889934725722231e-01
2.020999999999999908e+00,1.290600000000000058e+01,1.168316400000000499e+01,1.653420000000000130e+02,0.000000000000000000e+00,0.000000000000000000e+00,0.000000000000000000e+00,9.926584984600230754e-01
2.022000000000000242e+00,1.289100000000000001e+01,1.166311899999996626e+01,1.649499999999999886e+02,0.000000000000000000e+00,0.000000000000000000e+00,0.000000000000000000e+00,9.926110443061912925e-01
2.023000000000000131e+00,1.287299999999999933e+01,1.165087099999999509e+01,1.644919999999999902e+02,0.000000000000000000e+00,0.000000000000000000e+00,0.000000000000000000e+00,9.926250766463009523e-01
2.024000000000000021e+00,1.285599999999999987e+01,1.161926399999998694e+01,1.640399999999999920e+02,0.000000000000000000e+00,0.000000000000000000e+00,0.000000000000000000e+00,9.925171803973669160e-01
2.024999999999999911e+00,1.284699999999999953e+01,1.161959100000004241e+01,1.638180000000000121e+02,0.000000000000000000e+00,0.000000000000000000e+00,0.000000000000000000e+00,9.925632042270260413e-01
2.026000000000000245e+00,1.283699999999999974e+01,1.160443100000000527e+01,1.635560000000000116e+02,0.000000000000000000e+00,0.000000000000000000e+00,0.000000000000000000e+00,9.925203003613679575e-01
2.027000000000000135e+00,1.282499999999999929e+01,1.163037500000001501e+01,1.632860000000000014e+02,0.000000000000000000e+00,0.000000000000000000e+00,0.000000000000000000e+00,9.927369864991698600e-01
2.028000000000000025e+00,1.281199999999999939e+01,1.160065600000004338e+01,1.629360000000000070e+02,0.000000000000000000e+00,0.000000000000000000e+00,0.000000000000000000e+00,9.926203862305565950e-01
2.028999999999999915e+00,1.279700000000000060e+01,1.158579099999997197e+01,1.625519999999999925e+02,0.000000000000000000e+00,0.000000000000000000e+00,0.000000000000000000e+00,9.926039004279647582e-01
2.030000000000000249e+00,1.277800000000000047e+01,1.152071599999999307e+01,1.620200000000000102e+02,0.000000000000000000e+00,0.000000000000000000e+00,0.000000000000000000e+00,9.922997004286279177e-01
2.031000000000000139e+00,1.275999999999999979e+01,1.152639999999999532e+01,1.615840000000000032e+02,0.000000000000000000e+00,0.000000000000000000e+00,0.000000000000000000e+00,9.924234235119545611e-01
2.032000000000000028e+00,1.274600000000000044e+01,1.151348400000000538e+01,1.612280000000000086e+02,0.000000000000000000e+00,0.000000000000000000e+00,0.000000000000000000e+00,9.924134427838453565e-01
2.032999999999999918e+00,1.273199999999999932e+01,1.151017600000002972e+01,1.608820000000000050e+02,0.000000000000000000e+00,0.000000000000000000e+00,0.000000000000000000e+00,9.924627071104752396e-01
2.034000000000000252e+00,1.271599999999999930e+01,1.146534400000001597e+01,1.604459999999999980e+02,0.000000000000000000e+00,0.000000000000000000e+00,0.000000000000000000e+00,9.922654182780379362e-01
2.035000000000000142e+00,1.270100000000000051e+01,1.147359899999997879e+01,1.600879999999999939e+02,0.000000000000000000e+00,0.000000000000000000e+00,0.000000000000000000e+00,9.923912968483399322e-01
2.036000000000000032e+00,1.268900000000000006e+01,1.141827900000001250e+01,1.597400000000000091e+02,0.000000000000000000e+00,0.000000000000000000e+00,0.000000000000000000e+00,9.921078485202238229e-01
2.036999999999999922e+00,1.268200000000000038e+01,1.137687599999998156e+01,1.595279999999999916e+02,0.000000000000000000e+00,0.000000000000000000e+00,0.000000000000000000e+00,9.918852288164221598e-01
2.038000000000000256e+00,1.266799999999999926e+01,1.137577600000003031e+01,1.591860000000000070e+02,0.000000000000000000e+00,0.000000000000000000e+00,0.000000000000000000e+00,9.919476676162618523e-01
2.039000000000000146e+00,1.264799999999999969e+01,1.134409600000000751e+01,1.586680000000000064e+02,0.000000000000000000e+00,0.000000000000000000e+00,0.000000000000000000e+00,9.918491687140262858e-01
2.040000000000000036e+00,1.262899999999999956e+01,1.135735900000000242e+01,1.582199999999999989e+02,0.000000000000000000e+00,0.000000000000000000e+00,0.000000000000000000e+00,9.920269113037717412e-01
2.040999999999999925e+00,1.261299999999999955e+01,1.133323100000001205e+01,1.578079999999999927e+02,0.000000000000000000e+00,0.000000000000000000e+00,0.000000000000000000e+00,9.919555789358012188e-01
2.042000000000000259e+00,1.259999999999999964e+01,1.132800000000000296e+01,1.574879999999999995e+02,0.000000000000000000e+00,0.000000000000000000e+00,0.000000000000000000e+00,9.919879062736206565e-01
2.043000000000000149e+00,1.257399999999999984e+01,1.130452400000001489e+01,1.568360000000000127e+02,0.000000000000000000e+00,0.000000000000000000e+00,0.000000000000000000e+00,9.919707018876436910e-01
2.044000000000000039e+00,1.255799999999999983e+01,1.129863599999998769e+01,1.564439999999999884e+02,0.000000000000000000e+00,0.000000000000000000e+00,0.000000000000000000e+00,9.920143491675929015e-01
2.044999999999999929e+00,1.255000000000000071e+01,1.131349999999997635e+01,1.562659999999999911e+02,0.000000000000000000e+00,0.000000000000000000e+00,0.000000000000000000e+00,9.921493309630003976e-01
2.046000000000000263e+00,1.253999999999999915e+01,1.130840000000003442e+01,1.560200000000000102e+02,0.000000000000000000e+00,0.000000000000000000e+00,0.000000000000000000e+00,9.921679652226116364e-01
2.047000000000000153e+00,1.251999999999999957e+01,1.129960000000002651e+01,1.555300000000000011e+02,0.000000000000000000e+00,0.000000000000000000e+00,0.000000000000000000e+00,9.922143739346120928e-01
2.048000000000000043e+00,1.250099999999999945e+01,1.130199900000002344e+01,1.550759999999999934e+02,0.000000000000000000e+00,0.000000000000000000e+00,0.000000000000000000e+00,9.923276212297066357e-01
2.048999999999999932e+00,1.248799999999999955e+01,1.128985600000001455e+01,1.547520000000000095e+02,0.000000000000000000e+00,0.000000000000000000e+00,0.000000000000000000e+00,9.923171343785358589e-01
2.049999999999999822e+00,1.247400000000000020e+01,1.127532399999998347e+01,1.544019999999999868e+02,0.000000000000000000e+00,0.000000000000000000e+00,0.000000000000000000e+00,9.922964602030391879e-01
2.051000000000000156e+00,1.246400000000000041e+01,1.127270399999997608e+01,1.541599999999999966e+02,0.000000000000000000e+00,0.000000000000000000e+00,0.000000000000000000e+00,9.923315992162690113e-01
2.052000000000000046e+00,1.245299999999999940e+01,1.129379100000002722e+01,1.539180000000000064e+02,0.000000000000000000e+00,0.000000000000000000e+00,0.000000000000000000e+00,9.925249557463987626e-01
2.052999999999999936e+00,1.243800000000000061e+01,1.128415599999999586e+01,1.535500000000000114e+02,0.000000000000000000e+00,0.000000000000000000e+00,0.000000000000000000e+00,9.925415945062102674e-01
2.053999999999999826e+00,1.242699999999999960e+01,1.126067100000000210e+01,1.532640000000000100e+02,0.000000000000000000e+00,0.000000000000000000e+00,0.000000000000000000e+00,9.924475392395234463e-01
2.055000000000000160e+00,1.241900000000000048e+01,1.126943900000000554e+01,1.530819999999999936e+02,0.000000000000000000e+00,0.000000000000000000e+00,0.000000000000000000e+00,9.925465255454426483e-01
2.056000000000000050e+00,1.240799999999999947e+01,1.122553600000000529e+01,1.527760000000000105e+02,0.000000000000000000e+00,0.000000000000000000e+00,0.000000000000000000e+00,9.923195908215869387e-01
2.056999999999999940e+00,1.239799999999999969e+01,1.120959600000000478e+01,1.525219999999999914e+02,0.000000000000000000e+00,0.000000000000000000e+00,0.000000000000000000e+00,9.922685519712771685e-01
2.057999999999999829e+00,1.238700000000000045e+01,1.120123100000000704e+01,1.522520000000000095e+02,0.000000000000000000e+00,0.000000000000000000e+00,0.000000000000000000e+00,9.922719874791714467e-01
2.059000000000000163e+00,1.237599999999999945e+01,1.119662400000001412e+01,1.519859999999999900e+02,0.000000000000000000e+00,0.000000000000000000e+00,0.000000000000000000e+00,9.922999829935454930e-01
2.060000000000000053e+00,1.236400000000000077e+01,1.118150399999998967e+01,1.516860000000000070e+02,0.000000000000000000e+00,0.000000000000000000e+00,0.000000000000000000e+00,9.922646193889418376e-01
2.060999999999999943e+00,1.234800000000000075e+01,1.112489600000000678e+01,1.512500000000000000e+02,0.000000000000000000e+00,0.000000000000000000e+00,0.000000000000000000e+00,9.919782311246184703e-01
2.061999999999999833e+00,1.233699999999999974e+01,1.111943099999999163e+01,1.509840000000000089e+02,0.000000000000000000e+00,0.000000000000000000e+00,0.000000000000000000e+00,9.920002861468530941e-01
2.063000000000000167e+00,1.232199999999999918e+01,1.112031600000003095e+01,1.506299999999999955e+02,0.000000000000000000e+00,0.000000000000000000e+00,0.000000000000000000e+00,9.920854200629166675e-01
2.064000000000000057e+00,1.230700000000000038e+01,1.110275099999998361e+01,1.502580000000000098e+02,0.000000000000000000e+00,0.000000000000000000e+00,0.000000000000000000e+00,9.920491805189027845e-01
2.064999999999999947e+00,1.229700000000000060e+01,1.108479099999996720e+01,1.500039999999999907e+02,0.000000000000000000e+00,0.000000000000000000e+00,0.000000000000000000e+00,9.919836040857231696e-01
2.065999999999999837e+00,1.228500000000000014e+01,1.110177500000000350e+01,1.497379999999999995e+02,0.000000000000000000e+00,0.000000000000000000e+00,0.000000000000000000e+00,9.921599827989734388e-01
2.067000000000000171e+00,1.227299999999999969e+01,1.105647099999998773e+01,1.494099999999999966e+02,0.000000000000000000e+00,0.000000000000000000e+00,0.000000000000000000e+00,9.919235409055996433e-01
2.068000000000000060e+00,1.225699999999999967e+01,1.100095100000001480e+01,1.489780000000000086e+02,0.000000000000000000e+00,0.000000000000000000e+00,0.000000000000000000e+00,9.916393852900816652e-01
2.068999999999999950e+00,1.224499999999999922e+01,1.100297500000002060e+01,1.486980000000000075e+02,0.000000000000000000e+00,0.000000000000000000e+00,0.000000000000000000e+00,9.917165213224421461e-01
2.069999999999999840e+00,1.223199999999999932e+01,1.101617600000002994e+01,1.484060000000000059e+02,0.000000000000000000e+00,0.000000000000000000e+00,0.000000000000000000e+00,9.918740196617308325e-01
2.071000000000000174e+00,1.222600000000000087e+01,1.099092399999997838e+01,1.482400000000000091e+02,0.000000000000000000e+00,0.000000000000000000e+00,0.000000000000000000e+00,9.917372445423608962e-01
2.072000000000000064e+00,1.221299999999999919e+01,1.098763099999999326e+01,1.479319999999999879e+02,0.000000000000000000e+00,0.000000000000000000e+00,0.000000000000000000e+00,9.917847236900511065e-01
2.072999999999999954e+00,1.220700000000000074e+01,1.099815099999997869e+01,1.478019999999999925e+02,0.000000000000000000e+00,0.000000000000000000e+00,0.000000000000000000e+00,9.918875101503514813e-01
2.073999999999999844e+00,1.219800000000000040e+01,1.100279599999998936e+01,1.475960000000000036e+02,0.000000000000000000e+00,0.000000000000000000e+00,0.000000000000000000e+00,9.919672402140115031e-01
2.075000000000000178e+00,1.218599999999999994e+01,1.097540400000002592e+01,1.472880000000000109e+02,0.000000000000000000e+00,0.000000000000000000e+00,0.000000000000000000e+00,9.918477613081272404e-01
2.076000000000000068e+00,1.217200000000000060e+01,1.098441599999998175e+01,1.469699999999999989e+02,0.000000000000000000e+00,0.000000000000000000e+00,0.000000000000000000e+00,9.919843185347837489e-01
2.076999999999999957e+00,1.216300000000000026e+01,1.097043100000001914e+01,1.467460000000000093e+02,0.000000000000000000e+00,0.000000000000000000e+00,0.000000000000000000e+00,9.919387553356691090e-01
2.077999999999999847e+00,1.215199999999999925e+01,1.096689599999999132e+01,1.464859999999999900e+02,0.000000000000000000e+00,0.000000000000000000e+00,0.000000000000000000e+00,9.919747061686490230e-01
2.079000000000000181e+00,1.214100000000000001e+01,1.096111899999996808e+01,1.462239999999999895e+02,0.000000000000000000e+00,0.000000000000000000e+00,0.000000000000000000e+00,9.919955906724055028e-01
2.080000000000000071e+00,1.213400000000000034e+01,1.099204399999999282e+01,1.460920000000000130e+02,0.000000000000000000e+00,0.000000000000000000e+00,0.000000000000000000e+00,9.922439359029381345e-01
2.080999999999999961e+00,1.212299999999999933e+01,1.101187100000001351e+01,1.458559999999999945e+02,0.000000000000000000e+00,0.000000000000000000e+00,0.000000000000000000e+00,9.924396087236624364e-01
2.081999999999999851e+00,1.210800000000000054e+01,1.103033600000000547e+01,1.455260000000000105e+02,0.000000000000000000e+00,0.000000000000000000e+00,0.000000000000000000e+00,9.926491332440368076e-01
2.083000000000000185e+00,1.210100000000000087e+01,1.101279899999997269e+01,1.453460000000000036e+02,0.000000000000000000e+00,0.000000000000000000e+00,0.000000000000000000e+00,9.925686691184935073e-01
2.084000000000000075e+00,1.209200000000000053e+01,1.100553600000000642e+01,1.451299999999999955e+02,0.000000000000000000e+00,0.000000000000000000e+00,0.000000000000000000e+00,9.925694824626588586e-01
2.084999999999999964e+00,1.207900000000000063e+01,1.099275900000000661e+01,1.448160000000000025e+02,0.000000000000000000e+00,0.000000000000000000e+00,0.000000000000000000e+00,9.925550081167019423e-01
2.085999999999999854e+00,1.207099999999999973e+01,1.094795900000002575e+01,1.445860000000000127e+02,0.000000000000000000e+00,0.000000000000000000e+00,0.000000000000000000e+00,9.922925784680720618e-01
2.087000000000000188e+00,1.205799999999999983e+01,1.096863600000000361e+01,1.443060000000000116e+02,0.000000000000000000e+00,0.000000000000000000e+00,0.000000000000000000e+00,9.925075740379177835e-01
2.088000000000000078e+00,1.204400000000000048e+01,1.098006399999999871e+01,1.439939999999999998e+02,0.000000000000000000e+00,0.000000000000000000e+00,0.000000000000000000e+00,9.926654409311324034e-01
2.088999999999999968e+00,1.203500000000000014e+01,1.097177499999997963e+01,1.437779999999999916e+02,0.000000000000000000e+00,0.000000000000000000e+00,0.000000000000000000e+00,9.926593758096148301e-01
2.089999999999999858e+00,1.202699999999999925e+01,1.096427100000002497e+01,1.435860000000000127e+02,0.000000000000000000e+00,0.000000000000000000e+00,0.000000000000000000e+00,9.926530360318619461e-01
2.091000000000000192e+00,1.201900000000000013e+01,1.097863899999998694e+01,1.434159999999999968e+02,0.000000000000000000e+00,0.000000000000000000e+00,0.000000000000000000e+00,9.927980949208597972e-01
2.092000000000000082e+00,1.201200000000000045e+01,1.097785599999997430e+01,1.432539999999999907e+02,0.000000000000000000e+00,0.000000000000000000e+00,0.000000000000000000e+00,9.928327860395790294e-01
2.092999999999999972e+00,1.199799999999999933e+01,1.097199599999999009e+01,1.429259999999999877e+02,0.000000000000000000e+00,0.000000000000000000e+00,0.000000000000000000e+00,9.928725966190786734e-01
2.093999999999999861e+00,1.197799999999999976e+01,1.093151600000001622e+01,1.424259999999999877e+02,0.000000000000000000e+00,0.000000000000000000e+00,0.000000000000000000e+00,9.927060299590269032e-01
2.095000000000000195e+00,1.197000000000000064e+01,1.091909999999998604e+01,1.422299999999999898e+02,0.000000000000000000e+00,0.000000000000000000e+00,0.000000000000000000e+00,9.926654564565129402e-01
2.096000000000000085e+00,1.196199999999999974e+01,1.091655600000001414e+01,1.420440000000000111e+02,0.000000000000000000e+00,0.000000000000000000e+00,0.000000000000000000e+00,9.926937727146387669e-01
2.096999999999999975e+00,1.195299999999999940e+01,1.092079100000003677e+01,1.418420000000000130e+02,0.000000000000000000e+00,0.000000000000000000e+00,0.000000000000000000e+00,9.927754000723814087e-01
2.097999999999999865e+00,1.193599999999999994e+01,1.090790400000000204e+01,1.414399999999999977e+02,0.000000000000000000e+00,0.000000000000000000e+00,0.000000000000000000e+00,9.927836755816543679e-01
2.099000000000000199e+00,1.192300000000000004e+01,1.088707100000002015e+01,1.411220000000000141e+02,0.000000000000000000e+00,0.000000000000000000e+00,0.000000000000000000e+00,9.927128299681406975e-01
2.100000000000000089e+00,1.190799999999999947e+01,1.088353600000002075e+01,1.407760000000000105e+02,0.000000000000000000e+00,0.000000000000000000e+00,0.000000000000000000e+00,9.927753127803590205e-01
2.100999999999999979e+00,1.189000000000000057e+01,1.086990000000000123e+01,1.403520000000000039e+02,0.000000000000000000e+00,0.000000000000000000e+00,0.000000000000000000e+00,9.927842905354026248e-01
2.101999999999999869e+00,1.187500000000000000e+01,1.084137499999999932e+01,1.399819999999999993e+02,0.000000000000000000e+00,0.000000000000000000e+00,0.000000000000000000e+00,9.926701385041550862e-01
2.103000000000000203e+00,1.186599999999999966e+01,1.081804400000001465e+01,1.397539999999999907e+02,0.000000000000000000e+00,0.000000000000000000e+00,0.000000000000000000e+00,9.925572340770606461e-01
2.104000000000000092e+00,1.185500000000000043e+01,1.079997499999996080e+01,1.394859999999999900e+02,0.000000000000000000e+00,0.000000000000000000e+00,0.000000000000000000e+00,9.924931172232447363e-01
2.104999999999999982e+00,1.184099999999999930e+01,1.074571900000003666e+01,1.391140000000000043e+02,0.000000000000000000e+00,0.000000000000000000e+00,0.000000000000000000e+00,9.921882418040502971e-01
2.105999999999999872e+00,1.183200000000000074e+01,1.072577599999996778e+01,1.388899999999999864e+02,0.000000000000000000e+00,0.000000000000000000e+00,0.000000000000000000e+00,9.920981868768116163e-01
2.107000000000000206e+00,1.181900000000000084e+01,1.071423899999996365e+01,1.385840000000000032e+02,0.000000000000000000e+00,0.000000000000000000e+00,0.000000000000000000e+00,9.920912678150246578e-01
2.108000000000000096e+00,1.181199999999999939e+01,1.071265600000003815e+01,1.384240000000000066e+02,0.000000000000000000e+00,0.000000000000000000e+00,0.000000000000000000e+00,9.921207163727384648e-01
2.108999999999999986e+00,1.179700000000000060e+01,1.068579099999996629e+01,1.380579999999999927e+02,0.000000000000000000e+00,0.000000000000000000e+00,0.000000000000000000e+00,9.920154105352425589e-01
2.109999999999999876e+00,1.178700000000000081e+01,1.064563099999998030e+01,1.377920000000000016e+02,0.000000000000000000e+00,0.000000000000000000e+00,0.000000000000000000e+00,9.917847741819315610e-01
2.111000000000000210e+00,1.177100000000000080e+01,1.061055899999996655e+01,1.373959999999999866e+02,0.000000000000000000e+00,0.000000000000000000e+00,0.000000000000000000e+00,9.916247776601015973e-01
2.112000000000000099e+00,1.175399999999999956e+01,1.060548400000001834e+01,1.370080000000000098e+02,0.000000000000000000e+00,0.000000000000000000e+00,0.000000000000000000e+00,9.916868488490259148e-01
2.112999999999999989e+00,1.173799999999999955e+01,1.063135600000001091e+01,1.366740000000000066e+02,0.000000000000000000e+00,0.000000000000000000e+00,0.000000000000000000e+00,9.919680735415927764e-01
2.113999999999999879e+00,1.172700000000000031e+01,1.059647099999997977e+01,1.363919999999999959e+02,0.000000000000000000e+00,0.000000000000000000e+00,0.000000000000000000e+00,9.917793178454417102e-01
2.115000000000000213e+00,1.171700000000000053e+01,1.059491099999999619e+01,1.361659999999999968e+02,0.000000000000000000e+00,0.000000000000000000e+00,0.000000000000000000e+00,9.918267563619447280e-01
2.116000000000000103e+00,1.170800000000000018e+01,1.059873599999997396e+01,1.359679999999999893e+02,0.000000000000000000e+00,0.000000000000000000e+00,0.000000000000000000e+00,9.919077462765815145e-01
2.116999999999999993e+00,1.169200000000000017e+01,1.059313600000001543e+01,1.356040000000000134e+02,0.000000000000000000e+00,0.000000000000000000e+00,0.000000000000000000e+00,9.919616607300927313e-01
2.117999999999999883e+00,1.167999999999999972e+01,1.055360000000001719e+01,1.352959999999999923e+02,0.000000000000000000e+00,0.000000000000000000e+00,0.000000000000000000e+00,9.917432914242823028e-01
2.119000000000000217e+00,1.166999999999999993e+01,1.052909999999999968e+01,1.350480000000000018e+02,0.000000000000000000e+00,0.000000000000000000e+00,0.000000000000000000e+00,9.916226652832941246e-01
2.120000000000000107e+00,1.165199999999999925e+01,1.054689600000000382e+01,1.346639999999999873e+02,0.000000000000000000e+00,0.000000000000000000e+00,0.000000000000000000e+00,9.918604161960148380e-01
2.120999999999999996e+00,1.164199999999999946e+01,1.053383600000000797e+01,1.344279999999999973e+02,0.000000000000000000e+00,0.000000000000000000e+00,0.000000000000000000e+00,9.918238500537761571e-01
2.121999999999999886e+00,1.163599999999999923e+01,1.053150400000001241e+01,1.342920000000000016e+02,0.000000000000000000e+00,0.000000000000000000e+00,0.000000000000000000e+00,9.918425067662017813e-01
2.123000000000000220e+00,1.162599999999999945e+01,1.058612400000001230e+01,1.341239999999999952e+02,0.000000000000000000e+00,0.000000000000000000e+00,0.000000000000000000e+00,9.923065538605893021e-01
2.124000000000000110e+00,1.161899999999999977e+01,1.058583899999999289e+01,1.339679999999999893e+02,0.000000000000000000e+00,0.000000000000000000e+00,0.000000000000000000e+00,9.923470213711717003e-01
2.125000000000000000e+00,1.160699999999999932e+01,1.052855100000002153e+01,1.336440000000000055e+02,0.000000000000000000e+00,0.000000000000000000e+00,0.000000000000000000e+00,9.919950312067146170e-01
2.125999999999999890e+00,1.159500000000000064e+01,1.049297500000000127e+01,1.333420000000000130e+02,0.000000000000000000e+00,0.000000000000000000e+00,0.000000000000000000e+00,9.918030942617197532e-01
2.127000000000000224e+00,1.157900000000000063e+01,1.046775899999997250e+01,1.329619999999999891e+02,0.000000000000000000e+00,0.000000000000000000e+00,0.000000000000000000e+00,9.917116868980586641e-01
2.128000000000000114e+00,1.156400000000000006e+01,1.049990399999998658e+01,1.326620000000000061e+02,0.000000000000000000e+00,0.000000000000000000e+00,0.000000000000000000e+00,9.920427199190798850e-01
2.129000000000000004e+00,1.155000000000000071e+01,1.048350000000002069e+01,1.323360000000000127e+02,0.000000000000000000e+00,0.000000000000000000e+00,0.000000000000000000e+00,9.920053972002024212e-01
2.129999999999999893e+00,1.153100000000000058e+01,1.044503899999997998e+01,1.318779999999999859e+02,0.000000000000000000e+00,0.000000000000000000e+00,0.000000000000000000e+00,9.918326665975299994e-01
2.131000000000000227e+00,1.151800000000000068e+01,1.043367599999999129e+01,1.315800000000000125e+02,0.000000000000000000e+00,0.000000000000000000e+00,0.000000000000000000e+00,9.918265591885878640e-01
2.132000000000000117e+00,1.150500000000000078e+01,1.040997499999997444e+01,1.312700000000000102e+02,0.000000000000000000e+00,0.000000000000000000e+00,0.000000000000000000e+00,9.917272330813973191e-01
2.133000000000000007e+00,1.149300000000000033e+01,1.039995099999998729e+01,1.309960000000000093e+02,0.000000000000000000e+00,0.000000000000000000e+00,0.000000000000000000e+00,9.917249082473141852e-01
2.133999999999999897e+00,1.148399999999999999e+01,1.036174399999998741e+01,1.307599999999999909e+02,0.000000000000000000e+00,0.000000000000000000e+00,0.000000000000000000e+00,9.914904701053944835e-01
2.135000000000000231e+00,1.147300000000000075e+01,1.037727099999997904e+01,1.305339999999999918e+02,0.000000000000000000e+00,0.000000000000000000e+00,0.000000000000000000e+00,9.916756722943641522e-01
2.136000000000000121e+00,1.146000000000000085e+01,1.031839999999999691e+01,1.301899999999999977e+02,0.000000000000000000e+00,0.000000000000000000e+00,0.000000000000000000e+00,9.913074994898408709e-01
2.137000000000000011e+00,1.144999999999999929e+01,1.028749999999999432e+01,1.299399999999999977e+02,0.000000000000000000e+00,0.000000000000000000e+00,0.000000000000000000e+00,9.911328922026658717e-01
2.137999999999999901e+00,1.143900000000000006e+01,1.025827899999998749e+01,1.296699999999999875e+02,0.000000000000000000e+00,0.000000000000000000e+00,0.000000000000000000e+00,9.909765800984772222e-01
2.139000000000000234e+00,1.142500000000000071e+01,1.025837500000000091e+01,1.293640000000000043e+02,0.000000000000000000e+00,0.000000000000000000e+00,0.000000000000000000e+00,9.910624422429601399e-01
2.140000000000000124e+00,1.141300000000000026e+01,1.022643099999999095e+01,1.290699999999999932e+02,0.000000000000000000e+00,0.000000000000000000e+00,0.000000000000000000e+00,9.908905246844017523e-01
2.141000000000000014e+00,1.139600000000000080e+01,1.022318399999997496e+01,1.286959999999999980e+02,0.000000000000000000e+00,0.000000000000000000e+00,0.000000000000000000e+00,9.909692254374597997e-01
2.141999999999999904e+00,1.138700000000000045e+01,1.021123099999999795e+01,1.284879999999999995e+02,0.000000000000000000e+00,0.000000000000000000e+00,0.000000000000000000e+00,9.909321701114518488e-01
2.143000000000000238e+00,1.137299999999999933e+01,1.015987100000000964e+01,1.281320000000000050e+02,0.000000000000000000e+00,0.000000000000000000e+00,0.000000000000000000e+00,9.906209919973099076e-01
2.144000000000000128e+00,1.136500000000000021e+01,1.015777499999998668e+01,1.279560000000000031e+02,0.000000000000000000e+00,0.000000000000000000e+00,0.000000000000000000e+00,9.906534928962945630e-01
2.145000000000000018e+00,1.135200000000000031e+01,1.013009599999998045e+01,1.276460000000000008e+02,0.000000000000000000e+00,0.000000000000000000e+00,0.000000000000000000e+00,9.905181665715614425e-01
2.145999999999999908e+00,1.134099999999999930e+01,1.012271900000001779e+01,1.274000000000000057e+02,0.000000000000000000e+00,0.000000000000000000e+00,0.000000000000000000e+00,9.905279328060683230e-01
2.147000000000000242e+00,1.133200000000000074e+01,1.009777599999998188e+01,1.271800000000000068e+02,0.000000000000000000e+00,0.000000000000000000e+00,0.000000000000000000e+00,9.903887282767054323e-01
2.148000000000000131e+00,1.132300000000000040e+01,1.005467099999998482e+01,1.269419999999999931e+02,0.000000000000000000e+00,0.000000000000000000e+00,0.000000000000000000e+00,9.901074351037659760e-01
2.149000000000000021e+00,1.130700000000000038e+01,1.005875099999997246e+01,1.265999999999999943e+02,0.000000000000000000e+00,0.000000000000000000e+00,0.000000000000000000e+00,9.902364795000045961e-01
2.149999999999999911e+00,1.128999999999999915e+01,1.001390000000002090e+01,1.261880000000000024e+02,0.000000000000000000e+00,0.000000000000000000e+00,0.000000000000000000e+00,9.899885536398093100e-01
2.151000000000000245e+00,1.127999999999999936e+01,9.981600000000014461e+00,1.259399999999999977e+02,0.000000000000000000e+00,0.000000000000000000e+00,0.000000000000000000e+00,9.897955334238721647e-01
2.152000000000000135e+00,1.126500000000000057e+01,1.000077500000000441e+01,1.256359999999999957e+02,0.000000000000000000e+00,0.000000000000000000e+00,0.000000000000000000e+00,9.900376457173341027e-01
2.153000000000000025e+00,1.125399999999999956e+01,9.955484000000012657e+00,1.253539999999999992e+02,0.000000000000000000e+00,0.000000000000000000e+00,0.000000000000000000e+00,9.897474125188322480e-01
2.153999999999999915e+00,1.124600000000000044e+01,9.947484000000002879e+00,1.251740000000000066e+02,0.000000000000000000e+00,0.000000000000000000e+00,0.000000000000000000e+00,9.897328206865118050e-01
2.155000000000000249e+00,1.123199999999999932e+01,9.948176000000003683e+00,1.248739999999999952e+02,0.000000000000000000e+00,0.000000000000000000e+00,0.000000000000000000e+00,9.898236672186102592e-01
2.156000000000000139e+00,1.122100000000000009e+01,9.952158999999994649e+00,1.246419999999999959e+02,0.000000000000000000e+00,0.000000000000000000e+00,0.000000000000000000e+00,9.899227025256704948e-01
2.157000000000000028e+00,1.120800000000000018e+01,9.918736000000009767e+00,1.243299999999999983e+02,0.000000000000000000e+00,0.000000000000000000e+00,0.000000000000000000e+00,9.897367333723591232e-01
2.157999999999999918e+00,1.119500000000000028e+01,9.922974999999993884e+00,1.240559999999999974e+02,0.000000000000000000e+00,0.000000000000000000e+00,0.000000000000000000e+00,9.898504344898116925e-01
2.159000000000000252e+00,1.118299999999999983e+01,9.897510999999994397e+00,1.237740000000000009e+02,0.000000000000000000e+00,0.000000000000000000e+00,0.000000000000000000e+00,9.897209799090095350e-01
2.160000000000000142e+00,1.117300000000000004e+01,9.893070999999977744e+00,1.235559999999999974e+02,0.000000000000000000e+00,0.000000000000000000e+00,0.000000000000000000e+00,9.897471103851840368e-01
2.161000000000000032e+00,1.116399999999999970e+01,9.851103999999992311e+00,1.233220000000000027e+02,0.000000000000000000e+00,0.000000000000000000e+00,0.000000000000000000e+00,9.894660641430631509e-01
2.161999999999999922e+00,1.115399999999999991e+01,9.834284000000010906e+00,1.230919999999999987e+02,0.000000000000000000e+00,0.000000000000000000e+00,0.000000000000000000e+00,9.893923495115203304e-01
2.163000000000000256e+00,1.114400000000000013e+01,9.837264000000004671e+00,1.228820000000000050e+02,0.000000000000000000e+00,0.000000000000000000e+00,0.000000000000000000e+00,9.894778218855533325e-01
2.164000000000000146e+00,1.112700000000000067e+01,9.806870999999972582e+00,1.224899999999999949e+02,0.000000000000000000e+00,0.000000000000000000e+00,0.000000000000000000e+00,9.893374717346428149e-01
2.165000000000000036e+00,1.111500000000000021e+01,9.793774999999982356e+00,1.222219999999999942e+02,0.000000000000000000e+00,0.000000000000000000e+00,0.000000000000000000e+00,9.893055649146279551e-01
2.165999999999999925e+00,1.110699999999999932e+01,9.775551000000035629e+00,1.220340000000000060e+02,0.000000000000000000e+00,0.000000000000000000e+00,0.000000000000000000e+00,9.892072779632166135e-01
2.167000000000000259e+00,1.109200000000000053e+01,9.773535999999992896e+00,1.217139999999999986e+02,0.000000000000000000e+00,0.000000000000000000e+00,0.000000000000000000e+00,9.892836089180493397e-01
2.168000000000000149e+00,1.107300000000000040e+01,9.759670999999997321e+00,1.212980000000000018e+02,0.000000000000000000e+00,0.000000000000000000e+00,0.000000000000000000e+00,9.892886814724926037e-01
2.169000000000000039e+00,1.106000000000000050e+01,9.752399999999980196e+00,1.210160000000000053e+02,0.000000000000000000e+00,0.000000000000000000e+00,0.000000000000000000e+00,9.893103211481676373e-01
2.169999999999999929e+00,1.105199999999999960e+01,9.751296000000010622e+00,1.208460000000000036e+02,0.000000000000000000e+00,0.000000000000000000e+00,0.000000000000000000e+00,9.893512967816144865e-01
2.171000000000000263e+00,1.103899999999999970e+01,9.709479000000001747e+00,1.205300000000000011e+02,0.000000000000000000e+00,0.000000000000000000e+00,0.000000000000000000e+00,9.890897240602153362e-01
2.172000000000000153e+00,1.102599999999999980e+01,9.723323999999990974e+00,1.202699999999999960e+02,0.000000000000000000e+00,0.000000000000000000e+00,0.000000000000000000e+00,9.892847961987774053e-01
2.173000000000000043e+00,1.101800000000000068e+01,9.727675999999974010e+00,1.201059999999999945e+02,0.000000000000000000e+00,0.000000000000000000e+00,0.000000000000000000e+00,9.893709796352645469e-01
2.173999999999999932e+00,1.101299999999999990e+01,9.726831000000004224e+00,1.200000000000000000e+02,0.000000000000000000e+00,0.000000000000000000e+00,0.000000000000000000e+00,9.893955839268037122e-01
2.175000000000000266e+00,1.099799999999999933e+01,9.723996000000028062e+00,1.196820000000000022e+02,0.000000000000000000e+00,0.000000000000000000e+00,0.000000000000000000e+00,9.894672115656203415e-01
2.176000000000000156e+00,1.098600000000000065e+01,9.697803999999976554e+00,1.194039999999999964e+02,0.000000000000000000e+00,0.000000000000000000e+00,0.000000000000000000e+00,9.893266007025010023e-01
2.177000000000000046e+00,1.098099999999999987e+01,9.696639000000004671e+00,1.192980000000000018e+02,0.000000000000000000e+00,0.000000000000000000e+00,0.000000000000000000e+00,9.893486825987758415e-01
2.177999999999999936e+00,1.097100000000000009e+01,9.666158999999993284e+00,1.190580000000000069e+02,0.000000000000000000e+00,0.000000000000000000e+00,0.000000000000000000e+00,9.891591043451691823e-01
2.178999999999999826e+00,1.095700000000000074e+01,9.641150999999993587e+00,1.187399999999999949e+02,0.000000000000000000e+00,0.000000000000000000e+00,0.000000000000000000e+00,9.890396926850267834e-01
2.180000000000000160e+00,1.094400000000000084e+01,9.620863999999983207e+00,1.184479999999999933e+02,0.000000000000000000e+00,0.000000000000000000e+00,0.000000000000000000e+00,9.889527974419477507e-01
2.181000000000000050e+00,1.092600000000000016e+01,9.590523999999987836e+00,1.180420000000000016e+02,0.000000000000000000e+00,0.000000000000000000e+00,0.000000000000000000e+00,9.888129985257855248e-01
2.181999999999999940e+00,1.091900000000000048e+01,9.586438999999998600e+00,1.178919999999999959e+02,0.000000000000000000e+00,0.000000000000000000e+00,0.000000000000000000e+00,9.888230999651153041e-01
2.182999999999999829e+00,1.091300000000000026e+01,9.585430999999999813e+00,1.177660000000000053e+02,0.000000000000000000e+00,0.000000000000000000e+00,0.000000000000000000e+00,9.888527230215092834e-01
2.184000000000000163e+00,1.090099999999999980e+01,9.557199000000011324e+00,1.174879999999999995e+02,0.000000000000000000e+00,0.000000000000000000e+00,0.000000000000000000e+00,9.886915708699895999e-01
2.185000000000000053e+00,1.088599999999999923e+01,9.541004000000015139e+00,1.171599999999999966e+02,0.000000000000000000e+00,0.000000000000000000e+00,0.000000000000000000e+00,9.886503012919389821e-01
2.185999999999999943e+00,1.087500000000000000e+01,9.527375000000006366e+00,1.169180000000000064e+02,0.000000000000000000e+00,0.000000000000000000e+00,0.000000000000000000e+00,9.886050997489761460e-01
2.186999999999999833e+00,1.086500000000000021e+01,9.514774999999985994e+00,1.166979999999999933e+02,0.000000000000000000e+00,0.000000000000000000e+00,0.000000000000000000e+00,9.885620897730567069e-01
2.188000000000000167e+00,1.085699999999999932e+01,9.484551000000010390e+00,1.165019999999999953e+02,0.000000000000000000e+00,0.000000000000000000e+00,0.000000000000000000e+00,9.883566878857691362e-01
2.189000000000000057e+00,1.084800000000000075e+01,9.482895999999982450e+00,1.163139999999999930e+02,0.000000000000000000e+00,0.000000000000000000e+00,0.000000000000000000e+00,9.883997757154914243e-01
2.189999999999999947e+00,1.083500000000000085e+01,9.433774999999968713e+00,1.159959999999999951e+02,0.000000000000000000e+00,0.000000000000000000e+00,0.000000000000000000e+00,9.880642408711106661e-01
2.190999999999999837e+00,1.082600000000000051e+01,9.429723999999993111e+00,1.158059999999999974e+02,0.000000000000000000e+00,0.000000000000000000e+00,0.000000000000000000e+00,9.880866136080836970e-01
2.192000000000000171e+00,1.081300000000000061e+01,9.430030999999985397e+00,1.155379999999999967e+02,0.000000000000000000e+00,0.000000000000000000e+00,0.000000000000000000e+00,9.881717624150034851e-01
2.193000000000000060e+00,1.079299999999999926e+01,9.426151000000004387e+00,1.151219999999999999e+02,0.000000000000000000e+00,0.000000000000000000e+00,0.000000000000000000e+00,9.882662674433327910e-01
2.193999999999999950e+00,1.078200000000000003e+01,9.362475999999986698e+00,1.148319999999999936e+02,0.000000000000000000e+00,0.000000000000000000e+00,0.000000000000000000e+00,9.877892009398516748e-01
2.194999999999999840e+00,1.076900000000000013e+01,9.371639000000001829e+00,1.145739999999999981e+02,0.000000000000000000e+00,0.000000000000000000e+00,0.000000000000000000e+00,9.879508096830905695e-01
2.196000000000000174e+00,1.075699999999999967e+01,9.335951000000008548e+00,1.142920000000000016e+02,0.000000000000000000e+00,0.000000000000000000e+00,0.000000000000000000e+00,9.877191983766671068e-01
2.197000000000000064e+00,1.074799999999999933e+01,9.352496000000016352e+00,1.141239999999999952e+02,0.000000000000000000e+00,0.000000000000000000e+00,0.000000000000000000e+00,9.879197542260916842e-01
2.197999999999999954e+00,1.073900000000000077e+01,9.318878999999995472e+00,1.139060000000000059e+02,0.000000000000000000e+00,0.000000000000000000e+00,0.000000000000000000e+00,9.876860420892851211e-01
2.198999999999999844e+00,1.072899999999999920e+01,9.259559000000010087e+00,1.136419999999999959e+02,0.000000000000000000e+00,0.000000000000000000e+00,0.000000000000000000e+00,9.872346224907393442e-01
2.200000000000000178e+00,1.071299999999999919e+01,9.222631000000021118e+00,1.132780000000000058e+02,0.000000000000000000e+00,0.000000000000000000e+00,0.000000000000000000e+00,9.870141136187099429e-01
2.201000000000000068e+00,1.070299999999999940e+01,9.180791000000013469e+00,1.130319999999999965e+02,0.000000000000000000e+00,0.000000000000000000e+00,0.000000000000000000e+00,9.867118893902886434e-01
2.201999999999999957e+00,1.069200000000000017e+01,9.195136000000005083e+00,1.128220000000000027e+02,0.000000000000000000e+00,0.000000000000000000e+00,0.000000000000000000e+00,9.869062379766124771e-01
2.202999999999999847e+00,1.068500000000000050e+01,9.169774999999987131e+00,1.126539999999999964e+02,0.000000000000000000e+00,0.000000000000000000e+00,0.000000000000000000e+00,9.867282536077475186e-01
2.204000000000000181e+00,1.067800000000000082e+01,9.162315999999989913e+00,1.125040000000000049e+02,0.000000000000000000e+00,0.000000000000000000e+00,0.000000000000000000e+00,9.867068216045923323e-01
2.205000000000000071e+00,1.066499999999999915e+01,9.124775000000013847e+00,1.122019999999999982e+02,0.000000000000000000e+00,0.000000000000000000e+00,0.000000000000000000e+00,9.864586348649326819e-01
2.205999999999999961e+00,1.065600000000000058e+01,9.097663999999994644e+00,1.119920000000000044e+02,0.000000000000000000e+00,0.000000000000000000e+00,0.000000000000000000e+00,9.862762537312086408e-01
2.206999999999999851e+00,1.064799999999999969e+01,9.116095999999998867e+00,1.118479999999999990e+02,0.000000000000000000e+00,0.000000000000000000e+00,0.000000000000000000e+00,9.864887520102327834e-01
2.208000000000000185e+00,1.063400000000000034e+01,9.104044000000001802e+00,1.115520000000000067e+02,0.000000000000000000e+00,0.000000000000000000e+00,0.000000000000000000e+00,9.864703790585299670e-01
2.209000000000000075e+00,1.062500000000000000e+01,9.098375000000004320e+00,1.113640000000000043e+02,0.000000000000000000e+00,0.000000000000000000e+00,0.000000000000000000e+00,9.864769550173010382e-01
2.209999999999999964e+00,1.061400000000000077e+01,9.077003999999988082e+00,1.111200000000000045e+02,0.000000000000000000e+00,0.000000000000000000e+00,0.000000000000000000e+00,9.863568526183672525e-01
2.210999999999999854e+00,1.059900000000000020e+01,9.080198999999993248e+00,1.108199999999999932e+02,0.000000000000000000e+00,0.000000000000000000e+00,0.000000000000000000e+00,9.864801743789306521e-01
2.212000000000000188e+00,1.058999999999999986e+01,9.059899999999998954e+00,1.106179999999999950e+02,0.000000000000000000e+00,0.000000000000000000e+00,0.000000000000000000e+00,9.863564340367780847e-01
2.213000000000000078e+00,1.058500000000000085e+01,9.074774999999974057e+00,1.105319999999999965e+02,0.000000000000000000e+00,0.000000000000000000e+00,0.000000000000000000e+00,9.865209299440454993e-01
2.213999999999999968e+00,1.057000000000000028e+01,9.073099999999996612e+00,1.102279999999999944e+02,0.000000000000000000e+00,0.000000000000000000e+00,0.000000000000000000e+00,9.866019123758444920e-01
2.214999999999999858e+00,1.055499999999999972e+01,9.042974999999998431e+00,1.098960000000000008e+02,0.000000000000000000e+00,0.000000000000000000e+00,0.000000000000000000e+00,9.864280423245992413e-01
2.216000000000000192e+00,1.054800000000000004e+01,9.039695999999992182e+00,1.097519999999999953e+02,0.000000000000000000e+00,0.000000000000000000e+00,0.000000000000000000e+00,9.864434668451022015e-01
2.217000000000000082e+00,1.053800000000000026e+01,9.042555999999990490e+00,1.095540000000000020e+02,0.000000000000000000e+00,0.000000000000000000e+00,0.000000000000000000e+00,9.865335300553147446e-01
2.217999999999999972e+00,1.052999999999999936e+01,9.043100000000023897e+00,1.093940000000000055e+02,0.000000000000000000e+00,0.000000000000000000e+00,0.000000000000000000e+00,9.865901160614679588e-01
2.218999999999999861e+00,1.052200000000000024e+01,9.051516000000006557e+00,1.092420000000000044e+02,0.000000000000000000e+00,0.000000000000000000e+00,0.000000000000000000e+00,9.867179928868726746e-01
2.220000000000000195e+00,1.051500000000000057e+01,9.039774999999991678e+00,1.090900000000000034e+02,0.000000000000000000e+00,0.000000000000000000e+00,0.000000000000000000e+00,9.866574232540112899e-01
2.221000000000000085e+00,1.050500000000000078e+01,9.019974999999988086e+00,1.088700000000000045e+02,0.000000000000000000e+00,0.000000000000000000e+00,0.000000000000000000e+00,9.865432045346371748e-01
2.221999999999999975e+00,1.049399999999999977e+01,8.999964000000005626e+00,1.086299999999999955e+02,0.000000000000000000e+00,0.000000000000000000e+00,0.000000000000000000e+00,9.864331525226700537e-01
2.222999999999999865e+00,1.048799999999999955e+01,9.013856000000004087e+00,1.085240000000000009e+02,0.000000000000000000e+00,0.000000000000000000e+00,0.000000000000000000e+00,9.865984647886423264e-01
2.224000000000000199e+00,1.047899999999999920e+01,8.987559000000018727e+00,1.083179999999999978e+02,0.000000000000000000e+00,0.000000000000000000e+00,0.000000000000000000e+00,9.864179164704064418e-01
2.225000000000000089e+00,1.047199999999999953e+01,9.005216000000004328e+00,1.081959999999999980e+02,0.000000000000000000e+00,0.000000000000000000e+00,0.000000000000000000e+00,9.866245963626093518e-01
2.225999999999999979e+00,1.045899999999999963e+01,8.966319000000012807e+00,1.078979999999999961e+02,0.000000000000000000e+00,0.000000000000000000e+00,0.000000000000000000e+00,9.863545871882817284e-01
2.226999999999999869e+00,1.045100000000000051e+01,8.965598999999983221e+00,1.077379999999999995e+02,0.000000000000000000e+00,0.000000000000000000e+00,0.000000000000000000e+00,9.864003410770919578e-01
2.228000000000000203e+00,1.044299999999999962e+01,8.936751000000001000e+00,1.075499999999999972e+02,0.000000000000000000e+00,0.000000000000000000e+00,0.000000000000000000e+00,9.861883292905113674e-01
2.229000000000000092e+00,1.042999999999999972e+01,8.931100000000014916e+00,1.072860000000000014e+02,0.000000000000000000e+00,0.000000000000000000e+00,0.000000000000000000e+00,9.862214333055415727e-01
2.229999999999999982e+00,1.041799999999999926e+01,8.937276000000025533e+00,1.070540000000000020e+02,0.000000000000000000e+00,0.000000000000000000e+00,0.000000000000000000e+00,9.863571404115794028e-01
2.230999999999999872e+00,1.040799999999999947e+01,8.915536000000017225e+00,1.068340000000000032e+02,0.000000000000000000e+00,0.000000000000000000e+00,0.000000000000000000e+00,9.862225356123506259e-01
2.232000000000000206e+00,1.039300000000000068e+01,8.850550999999981627e+00,1.064719999999999942e+02,0.000000000000000000e+00,0.000000000000000000e+00,0.000000000000000000e+00,9.857199752970084994e-01
2.233000000000000096e+00,1.037700000000000067e+01,8.812870999999972810e+00,1.061179999999999950e+02,0.000000000000000000e+00,0.000000000000000000e+00,0.000000000000000000e+00,9.854745721084320342e-01
2.233999999999999986e+00,1.035899999999999999e+01,8.854118999999997186e+00,1.058040000000000020e+02,0.000000000000000000e+00,0.000000000000000000e+00,0.000000000000000000e+00,9.859761747026325462e-01
2.234999999999999876e+00,1.034800000000000075e+01,8.830895999999981427e+00,1.055639999999999930e+02,0.000000000000000000e+00,0.000000000000000000e+00,0.000000000000000000e+00,9.858321968738759100e-01
2.236000000000000210e+00,1.033600000000000030e+01,8.831103999999996290e+00,1.053280000000000030e+02,0.000000000000000000e+00,0.000000000000000000e+00,0.000000000000000000e+00,9.859135523200643902e-01
2.237000000000000099e+00,1.032699999999999996e+01,8.850070999999999799e+00,1.051700000000000017e+02,0.000000000000000000e+00,0.000000000000000000e+00,0.000000000000000000e+00,9.861512280395809960e-01
2.237999999999999989e+00,1.031600000000000072e+01,8.810143999999993980e+00,1.049140000000000015e+02,0.000000000000000000e+00,0.000000000000000000e+00,0.000000000000000000e+00,9.858498586955426468e-01
2.238999999999999879e+00,1.030300000000000082e+01,8.825190999999989572e+00,1.046740000000000066e+02,0.000000000000000000e+00,0.000000000000000000e+00,0.000000000000000000e+00,9.860783437049103206e-01
2.240000000000000213e+00,1.029100000000000037e+01,8.846318999999979837e+00,1.044599999999999937e+02,0.000000000000000000e+00,0.000000000000000000e+00,0.000000000000000000e+00,9.863586671867694555e-01
2.241000000000000103e+00,1.028100000000000058e+01,8.832038999999994644e+00,1.042500000000000000e+02,0.000000000000000000e+00,0.000000000000000000e+00,0.000000000000000000e+00,9.862916249479499742e-01
2.241999999999999993e+00,1.027599999999999980e+01,8.805824000000001206e+00,1.041260000000000048e+02,0.000000000000000000e+00,0.000000000000000000e+00,0.000000000000000000e+00,9.860773746200809375e-01
2.242999999999999883e+00,1.026299999999999990e+01,8.799831000000011727e+00,1.038659999999999997e+02,0.000000000000000000e+00,0.000000000000000000e+00,0.000000000000000000e+00,9.861086058696618695e-01
2.244000000000000217e+00,1.025500000000000078e+01,8.807974999999984789e+00,1.037180000000000035e+02,0.000000000000000000e+00,0.000000000000000000e+00,0.000000000000000000e+00,9.862404349735094389e-01
2.245000000000000107e+00,1.025000000000000000e+01,8.805499999999994998e+00,1.036179999999999950e+02,0.000000000000000000e+00,0.000000000000000000e+00,0.000000000000000000e+00,9.862510410469957911e-01
2.245999999999999996e+00,1.023600000000000065e+01,8.776303999999996108e+00,1.033160000000000025e+02,0.000000000000000000e+00,0.000000000000000000e+00,0.000000000000000000e+00,9.860683721919631939e-01
2.246999999999999886e+00,1.022400000000000020e+01,8.735824000000008027e+00,1.030420000000000016e+02,0.000000000000000000e+00,0.000000000000000000e+00,0.000000000000000000e+00,9.857631924392818989e-01
2.248000000000000220e+00,1.021400000000000041e+01,8.708203999999980738e+00,1.028199999999999932e+02,0.000000000000000000e+00,0.000000000000000000e+00,0.000000000000000000e+00,9.855664077559492808e-01
2.249000000000000110e+00,1.020199999999999996e+01,8.725195999999996843e+00,1.026039999999999992e+02,0.000000000000000000e+00,0.000000000000000000e+00,0.000000000000000000e+00,9.858109858567195571e-01
2.250000000000000000e+00,1.019200000000000017e+01,8.701136000000005311e+00,1.023859999999999957e+02,0.000000000000000000e+00,0.000000000000000000e+00,0.000000000000000000e+00,9.856477761977874286e-01
2.250999999999999890e+00,1.018699999999999939e+01,8.708031000000019617e+00,1.022960000000000065e+02,0.000000000000000000e+00,0.000000000000000000e+00,0.000000000000000000e+00,9.857483069929899866e-01
2.252000000000000224e+00,1.017500000000000071e+01,8.688374999999979309e+00,1.020439999999999969e+02,0.000000000000000000e+00,0.000000000000000000e+00,0.000000000000000000e+00,9.856407222500587206e-01
2.253000000000000114e+00,1.016399999999999970e+01,8.713104000000001292e+00,1.018559999999999945e+02,0.000000000000000000e+00,0.000000000000000000e+00,0.000000000000000000e+00,9.859554777446802865e-01
2.254000000000000004e+00,1.014100000000000001e+01,8.709119000000001165e+00,1.014080000000000013e+02,0.000000000000000000e+00,0.000000000000000000e+00,0.000000000000000000e+00,9.860765980466273950e-01
2.254999999999999893e+00,1.013599999999999923e+01,8.725504000000015026e+00,1.013280000000000030e+02,0.000000000000000000e+00,0.000000000000000000e+00,0.000000000000000000e+00,9.862710078995123864e-01
2.256000000000000227e+00,1.013100000000000023e+01,8.737838999999993916e+00,1.012439999999999998e+02,0.000000000000000000e+00,0.000000000000000000e+00,0.000000000000000000e+00,9.864263490296657499e-01
2.257000000000000117e+00,1.012100000000000044e+01,8.780358999999975822e+00,1.010939999999999941e+02,0.000000000000000000e+00,0.000000000000000000e+00,0.000000000000000000e+00,9.869122302093096266e-01
2.258000000000000007e+00,1.010999999999999943e+01,8.769900000000006912e+00,1.008719999999999999e+02,0.000000000000000000e+00,0.000000000000000000e+00,0.000000000000000000e+00,9.868890278156892126e-01
2.258999999999999897e+00,1.009800000000000075e+01,8.742395999999985179e+00,1.006140000000000043e+02,0.000000000000000000e+00,0.000000000000000000e+00,0.000000000000000000e+00,9.867058030351867348e-01
2.260000000000000231e+00,1.008900000000000041e+01,8.737078999999994267e+00,1.004360000000000070e+02,0.000000000000000000e+00,0.000000000000000000e+00,0.000000000000000000e+00,9.867182570709936984e-01
2.261000000000000121e+00,1.007300000000000040e+01,8.747670999999982655e+00,1.001400000000000006e+02,0.000000000000000000e+00,0.000000000000000000e+00,0.000000000000000000e+00,9.869381096669975761e-01
2.262000000000000011e+00,1.006300000000000061e+01,8.753030999999978690e+00,9.995399999999999352e+01,0.000000000000000000e+00,0.000000000000000000e+00,0.000000000000000000e+00,9.870638193136590521e-01
2.262999999999999901e+00,1.005400000000000027e+01,8.743083999999996081e+00,9.977200000000000557e+01,0.000000000000000000e+00,0.000000000000000000e+00,0.000000000000000000e+00,9.870312803401911639e-01
2.264000000000000234e+00,1.004800000000000004e+01,8.743695999999999913e+00,9.965800000000000125e+01,0.000000000000000000e+00,0.000000000000000000e+00,0.000000000000000000e+00,9.870812773844780397e-01
2.265000000000000124e+00,1.003700000000000081e+01,8.757630999999989285e+00,9.946200000000000330e+01,0.000000000000000000e+00,0.000000000000000000e+00,0.000000000000000000e+00,9.873004604493709202e-01
2.266000000000000014e+00,1.002599999999999980e+01,8.761324000000001888e+00,9.925600000000000023e+01,0.000000000000000000e+00,0.000000000000000000e+00,0.000000000000000000e+00,9.874187475619444765e-01
2.266999999999999904e+00,1.001600000000000001e+01,8.761744000000007304e+00,9.906600000000000250e+01,0.000000000000000000e+00,0.000000000000000000e+00,0.000000000000000000e+00,9.874974800702263078e-01
2.268000000000000238e+00,1.000999999999999979e+01,8.779900000000012028e+00,9.896999999999999886e+01,0.000000000000000000e+00,0.000000000000000000e+00,0.000000000000000000e+00,9.877235651461426791e-01
2.269000000000000128e+00,1.000099999999999945e+01,8.764999000000017304e+00,9.878400000000000603e+01,0.000000000000000000e+00,0.000000000000000000e+00,0.000000000000000000e+00,9.876424616312492466e-01
2.270000000000000018e+00,9.990999999999999659e+00,8.756919000000010556e+00,9.858599999999999852e+01,0.000000000000000000e+00,0.000000000000000000e+00,0.000000000000000000e+00,9.876369465178054252e-01
2.270999999999999908e+00,9.983000000000000540e+00,8.748711000000000126e+00,9.842600000000000193e+01,0.000000000000000000e+00,0.000000000000000000e+00,0.000000000000000000e+00,9.876150369180647370e-01
2.272000000000000242e+00,9.970000000000000639e+00,8.733099999999993202e+00,9.816400000000000148e+01,0.000000000000000000e+00,0.000000000000000000e+00,0.000000000000000000e+00,9.875564506961204136e-01
2.273000000000000131e+00,9.958999999999999631e+00,8.727319000000008486e+00,9.795000000000000284e+01,0.000000000000000000e+00,0.000000000000000000e+00,0.000000000000000000e+00,9.875815676082361216e-01
2.274000000000000021e+00,9.948999999999999844e+00,8.730398999999991361e+00,9.776399999999999579e+01,0.000000000000000000e+00,0.000000000000000000e+00,0.000000000000000000e+00,9.876887353162198124e-01
2.274999999999999911e+00,9.929999999999999716e+00,8.761100000000013210e+00,9.743600000000000705e+01,0.000000000000000000e+00,0.000000000000000000e+00,0.000000000000000000e+00,9.881456195381771446e-01
2.276000000000000245e+00,9.917999999999999261e+00,8.759276000000014051e+00,9.720799999999999841e+01,0.000000000000000000e+00,0.000000000000000000e+00,0.000000000000000000e+00,9.882203660660693334e-01
2.277000000000000135e+00,9.903999999999999915e+00,8.768783999999996581e+00,9.695399999999999352e+01,0.000000000000000000e+00,0.000000000000000000e+00,0.000000000000000000e+00,9.884266992204321367e-01
2.278000000000000025e+00,9.896000000000000796e+00,8.759183999999976322e+00,9.679399999999999693e+01,0.000000000000000000e+00,0.000000000000000000e+00,0.000000000000000000e+00,9.883916417075496730e-01
2.278999999999999915e+00,9.887999999999999901e+00,8.743456000000008999e+00,9.662800000000000011e+01,0.000000000000000000e+00,0.000000000000000000e+00,0.000000000000000000e+00,9.882938097631990271e-01
2.280000000000000249e+00,9.881000000000000227e+00,8.754838999999989824e+00,9.650799999999999557e+01,0.000000000000000000e+00,0.000000000000000000e+00,0.000000000000000000e+00,9.884655023562909371e-01
2.281000000000000139e+00,9.872999999999999332e+00,8.766871000000023173e+00,9.637000000000000455e+01,0.000000000000000000e+00,0.000000000000000000e+00,0.000000000000000000e+00,9.886523089155501154e-01
2.282000000000000028e+00,9.862999999999999545e+00,8.766231000000004769e+00,9.618200000000000216e+01,0.000000000000000000e+00,0.000000000000000000e+00,0.000000000000000000e+00,9.887255049454830580e-01
2.282999999999999918e+00,9.858999999999999986e+00,8.755118999999993434e+00,9.609600000000000364e+01,0.000000000000000000e+00,0.000000000000000000e+00,0.000000000000000000e+00,9.886431856845585564e-01
2.284000000000000252e+00,9.851000000000000867e+00,8.724798999999975990e+00,9.591599999999999682e+01,0.000000000000000000e+00,0.000000000000000000e+00,0.000000000000000000e+00,9.883947294229237235e-01
2.285000000000000142e+00,9.845000000000000639e+00,8.712974999999985926e+00,9.579200000000000159e+01,0.000000000000000000e+00,0.000000000000000000e+00,0.000000000000000000e+00,9.883204912301154499e-01
2.286000000000000032e+00,9.835000000000000853e+00,8.733774999999994293e+00,9.562600000000000477e+01,0.000000000000000000e+00,0.000000000000000000e+00,0.000000000000000000e+00,9.886151494576629339e-01
2.286999999999999922e+00,9.826999999999999957e+00,8.715070999999994683e+00,9.545799999999999841e+01,0.000000000000000000e+00,0.000000000000000000e+00,0.000000000000000000e+00,9.884857635134017828e-01
2.288000000000000256e+00,9.817999999999999616e+00,8.710876000000013164e+00,9.528600000000000136e+01,0.000000000000000000e+00,0.000000000000000000e+00,0.000000000000000000e+00,9.885144919672902430e-01
2.289000000000000146e+00,9.805999999999999162e+00,8.686364000000011742e+00,9.503799999999999670e+01,0.000000000000000000e+00,0.000000000000000000e+00,0.000000000000000000e+00,9.883562445316357303e-01
2.290000000000000036e+00,9.795999999999999375e+00,8.668384000000003198e+00,9.483400000000000318e+01,0.000000000000000000e+00,0.000000000000000000e+00,0.000000000000000000e+00,9.882493016791215057e-01
2.290999999999999925e+00,9.785999999999999588e+00,8.648204000000006886e+00,9.462800000000000011e+01,0.000000000000000000e+00,0.000000000000000000e+00,0.000000000000000000e+00,9.881189730830410856e-01
2.292000000000000259e+00,9.778000000000000469e+00,8.676715999999998985e+00,9.450799999999999557e+01,0.000000000000000000e+00,0.000000000000000000e+00,0.000000000000000000e+00,9.884814114913776928e-01
2.293000000000000149e+00,9.769999999999999574e+00,8.679100000000005366e+00,9.436199999999999477e+01,0.000000000000000000e+00,0.000000000000000000e+00,0.000000000000000000e+00,9.885713268009668209e-01
2.294000000000000039e+00,9.760999999999999233e+00,8.659879000000017868e+00,9.417600000000000193e+01,0.000000000000000000e+00,0.000000000000000000e+00,0.000000000000000000e+00,9.884429652319156601e-01
2.294999999999999929e+00,9.753999999999999559e+00,8.647484000000019932e+00,9.403400000000000603e+01,0.000000000000000000e+00,0.000000000000000000e+00,0.000000000000000000e+00,9.883696657688929577e-01
2.296000000000000263e+00,9.742000000000000881e+00,8.633435999999989008e+00,9.379800000000000182e+01,0.000000000000000000e+00,0.000000000000000000e+00,0.000000000000000000e+00,9.883194169794197181e-01
2.297000000000000153e+00,9.733000000000000540e+00,8.625710999999995465e+00,9.362399999999999523e+01,0.000000000000000000e+00,0.000000000000000000e+00,0.000000000000000000e+00,9.883112642962136318e-01
2.298000000000000043e+00,9.721000000000000085e+00,8.627158999999991806e+00,9.340399999999999636e+01,0.000000000000000000e+00,0.000000000000000000e+00,0.000000000000000000e+00,9.884246985071329927e-01
2.298999999999999932e+00,9.711000000000000298e+00,8.613478999999998109e+00,9.320600000000000307e+01,0.000000000000000000e+00,0.000000000000000000e+00,0.000000000000000000e+00,9.883618237329654388e-01
2.300000000000000266e+00,9.701999999999999957e+00,8.591195999999996502e+00,9.301800000000000068e+01,0.000000000000000000e+00,0.000000000000000000e+00,0.000000000000000000e+00,9.881991064074286957e-01
2.301000000000000156e+00,9.692000000000000171e+00,8.563135999999985870e+00,9.280599999999999739e+01,0.000000000000000000e+00,0.000000000000000000e+00,0.000000000000000000e+00,9.879824811371419324e-01
2.302000000000000046e+00,9.682000000000000384e+00,8.550875999999988153e+00,9.260999999999999943e+01,0.000000000000000000e+00,0.000000000000000000e+00,0.000000000000000000e+00,9.879335349125959453e-01
2.302999999999999936e+00,9.672000000000000597e+00,8.504415999999977771e+00,9.237999999999999545e+01,0.000000000000000000e+00,0.000000000000000000e+00,0.000000000000000000e+00,9.875188225064153169e-01
2.304000000000000270e+00,9.662000000000000810e+00,8.455755999999979622e+00,9.214799999999999613e+01,0.000000000000000000e+00,0.000000000000000000e+00,0.000000000000000000e+00,9.870788520337647753e-01
2.305000000000000160e+00,9.657000000000000028e+00,8.437350999999992496e+00,9.203799999999999670e+01,0.000000000000000000e+00,0.000000000000000000e+00,0.000000000000000000e+00,9.869217269245120772e-01
2.306000000000000050e+00,9.647999999999999687e+00,8.408096000000000458e+00,9.184399999999999409e+01,0.000000000000000000e+00,0.000000000000000000e+00,0.000000000000000000e+00,9.866797163986590347e-01
2.306999999999999940e+00,9.637000000000000455e+00,8.409230999999991241e+00,9.164400000000000546e+01,0.000000000000000000e+00,0.000000000000000000e+00,0.000000000000000000e+00,9.867799546275466405e-01
2.307999999999999829e+00,9.625999999999999446e+00,8.402124000000029014e+00,9.143600000000000705e+01,0.000000000000000000e+00,0.000000000000000000e+00,0.000000000000000000e+00,9.867917371268662974e-01
2.309000000000000163e+00,9.611000000000000654e+00,8.361678999999995199e+00,9.112199999999999989e+01,0.000000000000000000e+00,0.000000000000000000e+00,0.000000000000000000e+00,9.864750120873554406e-01
2.310000000000000053e+00,9.599999999999999645e+00,8.378000000000000114e+00,9.093800000000000239e+01,0.000000000000000000e+00,0.000000000000000000e+00,0.000000000000000000e+00,9.867404513888889950e-01
2.310999999999999943e+00,9.585000000000000853e+00,8.406774999999981901e+00,9.069400000000000261e+01,0.000000000000000000e+00,0.000000000000000000e+00,0.000000000000000000e+00,9.871753949575073905e-01
2.311999999999999833e+00,9.577999999999999403e+00,8.399916000000018812e+00,9.056000000000000227e+01,0.000000000000000000e+00,0.000000000000000000e+00,0.000000000000000000e+00,9.871581795843917817e-01
2.313000000000000167e+00,9.564000000000000057e+00,8.385903999999996472e+00,9.029200000000000159e+01,0.000000000000000000e+00,0.000000000000000000e+00,0.000000000000000000e+00,9.871204245811658895e-01
2.314000000000000057e+00,9.553000000000000824e+00,8.383190999999982296e+00,9.009000000000000341e+01,0.000000000000000000e+00,0.000000000000000000e+00,0.000000000000000000e+00,9.871815532728102083e-01
2.314999999999999947e+00,9.544000000000000483e+00,8.394063999999985981e+00,8.993800000000000239e+01,0.000000000000000000e+00,0.000000000000000000e+00,0.000000000000000000e+00,9.873755400495625167e-01
2.315999999999999837e+00,9.537000000000000810e+00,8.400630999999989967e+00,8.981799999999999784e+01,0.000000000000000000e+00,0.000000000000000000e+00,0.000000000000000000e+00,9.875061636676296661e-01
2.317000000000000171e+00,9.532000000000000028e+00,8.386975999999989995e+00,8.971399999999999864e+01,0.000000000000000000e+00,0.000000000000000000e+00,0.000000000000000000e+00,9.873977955123092176e-01
2.318000000000000060e+00,9.528000000000000469e+00,8.369215999999994438e+00,8.962399999999999523e+01,0.000000000000000000e+00,0.000000000000000000e+00,0.000000000000000000e+00,9.872356415066537716e-01
2.318999999999999950e+00,9.516000000000000014e+00,8.371744000000006736e+00,8.940999999999999659e+01,0.000000000000000000e+00,0.000000000000000000e+00,0.000000000000000000e+00,9.873638628315823951e-01
2.319999999999999840e+00,9.503000000000000114e+00,8.377990999999994415e+00,8.918200000000000216e+01,0.000000000000000000e+00,0.000000000000000000e+00,0.000000000000000000e+00,9.875423955188239455e-01
2.321000000000000174e+00,9.499000000000000554e+00,8.377998999999988428e+00,8.910999999999999943e+01,0.000000000000000000e+00,0.000000000000000000e+00,0.000000000000000000e+00,9.875763209143606502e-01
2.322000000000000064e+00,9.487000000000000099e+00,8.339830999999989558e+00,8.885599999999999454e+01,0.000000000000000000e+00,0.000000000000000000e+00,0.000000000000000000e+00,9.872541265741431316e-01
2.322999999999999954e+00,9.474000000000000199e+00,8.319324000000008823e+00,8.860200000000000387e+01,0.000000000000000000e+00,0.000000000000000000e+00,0.000000000000000000e+00,9.871354861670680325e-01
2.323999999999999844e+00,9.460000000000000853e+00,8.316399999999973147e+00,8.834799999999999898e+01,0.000000000000000000e+00,0.000000000000000000e+00,0.000000000000000000e+00,9.872211470126802668e-01
2.325000000000000178e+00,9.454000000000000625e+00,8.313884000000001606e+00,8.823799999999999955e+01,0.000000000000000000e+00,0.000000000000000000e+00,0.000000000000000000e+00,9.872439020755370276e-01
2.326000000000000068e+00,9.438000000000000611e+00,8.322155999999978349e+00,8.795999999999999375e+01,0.000000000000000000e+00,0.000000000000000000e+00,0.000000000000000000e+00,9.874731021352991522e-01
2.326999999999999957e+00,9.432000000000000384e+00,8.281375999999994519e+00,8.781199999999999761e+01,0.000000000000000000e+00,0.000000000000000000e+00,0.000000000000000000e+00,9.870662088384442034e-01
2.327999999999999847e+00,9.426000000000000156e+00,8.270523999999994658e+00,8.769400000000000261e+01,0.000000000000000000e+00,0.000000000000000000e+00,0.000000000000000000e+00,9.869951287050920952e-01
2.329000000000000181e+00,9.413999999999999702e+00,8.266604000000000951e+00,8.747599999999999909e+01,0.000000000000000000e+00,0.000000000000000000e+00,0.000000000000000000e+00,9.870531253394984050e-01
2.330000000000000071e+00,9.403000000000000469e+00,8.196590999999983751e+00,8.720999999999999375e+01,0.000000000000000000e+00,0.000000000000000000e+00,0.000000000000000000e+00,9.863553721119795448e-01
2.330999999999999961e+00,9.396000000000000796e+00,8.185183999999978255e+00,8.707399999999999807e+01,0.000000000000000000e+00,0.000000000000000000e+00,0.000000000000000000e+00,9.862851161178155524e-01
2.331999999999999851e+00,9.382999999999999119e+00,8.182311000000012768e+00,8.684000000000000341e+01,0.000000000000000000e+00,0.000000000000000000e+00,0.000000000000000000e+00,9.863621126363517622e-01
2.333000000000000185e+00,9.375999999999999446e+00,8.162624000000008095e+00,8.669599999999999795e+01,0.000000000000000000e+00,0.000000000000000000e+00,0.000000000000000000e+00,9.861974222180805993e-01
2.334000000000000075e+00,9.368999999999999773e+00,8.182839000000001306e+00,8.659199999999999875e+01,0.000000000000000000e+00,0.000000000000000000e+00,0.000000000000000000e+00,9.864868324138165168e-01
2.334999999999999964e+00,9.362999999999999545e+00,8.177231000000006134e+00,8.648000000000000398e+01,0.000000000000000000e+00,0.000000000000000000e+00,0.000000000000000000e+00,9.864739793704427884e-01
2.335999999999999854e+00,9.355999999999999872e+00,8.185264000000003648e+00,8.636400000000000432e+01,0.000000000000000000e+00,0.000000000000000000e+00,0.000000000000000000e+00,9.866254694593470376e-01
2.337000000000000188e+00,9.345000000000000639e+00,8.185974999999984902e+00,8.617000000000000171e+01,0.000000000000000000e+00,0.000000000000000000e+00,0.000000000000000000e+00,9.867280666422187929e-01
2.338000000000000078e+00,9.333999999999999631e+00,8.164444000000003143e+00,8.595399999999999352e+01,0.000000000000000000e+00,0.000000000000000000e+00,0.000000000000000000e+00,9.865758922879593884e-01
2.338999999999999968e+00,9.323999999999999844e+00,8.191023999999998750e+00,8.580400000000000205e+01,0.000000000000000000e+00,0.000000000000000000e+00,0.000000000000000000e+00,9.869678466847063847e-01
2.339999999999999858e+00,9.313000000000000611e+00,8.193030999999990627e+00,8.561199999999999477e+01,0.000000000000000000e+00,0.000000000000000000e+00,0.000000000000000000e+00,9.870870105577793652e-01
2.341000000000000192e+00,9.304999999999999716e+00,8.171975000000003320e+00,8.545000000000000284e+01,0.000000000000000000e+00,0.000000000000000000e+00,0.000000000000000000e+00,9.869140053723003403e-01
2.342000000000000082e+00,9.298999999999999488e+00,8.163599000000004935e+00,8.533599999999999852e+01,0.000000000000000000e+00,0.000000000000000000e+00,0.000000000000000000e+00,9.868696356613906318e-01
2.342999999999999972e+00,9.292999999999999261e+00,8.167151000000004046e+00,8.523399999999999466e+01,0.000000000000000000e+00,0.000000000000000000e+00,0.000000000000000000e+00,9.869632819760952858e-01
2.343999999999999861e+00,9.285000000000000142e+00,8.165774999999996453e+00,8.509199999999999875e+01,0.000000000000000000e+00,0.000000000000000000e+00,0.000000000000000000e+00,9.870176418442030419e-01
2.345000000000000195e+00,9.279999999999999361e+00,8.157600000000002183e+00,8.499599999999999511e+01,0.000000000000000000e+00,0.000000000000000000e+00,0.000000000000000000e+00,9.869667806183115566e-01
2.346000000000000085e+00,9.272000000000000242e+00,8.132015999999993028e+00,8.482999999999999829e+01,0.000000000000000000e+00,0.000000000000000000e+00,0.000000000000000000e+00,9.867397439552854088e-01
2.346999999999999975e+00,9.262999999999999901e+00,8.119831000000004906e+00,8.465999999999999659e+01,0.000000000000000000e+00,0.000000000000000000e+00,0.000000000000000000e+00,9.866768440685448338e-01
2.347999999999999865e+00,9.255000000000000782e+00,8.087974999999985926e+00,8.448799999999999955e+01,0.000000000000000000e+00,0.000000000000000000e+00,0.000000000000000000e+00,9.863752885484534660e-01
2.349000000000000199e+00,9.242000000000000881e+00,8.049435999999985825e+00,8.422199999999999420e+01,0.000000000000000000e+00,0.000000000000000000e+00,0.000000000000000000e+00,9.860379314234980486e-01
2.350000000000000089e+00,9.230000000000000426e+00,8.029099999999999682e+00,8.399200000000000443e+01,0.000000000000000000e+00,0.000000000000000000e+00,0.000000000000000000e+00,9.859037548903722969e-01
2.350999999999999979e+00,9.214000000000000412e+00,8.016203999999987673e+00,8.370000000000000284e+01,0.000000000000000000e+00,0.000000000000000000e+00,0.000000000000000000e+00,9.858913180737929327e-01
2.351999999999999869e+00,9.202999999999999403e+00,8.031791000000012559e+00,8.352400000000000091e+01,0.000000000000000000e+00,0.000000000000000000e+00,0.000000000000000000e+00,9.861714846231740550e-01
2.353000000000000203e+00,9.196999999999999176e+00,8.016191000000020495e+00,8.340399999999999636e+01,0.000000000000000000e+00,0.000000000000000000e+00,0.000000000000000000e+00,9.860399401031929578e-01
2.354000000000000092e+00,9.188000000000000611e+00,8.014655999999988012e+00,8.324599999999999511e+01,0.000000000000000000e+00,0.000000000000000000e+00,0.000000000000000000e+00,9.861010054757116672e-01
2.354999999999999982e+00,9.182000000000000384e+00,8.014875999999986789e+00,8.314199999999999591e+01,0.000000000000000000e+00,0.000000000000000000e+00,0.000000000000000000e+00,9.861566109974050365e-01
2.355999999999999872e+00,9.169999999999999929e+00,7.997100000000003206e+00,8.291599999999999682e+01,0.000000000000000000e+00,0.000000000000000000e+00,0.000000000000000000e+00,9.860516667479298780e-01
2.357000000000000206e+00,9.166999999999999815e+00,7.979111000000003173e+00,8.284600000000000364e+01,0.000000000000000000e+00,0.000000000000000000e+00,0.000000000000000000e+00,9.858641672528092315e-01
2.358000000000000096e+00,9.156000000000000583e+00,7.971663999999989869e+00,8.264799999999999613e+01,0.000000000000000000e+00,0.000000000000000000e+00,0.000000000000000000e+00,9.858725635415906963e-01
2.358999999999999986e+00,9.150000000000000355e+00,7.993499999999997385e+00,8.256600000000000250e+01,0.000000000000000000e+00,0.000000000000000000e+00,0.000000000000000000e+00,9.861865090029561243e-01
2.359999999999999876e+00,9.138999999999999346e+00,7.975679000000013730e+00,8.235800000000000409e+01,0.000000000000000000e+00,0.000000000000000000e+00,0.000000000000000000e+00,9.860715684801012459e-01
2.361000000000000210e+00,9.128999999999999559e+00,7.986359000000007313e+00,8.219599999999999795e+01,0.000000000000000000e+00,0.000000000000000000e+00,0.000000000000000000e+00,9.862891812694666305e-01
2.362000000000000099e+00,9.124000000000000554e+00,8.000623999999973535e+00,8.212399999999999523e+01,0.000000000000000000e+00,0.000000000000000000e+00,0.000000000000000000e+00,9.865055686560015857e-01
2.362999999999999989e+00,9.115999999999999659e+00,7.994544000000004758e+00,8.198000000000000398e+01,0.000000000000000000e+00,0.000000000000000000e+00,0.000000000000000000e+00,9.865049777226526651e-01
2.363999999999999879e+00,9.108999999999999986e+00,7.989118999999988091e+00,8.185399999999999920e+01,0.000000000000000000e+00,0.000000000000000000e+00,0.000000000000000000e+00,9.865032105705648924e-01
2.365000000000000213e+00,9.101000000000000867e+00,7.960798999999980197e+00,8.168800000000000239e+01,0.000000000000000000e+00,0.000000000000000000e+00,0.000000000000000000e+00,9.862341450588789638e-01
2.366000000000000103e+00,9.089999999999999858e+00,7.965900000000004866e+00,8.150400000000000489e+01,0.000000000000000000e+00,0.000000000000000000e+00,0.000000000000000000e+00,9.863956692698973017e-01
2.366999999999999993e+00,9.083999999999999631e+00,7.978944000000012693e+00,8.141400000000000148e+01,0.000000000000000000e+00,0.000000000000000000e+00,0.000000000000000000e+00,9.866084750169706874e-01
2.367999999999999883e+00,9.074999999999999289e+00,7.987375000000014325e+00,8.126800000000000068e+01,0.000000000000000000e+00,0.000000000000000000e+00,0.000000000000000000e+00,9.867935553885968103e-01
2.369000000000000217e+00,9.064000000000000057e+00,7.961903999999989878e+00,8.105400000000000205e+01,0.000000000000000000e+00,0.000000000000000000e+00,0.000000000000000000e+00,9.865853411535036033e-01
2.370000000000000107e+00,9.057000000000000384e+00,7.963751000000002023e+00,8.093600000000000705e+01,0.000000000000000000e+00,0.000000000000000000e+00,0.000000000000000000e+00,9.866724489943824450e-01
2.370999999999999996e+00,9.048000000000000043e+00,7.947696000000007643e+00,8.076600000000000534e+01,0.000000000000000000e+00,0.000000000000000000e+00,0.000000000000000000e+00,9.865597450203689167e-01
2.371999999999999886e+00,9.041000000000000369e+00,7.919318999999987341e+00,8.061799999999999500e+01,0.000000000000000000e+00,0.000000000000000000e+00,0.000000000000000000e+00,9.862773993453680665e-01
2.373000000000000220e+00,9.029999999999999361e+00,7.923100000000005139e+00,8.043399999999999750e+01,0.000000000000000000e+00,0.000000000000000000e+00,0.000000000000000000e+00,9.864252172835963339e-01
2.374000000000000110e+00,9.019999999999999574e+00,7.903599999999997294e+00,8.024399999999999977e+01,0.000000000000000000e+00,0.000000000000000000e+00,0.000000000000000000e+00,9.862783368813329288e-01
2.375000000000000000e+00,9.012999999999999901e+00,7.860831000000004565e+00,8.008199999999999363e+01,0.000000000000000000e+00,0.000000000000000000e+00,0.000000000000000000e+00,9.858166949427401571e-01
2.375999999999999890e+00,9.002000000000000668e+00,7.865995999999995547e+00,7.990000000000000568e+01,0.000000000000000000e+00,0.000000000000000000e+00,0.000000000000000000e+00,9.859814904002422997e-01
2.377000000000000224e+00,8.987999999999999545e+00,7.873856000000003519e+00,7.967000000000000171e+01,0.000000000000000000e+00,0.000000000000000000e+00,0.000000000000000000e+00,9.862083826746992354e-01
2.378000000000000114e+00,8.978999999999999204e+00,7.876559000000014521e+00,7.951999999999999602e+01,0.000000000000000000e+00,0.000000000000000000e+00,0.000000000000000000e+00,9.863258791680595827e-01
2.379000000000000004e+00,8.967999999999999972e+00,7.856976000000003069e+00,7.931399999999999295e+01,0.000000000000000000e+00,0.000000000000000000e+00,0.000000000000000000e+00,9.861855931805503239e-01
2.379999999999999893e+00,8.952999999999999403e+00,7.896791000000007443e+00,7.909999999999999432e+01,0.000000000000000000e+00,0.000000000000000000e+00,0.000000000000000000e+00,9.868231168467561654e-01
2.381000000000000227e+00,8.945999999999999730e+00,7.875084000000001083e+00,7.895999999999999375e+01,0.000000000000000000e+00,0.000000000000000000e+00,0.000000000000000000e+00,9.866187211951941149e-01
2.382000000000000117e+00,8.933999999999999275e+00,7.857644000000007622e+00,7.873999999999999488e+01,0.000000000000000000e+00,0.000000000000000000e+00,0.000000000000000000e+00,9.865145935752818174e-01
2.383000000000000007e+00,8.925000000000000711e+00,7.821374999999989086e+00,7.855200000000000671e+01,0.000000000000000000e+00,0.000000000000000000e+00,0.000000000000000000e+00,9.861450462537955097e-01
2.383999999999999897e+00,8.913000000000000256e+00,7.807430999999994015e+00,7.833599999999999852e+01,0.000000000000000000e+00,0.000000000000000000e+00,0.000000000000000000e+00,9.860832431444046531e-01
2.385000000000000231e+00,8.904999999999999361e+00,7.803975000000008322e+00,7.819799999999999329e+01,0.000000000000000000e+00,0.000000000000000000e+00,0.000000000000000000e+00,9.861155291631896747e-01
2.386000000000000121e+00,8.897000000000000242e+00,7.824391000000005647e+00,7.808400000000000318e+01,0.000000000000000000e+00,0.000000000000000000e+00,0.000000000000000000e+00,9.864495332284888285e-01
2.387000000000000011e+00,8.887000000000000455e+00,7.804230999999987262e+00,7.789600000000000080e+01,0.000000000000000000e+00,0.000000000000000000e+00,0.000000000000000000e+00,9.862903788738462962e-01
2.387999999999999901e+00,8.880000000000000782e+00,7.813599999999979673e+00,7.778799999999999670e+01,0.000000000000000000e+00,0.000000000000000000e+00,0.000000000000000000e+00,9.864763412060707504e-01
2.389000000000000234e+00,8.871000000000000441e+00,7.820358999999996286e+00,7.764400000000000546e+01,0.000000000000000000e+00,0.000000000000000000e+00,0.000000000000000000e+00,9.866491417122037477e-01
2.390000000000000124e+00,8.864000000000000767e+00,7.841503999999986263e+00,7.754800000000000182e+01,0.000000000000000000e+00,0.000000000000000000e+00,0.000000000000000000e+00,9.869862600841922129e-01
2.391000000000000014e+00,8.859999999999999432e+00,7.840400000000016689e+00,7.748000000000000398e+01,0.000000000000000000e+00,0.000000000000000000e+00,0.000000000000000000e+00,9.870113987841978576e-01
2.391999999999999904e+00,8.852999999999999758e+00,7.847391000000001782e+00,7.737000000000000455e+01,0.000000000000000000e+00,0.000000000000000000e+00,0.000000000000000000e+00,9.871693628562427936e-01
2.393000000000000238e+00,8.839999999999999858e+00,7.806399999999996453e+00,7.711199999999999477e+01,0.000000000000000000e+00,0.000000000000000000e+00,0.000000000000000000e+00,9.867734075878871192e-01
2.394000000000000128e+00,8.833999999999999631e+00,7.800444000000013034e+00,7.700600000000000023e+01,0.000000000000000000e+00,0.000000000000000000e+00,0.000000000000000000e+00,9.867559984580128729e-01
2.395000000000000018e+00,8.826000000000000512e+00,7.797723999999988109e+00,7.687000000000000455e+01,0.000000000000000000e+00,0.000000000000000000e+00,0.000000000000000000e+00,9.867997592141832808e-01
2.395999999999999908e+00,8.817000000000000171e+00,7.795510999999990531e+00,7.671800000000000352e+01,0.000000000000000000e+00,0.000000000000000000e+00,0.000000000000000000e+00,9.868601014344202671e-01
2.397000000000000242e+00,8.807000000000000384e+00,7.799750999999986334e+00,7.655599999999999739e+01,0.000000000000000000e+00,0.000000000000000000e+00,0.000000000000000000e+00,9.870138369268154355e-01
2.398000000000000131e+00,8.798999999999999488e+00,7.816599000000010733e+00,7.643999999999999773e+01,0.000000000000000000e+00,0.000000000000000000e+00,0.000000000000000000e+00,9.873111530085459941e-01
2.399000000000000021e+00,8.787000000000000810e+00,7.809630999999981782e+00,7.623399999999999466e+01,0.000000000000000000e+00,0.000000000000000000e+00,0.000000000000000000e+00,9.873416439488331697e-01
2.399999999999999911e+00,8.781000000000000583e+00,7.791038999999997827e+00,7.611599999999999966e+01,0.000000000000000000e+00,0.000000000000000000e+00,0.000000000000000000e+00,9.871610315575989336e-01
2.401000000000000245e+00,8.769000000000000128e+00,7.779639000000003080e+00,7.590600000000000591e+01,0.000000000000000000e+00,0.000000000000000000e+00,0.000000000000000000e+00,9.871336711716588441e-01
2.402000000000000135e+00,8.759999999999999787e+00,7.762399999999999523e+00,7.573999999999999488e+01,0.000000000000000000e+00,0.000000000000000000e+00,0.000000000000000000e+00,9.869998540480806604e-01
2.403000000000000025e+00,8.753999999999999559e+00,7.751484000000004926e+00,7.562999999999999545e+01,0.000000000000000000e+00,0.000000000000000000e+00,0.000000000000000000e+00,9.869178770014546132e-01
2.403999999999999915e+00,8.742000000000000881e+00,7.773435999999989576e+00,7.545399999999999352e+01,0.000000000000000000e+00,0.000000000000000000e+00,0.000000000000000000e+00,9.873262038159303922e-01
2.405000000000000249e+00,8.734999999999999432e+00,7.746775000000013733e+00,7.531199999999999761e+01,0.000000000000000000e+00,0.000000000000000000e+00,0.000000000000000000e+00,9.870482033309864178e-01
2.406000000000000139e+00,8.724999999999999645e+00,7.759374999999991473e+00,7.515999999999999659e+01,0.000000000000000000e+00,0.000000000000000000e+00,0.000000000000000000e+00,9.873153750790223393e-01
2.407000000000000028e+00,8.715999999999999304e+00,7.757344000000017559e+00,7.501000000000000512e+01,0.000000000000000000e+00,0.000000000000000000e+00,0.000000000000000000e+00,9.873809008810162657e-01
2.407999999999999918e+00,8.708000000000000185e+00,7.756735999999989417e+00,7.487800000000000011e+01,0.000000000000000000e+00,0.000000000000000000e+00,0.000000000000000000e+00,9.874551861666491792e-01
2.409000000000000252e+00,8.702999999999999403e+00,7.754791000000011536e+00,7.479399999999999693e+01,0.000000000000000000e+00,0.000000000000000000e+00,0.000000000000000000e+00,9.874811018516770345e-01
2.410000000000000142e+00,8.696999999999999176e+00,7.745191000000019699e+00,7.468600000000000705e+01,0.000000000000000000e+00,0.000000000000000000e+00,0.000000000000000000e+00,9.874162272468788304e-01
2.411000000000000032e+00,8.685000000000000497e+00,7.731774999999998954e+00,7.447599999999999909e+01,0.000000000000000000e+00,0.000000000000000000e+00,0.000000000000000000e+00,9.873626568481911336e-01
2.411999999999999922e+00,8.676000000000000156e+00,7.773024000000006595e+00,7.437000000000000455e+01,0.000000000000000000e+00,0.000000000000000000e+00,0.000000000000000000e+00,9.880039816680026288e-01
2.413000000000000256e+00,8.663000000000000256e+00,7.723430999999990831e+00,7.410800000000000409e+01,0.000000000000000000e+00,0.000000000000000000e+00,0.000000000000000000e+00,9.874803539605658820e-01
2.414000000000000146e+00,8.648999999999999133e+00,7.695799000000022261e+00,7.385200000000000387e+01,0.000000000000000000e+00,0.000000000000000000e+00,0.000000000000000000e+00,9.872575571316227760e-01
2.415000000000000036e+00,8.640000000000000568e+00,7.680399999999991678e+00,7.368999999999999773e+01,0.000000000000000000e+00,0.000000000000000000e+00,0.000000000000000000e+00,9.871452760630999856e-01
2.415999999999999925e+00,8.630000000000000782e+00,7.655099999999976035e+00,7.350199999999999534e+01,0.000000000000000000e+00,0.000000000000000000e+00,0.000000000000000000e+00,9.869100351921197278e-01
2.417000000000000259e+00,8.621999999999999886e+00,7.647116000000011127e+00,7.336400000000000432e+01,0.000000000000000000e+00,0.000000000000000000e+00,0.000000000000000000e+00,9.868859478708345012e-01
2.418000000000000149e+00,8.615999999999999659e+00,7.652544000000006008e+00,7.327200000000000557e+01,0.000000000000000000e+00,0.000000000000000000e+00,0.000000000000000000e+00,9.870216194267064092e-01
2.419000000000000039e+00,8.609999999999999432e+00,7.649900000000002365e+00,7.317199999999999704e+01,0.000000000000000000e+00,0.000000000000000000e+00,0.000000000000000000e+00,9.870487953261812830e-01
2.419999999999999929e+00,8.601000000000000867e+00,7.641798999999991793e+00,7.301800000000000068e+01,0.000000000000000000e+00,0.000000000000000000e+00,0.000000000000000000e+00,9.870338295172859100e-01
2.421000000000000263e+00,8.586999999999999744e+00,7.634431000000020617e+00,7.278400000000000603e+01,0.000000000000000000e+00,0.000000000000000000e+00,0.000000000000000000e+00,9.870814575058410867e-01
2.422000000000000153e+00,8.576000000000000512e+00,7.614223999999992998e+00,7.258599999999999852e+01,0.000000000000000000e+00,0.000000000000000000e+00,0.000000000000000000e+00,9.869231123997547206e-01
2.423000000000000043e+00,8.567000000000000171e+00,7.603511000000011677e+00,7.243000000000000682e+01,0.000000000000000000e+00,0.000000000000000000e+00,0.000000000000000000e+00,9.868722823628128804e-01
2.423999999999999932e+00,8.564000000000000057e+00,7.599904000000009319e+00,7.237800000000000011e+01,0.000000000000000000e+00,0.000000000000000000e+00,0.000000000000000000e+00,9.868548070946868700e-01
2.425000000000000266e+00,8.557999999999999829e+00,7.600636000000008607e+00,7.228199999999999648e+01,0.000000000000000000e+00,0.000000000000000000e+00,0.000000000000000000e+00,9.869282862696623360e-01
2.426000000000000156e+00,8.553000000000000824e+00,7.587190999999990026e+00,7.218800000000000239e+01,0.000000000000000000e+00,0.000000000000000000e+00,0.000000000000000000e+00,9.867975569119031842e-01
2.427000000000000046e+00,8.541000000000000369e+00,7.590318999999993821e+00,7.199800000000000466e+01,0.000000000000000000e+00,0.000000000000000000e+00,0.000000000000000000e+00,9.869678109738543315e-01
2.427999999999999936e+00,8.534000000000000696e+00,7.582843999999994367e+00,7.187800000000000011e+01,0.000000000000000000e+00,0.000000000000000000e+00,0.000000000000000000e+00,9.869399008276299456e-01
2.429000000000000270e+00,8.522999999999999687e+00,7.585470999999998298e+00,7.170399999999999352e+01,0.000000000000000000e+00,0.000000000000000000e+00,0.000000000000000000e+00,9.870937600996807504e-01
2.430000000000000160e+00,8.518000000000000682e+00,7.583675999999982764e+00,7.162199999999999989e+01,0.000000000000000000e+00,0.000000000000000000e+00,0.000000000000000000e+00,9.871227765067036586e-01
2.431000000000000050e+00,8.512000000000000455e+00,7.587855999999987944e+00,7.153000000000000114e+01,0.000000000000000000e+00,0.000000000000000000e+00,0.000000000000000000e+00,9.872451187885125101e-01
2.431999999999999940e+00,8.500999999999999446e+00,7.561999000000014348e+00,7.132800000000000296e+01,0.000000000000000000e+00,0.000000000000000000e+00,0.000000000000000000e+00,9.870065038398371238e-01
2.432999999999999829e+00,8.490000000000000213e+00,7.513899999999992474e+00,7.110399999999999920e+01,0.000000000000000000e+00,0.000000000000000000e+00,0.000000000000000000e+00,9.864581208960586656e-01
2.434000000000000163e+00,8.483000000000000540e+00,7.511710999999991145e+00,7.098999999999999488e+01,0.000000000000000000e+00,0.000000000000000000e+00,0.000000000000000000e+00,9.865026180951259605e-01
2.435000000000000053e+00,8.476000000000000867e+00,7.509423999999995658e+00,7.087600000000000477e+01,0.000000000000000000e+00,0.000000000000000000e+00,0.000000000000000000e+00,9.865459167277075281e-01
2.435999999999999943e+00,8.470000000000000639e+00,7.507099999999994111e+00,7.077800000000000580e+01,0.000000000000000000e+00,0.000000000000000000e+00,0.000000000000000000e+00,9.865780886495708613e-01
2.436999999999999833e+00,8.462999999999999190e+00,7.512630999999998949e+00,7.067199999999999704e+01,0.000000000000000000e+00,0.000000000000000000e+00,0.000000000000000000e+00,9.867308354461160613e-01
2.438000000000000167e+00,8.457000000000000739e+00,7.512150999999974488e+00,7.057599999999999341e+01,0.000000000000000000e+00,0.000000000000000000e+00,0.000000000000000000e+00,9.867891808722794034e-01
2.439000000000000057e+00,8.451000000000000512e+00,7.503598999999994135e+00,7.047199999999999420e+01,0.000000000000000000e+00,0.000000000000000000e+00,0.000000000000000000e+00,9.867346829190010160e-01
2.439999999999999947e+00,8.441000000000000725e+00,7.536518999999998414e+00,7.034600000000000364e+01,0.000000000000000000e+00,0.000000000000000000e+00,0.000000000000000000e+00,9.873056155227919461e-01
2.440999999999999837e+00,8.435999999999999943e+00,7.523904000000001702e+00,7.025400000000000489e+01,0.000000000000000000e+00,0.000000000000000000e+00,0.000000000000000000e+00,9.871835599918254989e-01
2.442000000000000171e+00,8.426999999999999602e+00,7.522671000000016761e+00,7.010999999999999943e+01,0.000000000000000000e+00,0.000000000000000000e+00,0.000000000000000000e+00,9.872655418598690336e-01
2.443000000000000060e+00,8.419999999999999929e+00,7.501599999999996271e+00,6.997799999999999443e+01,0.000000000000000000e+00,0.000000000000000000e+00,0.000000000000000000e+00,9.870458866740764448e-01
2.443999999999999950e+00,8.412000000000000810e+00,7.484256000000002018e+00,6.983400000000000318e+01,0.000000000000000000e+00,0.000000000000000000e+00,0.000000000000000000e+00,9.868891869030248509e-01
2.444999999999999840e+00,8.407999999999999474e+00,7.485536000000010404e+00,6.977200000000000557e+01,0.000000000000000000e+00,0.000000000000000000e+00,0.000000000000000000e+00,9.869513969297512013e-01
2.446000000000000174e+00,8.397999999999999687e+00,7.491596000000001254e+00,6.962000000000000455e+01,0.000000000000000000e+00,0.000000000000000000e+00,0.000000000000000000e+00,9.871480190596418902e-01
2.447000000000000064e+00,8.388999999999999346e+00,7.479679000000004407e+00,6.946599999999999397e+01,0.000000000000000000e+00,0.000000000000000000e+00,0.000000000000000000e+00,9.870789790074280257e-01
2.447999999999999954e+00,8.375999999999999446e+00,7.464624000000014803e+00,6.924599999999999511e+01,0.000000000000000000e+00,0.000000000000000000e+00,0.000000000000000000e+00,9.870095483616720955e-01
2.448999999999999844e+00,8.368999999999999773e+00,7.452838999999997327e+00,6.912399999999999523e+01,0.000000000000000000e+00,0.000000000000000000e+00,0.000000000000000000e+00,9.869194903763855997e-01
2.450000000000000178e+00,8.364000000000000767e+00,7.457503999999985922e+00,6.904999999999999716e+01,0.000000000000000000e+00,0.000000000000000000e+00,0.000000000000000000e+00,9.870420039334156792e-01
2.451000000000000068e+00,8.356999999999999318e+00,7.445551000000008912e+00,6.892799999999999727e+01,0.000000000000000000e+00,0.000000000000000000e+00,0.000000000000000000e+00,9.869493672551742369e-01
2.451999999999999957e+00,8.348000000000000753e+00,7.400895999999988817e+00,6.874200000000000443e+01,0.000000000000000000e+00,0.000000000000000000e+00,0.000000000000000000e+00,9.864095827663387217e-01
2.452999999999999847e+00,8.337999999999999190e+00,7.387756000000010204e+00,6.857200000000000273e+01,0.000000000000000000e+00,0.000000000000000000e+00,0.000000000000000000e+00,9.863317990713881267e-01
2.454000000000000181e+00,8.333000000000000185e+00,7.382110999999994760e+00,6.848799999999999955e+01,0.000000000000000000e+00,0.000000000000000000e+00,0.000000000000000000e+00,9.863061029101429789e-01
2.455000000000000071e+00,8.323999999999999844e+00,7.357024000000009778e+00,6.832200000000000273e+01,0.000000000000000000e+00,0.000000000000000000e+00,0.000000000000000000e+00,9.860443023432762244e-01
2.455999999999999961e+00,8.317999999999999616e+00,7.364876000000009526e+00,6.823600000000000421e+01,0.000000000000000000e+00,0.000000000000000000e+00,0.000000000000000000e+00,9.862243667082706278e-01
2.456999999999999851e+00,8.314000000000000057e+00,7.363403999999988514e+00,6.817199999999999704e+01,0.000000000000000000e+00,0.000000000000000000e+00,0.000000000000000000e+00,9.862476808596714051e-01
2.458000000000000185e+00,8.304000000000000270e+00,7.353583999999997900e+00,6.800600000000000023e+01,0.000000000000000000e+00,0.000000000000000000e+00,0.000000000000000000e+00,9.862171491047330152e-01
2.459000000000000075e+00,8.297000000000000597e+00,7.358790999999982319e+00,6.790200000000000102e+01,0.000000000000000000e+00,0.000000000000000000e+00,0.000000000000000000e+00,9.863712063977025934e-01
2.459999999999999964e+00,8.288000000000000256e+00,7.357056000000000040e+00,6.776000000000000512e+01,0.000000000000000000e+00,0.000000000000000000e+00,0.000000000000000000e+00,9.864473546905979662e-01
2.460999999999999854e+00,8.278999999999999915e+00,7.349158999999986008e+00,6.761199999999999477e+01,0.000000000000000000e+00,0.000000000000000000e+00,0.000000000000000000e+00,9.864339652038233153e-01
2.462000000000000188e+00,8.271000000000000796e+00,7.357558999999980642e+00,6.749599999999999511e+01,0.000000000000000000e+00,0.000000000000000000e+00,0.000000000000000000e+00,9.866474424195336157e-01
2.463000000000000078e+00,8.259999999999999787e+00,7.354400000000012483e+00,6.732200000000000273e+01,0.000000000000000000e+00,0.000000000000000000e+00,0.000000000000000000e+00,9.867267791919986930e-01
2.463999999999999968e+00,8.252000000000000668e+00,7.362495999999993046e+00,6.720600000000000307e+01,0.000000000000000000e+00,0.000000000000000000e+00,0.000000000000000000e+00,9.869374048542176592e-01
2.464999999999999858e+00,8.242000000000000881e+00,7.337435999999982528e+00,6.702599999999999625e+01,0.000000000000000000e+00,0.000000000000000000e+00,0.000000000000000000e+00,9.866839910235395417e-01
2.466000000000000192e+00,8.233999999999999986e+00,7.341244000000003211e+00,6.690600000000000591e+01,0.000000000000000000e+00,0.000000000000000000e+00,0.000000000000000000e+00,9.868322657719561519e-01
2.467000000000000082e+00,8.223000000000000753e+00,7.357270999999983019e+00,6.675199999999999534e+01,0.000000000000000000e+00,0.000000000000000000e+00,0.000000000000000000e+00,9.871967158198996506e-01
2.467999999999999972e+00,8.217000000000000526e+00,7.373910999999992555e+00,6.667600000000000193e+01,0.000000000000000000e+00,0.000000000000000000e+00,0.000000000000000000e+00,9.875133238246148748e-01
2.468999999999999861e+00,8.204000000000000625e+00,7.378383999999982734e+00,6.648000000000000398e+01,0.000000000000000000e+00,0.000000000000000000e+00,0.000000000000000000e+00,9.877333267405202788e-01
2.470000000000000195e+00,8.194000000000000838e+00,7.364363999999980592e+00,6.631199999999999761e+01,0.000000000000000000e+00,0.000000000000000000e+00,0.000000000000000000e+00,9.876434944182769238e-01
2.471000000000000085e+00,8.186999999999999389e+00,7.340031000000010408e+00,6.618000000000000682e+01,0.000000000000000000e+00,0.000000000000000000e+00,0.000000000000000000e+00,9.873637580120923074e-01
2.471999999999999975e+00,8.175000000000000711e+00,7.350374999999985448e+00,6.600600000000000023e+01,0.000000000000000000e+00,0.000000000000000000e+00,0.000000000000000000e+00,9.876609712987121092e-01
2.472999999999999865e+00,8.169999999999999929e+00,7.359100000000012187e+00,6.593800000000000239e+01,0.000000000000000000e+00,0.000000000000000000e+00,0.000000000000000000e+00,9.878514851930145779e-01
2.474000000000000199e+00,8.164999999999999147e+00,7.341774999999998386e+00,6.584399999999999409e+01,0.000000000000000000e+00,0.000000000000000000e+00,0.000000000000000000e+00,9.876517284167746213e-01
2.475000000000000089e+00,8.157999999999999474e+00,7.353036000000017225e+00,6.574800000000000466e+01,0.000000000000000000e+00,0.000000000000000000e+00,0.000000000000000000e+00,9.879049113424913653e-01
2.475999999999999979e+00,8.147000000000000242e+00,7.343390999999996893e+00,6.556999999999999318e+01,0.000000000000000000e+00,0.000000000000000000e+00,0.000000000000000000e+00,9.878926426917661319e-01
2.476999999999999869e+00,8.141000000000000014e+00,7.331119000000001051e+00,6.546599999999999397e+01,0.000000000000000000e+00,0.000000000000000000e+00,0.000000000000000000e+00,9.877801548952626076e-01
2.478000000000000203e+00,8.134999999999999787e+00,7.324775000000002478e+00,6.536799999999999500e+01,0.000000000000000000e+00,0.000000000000000000e+00,0.000000000000000000e+00,9.877569245775328355e-01
2.479000000000000092e+00,8.121999999999999886e+00,7.289116000000007034e+00,6.513400000000000034e+01,0.000000000000000000e+00,0.000000000000000000e+00,0.000000000000000000e+00,9.873742103689482352e-01
2.479999999999999982e+00,8.112999999999999545e+00,7.278231000000005224e+00,6.498600000000000421e+01,0.000000000000000000e+00,0.000000000000000000e+00,0.000000000000000000e+00,9.873175441022271626e-01
2.480999999999999872e+00,8.103999999999999204e+00,7.267184000000000310e+00,6.483799999999999386e+01,0.000000000000000000e+00,0.000000000000000000e+00,0.000000000000000000e+00,9.872581904150291576e-01
2.482000000000000206e+00,8.092000000000000526e+00,7.243535999999991759e+00,6.463200000000000500e+01,0.000000000000000000e+00,0.000000000000000000e+00,0.000000000000000000e+00,9.870424864429793166e-01
2.483000000000000096e+00,8.083999999999999631e+00,7.256944000000004280e+00,6.452400000000000091e+01,0.000000000000000000e+00,0.000000000000000000e+00,0.000000000000000000e+00,9.873444126136232679e-01
2.483999999999999986e+00,8.076999999999999957e+00,7.245071000000010031e+00,6.440600000000000591e+01,0.000000000000000000e+00,0.000000000000000000e+00,0.000000000000000000e+00,9.872477711547221757e-01
2.484999999999999876e+00,8.063000000000000611e+00,7.275030999999998471e+00,6.422400000000000375e+01,0.000000000000000000e+00,0.000000000000000000e+00,0.000000000000000000e+00,9.878796318259488451e-01
2.486000000000000210e+00,8.055999999999999162e+00,7.286864000000008446e+00,6.412999999999999545e+01,0.000000000000000000e+00,0.000000000000000000e+00,0.000000000000000000e+00,9.881487482360321595e-01
2.487000000000000099e+00,8.047000000000000597e+00,7.272790999999998007e+00,6.397999999999999687e+01,0.000000000000000000e+00,0.000000000000000000e+00,0.000000000000000000e+00,9.880438814409731041e-01
2.487999999999999989e+00,8.041999999999999815e+00,7.276236000000011472e+00,6.390800000000000125e+01,0.000000000000000000e+00,0.000000000000000000e+00,0.000000000000000000e+00,9.881595881755081967e-01
2.488999999999999879e+00,8.034000000000000696e+00,7.264843999999996527e+00,6.377600000000000335e+01,0.000000000000000000e+00,0.000000000000000000e+00,0.000000000000000000e+00,9.880834434732793659e-01
2.490000000000000213e+00,8.022999999999999687e+00,7.254471000000009440e+00,6.360000000000000142e+01,0.000000000000000000e+00,0.000000000000000000e+00,0.000000000000000000e+00,9.880604852722361109e-01
2.491000000000000103e+00,8.015000000000000568e+00,7.248774999999994861e+00,6.347399999999999665e+01,0.000000000000000000e+00,0.000000000000000000e+00,0.000000000000000000e+00,9.880725044160413306e-01
2.491999999999999993e+00,8.009000000000000341e+00,7.224918999999999869e+00,6.335999999999999943e+01,0.000000000000000000e+00,0.000000000000000000e+00,0.000000000000000000e+00,9.877762532758088687e-01
2.492999999999999883e+00,8.002000000000000668e+00,7.237995999999981223e+00,6.326800000000000068e+01,0.000000000000000000e+00,0.000000000000000000e+00,0.000000000000000000e+00,9.880684040437026638e-01
2.494000000000000217e+00,7.995000000000000107e+00,7.230974999999993713e+00,6.315599999999999881e+01,0.000000000000000000e+00,0.000000000000000000e+00,0.000000000000000000e+00,9.880471730103359551e-01
2.495000000000000107e+00,7.985000000000000320e+00,7.216774999999998386e+00,6.299199999999999733e+01,0.000000000000000000e+00,0.000000000000000000e+00,0.000000000000000000e+00,9.879513442745848639e-01
2.495999999999999996e+00,7.975999999999999979e+00,7.189423999999995374e+00,6.282999999999999829e+01,0.000000000000000000e+00,0.000000000000000000e+00,0.000000000000000000e+00,9.876356753309074588e-01
2.496999999999999886e+00,7.969999999999999751e+00,7.179100000000005366e+00,6.272999999999999687e+01,0.000000000000000000e+00,0.000000000000000000e+00,0.000000000000000000e+00,9.875489799420348325e-01
2.498000000000000220e+00,7.961000000000000298e+00,7.185479000000000838e+00,6.260199999999999676e+01,0.000000000000000000e+00,0.000000000000000000e+00,0.000000000000000000e+00,9.877634690066213752e-01
2.499000000000000110e+00,7.950000000000000178e+00,7.215500000000005798e+00,6.246800000000000352e+01,0.000000000000000000e+00,0.000000000000000000e+00,0.000000000000000000e+00,9.883786242632808250e-01
2.500000000000000000e+00,7.934000000000000163e+00,7.227643999999997959e+00,6.224199999999999733e+01,0.000000000000000000e+00,0.000000000000000000e+00,0.000000000000000000e+00,9.887788014670310099e-01
2.500999999999999890e+00,7.924999999999999822e+00,7.223374999999997215e+00,6.210399999999999920e+01,0.000000000000000000e+00,0.000000000000000000e+00,0.000000000000000000e+00,9.888286280090358149e-01
2.502000000000000224e+00,7.916000000000000369e+00,7.228943999999991377e+00,6.197599999999999909e+01,0.000000000000000000e+00,0.000000000000000000e+00,0.000000000000000000e+00,9.890357086957264343e-01
2.503000000000000114e+00,7.908999999999999808e+00,7.208719000000002097e+00,6.185199999999999676e+01,0.000000000000000000e+00,0.000000000000000000e+00,0.000000000000000000e+00,9.888048686825665623e-01
2.504000000000000004e+00,7.900999999999999801e+00,7.203199000000005014e+00,6.172800000000000153e+01,0.000000000000000000e+00,0.000000000000000000e+00,0.000000000000000000e+00,9.888219135546214567e-01
2.504999999999999893e+00,7.892999999999999794e+00,7.197551000000004251e+00,6.160399999999999920e+01,0.000000000000000000e+00,0.000000000000000000e+00,0.000000000000000000e+00,9.888369959740735959e-01
2.506000000000000227e+00,7.886000000000000121e+00,7.201003999999997518e+00,6.150399999999999778e+01,0.000000000000000000e+00,0.000000000000000000e+00,0.000000000000000000e+00,9.889852539185548519e-01
2.507000000000000117e+00,7.879999999999999893e+00,7.203600000000001558e+00,6.141799999999999926e+01,0.000000000000000000e+00,0.000000000000000000e+00,0.000000000000000000e+00,9.891069081913989036e-01
2.508000000000000007e+00,7.873999999999999666e+00,7.202124000000004855e+00,6.132800000000000296e+01,0.000000000000000000e+00,0.000000000000000000e+00,0.000000000000000000e+00,9.891632686491180770e-01
2.508999999999999897e+00,7.868999999999999773e+00,7.183838999999991870e+00,6.123599999999999710e+01,0.000000000000000000e+00,0.000000000000000000e+00,0.000000000000000000e+00,9.889349458418584815e-01
2.510000000000000231e+00,7.857999999999999652e+00,7.189836000000006777e+00,6.107999999999999829e+01,0.000000000000000000e+00,0.000000000000000000e+00,0.000000000000000000e+00,9.891792086320170263e-01
2.511000000000000121e+00,7.850999999999999979e+00,7.162798999999999694e+00,6.095000000000000284e+01,0.000000000000000000e+00,0.000000000000000000e+00,0.000000000000000000e+00,9.888348298809045422e-01
2.512000000000000011e+00,7.841999999999999638e+00,7.173036000000010404e+00,6.082800000000000296e+01,0.000000000000000000e+00,0.000000000000000000e+00,0.000000000000000000e+00,9.891219995835893730e-01
2.512999999999999901e+00,7.833999999999999631e+00,7.168444000000015137e+00,6.070600000000000307e+01,0.000000000000000000e+00,0.000000000000000000e+00,0.000000000000000000e+00,9.891553018469991798e-01
2.514000000000000234e+00,7.828000000000000291e+00,7.160415999999997894e+00,6.060999999999999943e+01,0.000000000000000000e+00,0.000000000000000000e+00,0.000000000000000000e+00,9.891055757028539563e-01
2.515000000000000124e+00,7.818999999999999950e+00,7.162238999999992473e+00,6.047999999999999687e+01,0.000000000000000000e+00,0.000000000000000000e+00,0.000000000000000000e+00,9.892575107143801727e-01
2.516000000000000014e+00,7.815000000000000391e+00,7.154774999999993668e+00,6.041400000000000148e+01,0.000000000000000000e+00,0.000000000000000000e+00,0.000000000000000000e+00,9.891897932392920145e-01
2.516999999999999904e+00,7.802999999999999936e+00,7.160190999999997530e+00,6.024399999999999977e+01,0.000000000000000000e+00,0.000000000000000000e+00,0.000000000000000000e+00,9.894425572540679337e-01
2.518000000000000238e+00,7.794999999999999929e+00,7.156974999999995646e+00,6.012400000000000233e+01,0.000000000000000000e+00,0.000000000000000000e+00,0.000000000000000000e+00,9.894996093365880929e-01
2.519000000000000128e+00,7.785999999999999588e+00,7.172204000000000690e+00,6.000800000000000267e+01,0.000000000000000000e+00,0.000000000000000000e+00,0.000000000000000000e+00,9.898749947956013706e-01
2.520000000000000018e+00,7.774000000000000021e+00,7.164923999999992077e+00,5.982600000000000051e+01,0.000000000000000000e+00,0.000000000000000000e+00,0.000000000000000000e+00,9.899218129551122791e-01
2.520999999999999908e+00,7.769000000000000128e+00,7.145638999999995633e+00,5.973400000000000176e+01,0.000000000000000000e+00,0.000000000000000000e+00,0.000000000000000000e+00,9.896721627706684954e-01
2.522000000000000242e+00,7.761000000000000121e+00,7.137878999999990981e+00,5.960999999999999943e+01,0.000000000000000000e+00,0.000000000000000000e+00,0.000000000000000000e+00,9.896548445497286295e-01
2.523000000000000131e+00,7.756999999999999673e+00,7.113951000000000136e+00,5.952799999999999869e+01,0.000000000000000000e+00,0.000000000000000000e+00,0.000000000000000000e+00,9.893129833917304605e-01
2.524000000000000021e+00,7.746999999999999886e+00,7.092991000000012036e+00,5.936200000000000188e+01,0.000000000000000000e+00,0.000000000000000000e+00,0.000000000000000000e+00,9.891027575659021576e-01
2.524999999999999911e+00,7.738999999999999879e+00,7.058879000000011672e+00,5.921200000000000330e+01,0.000000000000000000e+00,0.000000000000000000e+00,0.000000000000000000e+00,9.886442325193326441e-01
2.526000000000000245e+00,7.729000000000000092e+00,7.031559000000001447e+00,5.903999999999999915e+01,0.000000000000000000e+00,0.000000000000000000e+00,0.000000000000000000e+00,9.883248932608277304e-01
2.527000000000000135e+00,7.719000000000000306e+00,7.024038999999994815e+00,5.888799999999999812e+01,0.000000000000000000e+00,0.000000000000000000e+00,0.000000000000000000e+00,9.883362459948910050e-01
2.528000000000000025e+00,7.708999999999999631e+00,7.038319000000001324e+00,5.875800000000000267e+01,0.000000000000000000e+00,0.000000000000000000e+00,0.000000000000000000e+00,9.887145232114440407e-01
2.528999999999999915e+00,7.706000000000000405e+00,7.021563999999990813e+00,5.869800000000000040e+01,0.000000000000000000e+00,0.000000000000000000e+00,0.000000000000000000e+00,9.884741003215158361e-01
2.530000000000000249e+00,7.693999999999999950e+00,7.034364000000003614e+00,5.853799999999999670e+01,0.000000000000000000e+00,0.000000000000000000e+00,0.000000000000000000e+00,9.888570550351031274e-01
2.531000000000000139e+00,7.684000000000000163e+00,7.022143999999997277e+00,5.838199999999999790e+01,0.000000000000000000e+00,0.000000000000000000e+00,0.000000000000000000e+00,9.887904340123042646e-01
2.532000000000000028e+00,7.674999999999999822e+00,7.029375000000001705e+00,5.825999999999999801e+01,0.000000000000000000e+00,0.000000000000000000e+00,0.000000000000000000e+00,9.890396715084509571e-01
2.532999999999999918e+00,7.668000000000000149e+00,7.033776000000003137e+00,5.816400000000000148e+01,0.000000000000000000e+00,0.000000000000000000e+00,0.000000000000000000e+00,9.892135517562570257e-01
2.534000000000000252e+00,7.663999999999999702e+00,7.015104000000000894e+00,5.808800000000000097e+01,0.000000000000000000e+00,0.000000000000000000e+00,0.000000000000000000e+00,9.889524975919736782e-01
2.535000000000000142e+00,7.652999999999999581e+00,6.984591000000001770e+00,5.789999999999999858e+01,0.000000000000000000e+00,0.000000000000000000e+00,0.000000000000000000e+00,9.885875506708745597e-01
2.536000000000000032e+00,7.649000000000000021e+00,6.967798999999992304e+00,5.782600000000000051e+01,0.000000000000000000e+00,0.000000000000000000e+00,0.000000000000000000e+00,9.883569716486693135e-01
2.536999999999999922e+00,7.642999999999999794e+00,6.951550999999994929e+00,5.772399999999999665e+01,0.000000000000000000e+00,0.000000000000000000e+00,0.000000000000000000e+00,9.881632511289950571e-01
2.538000000000000256e+00,7.634000000000000341e+00,6.938044000000004985e+00,5.758200000000000074e+01,0.000000000000000000e+00,0.000000000000000000e+00,0.000000000000000000e+00,9.880579888560263591e-01
2.539000000000000146e+00,7.625000000000000000e+00,6.914375000000006821e+00,5.742999999999999972e+01,0.000000000000000000e+00,0.000000000000000000e+00,0.000000000000000000e+00,9.877774791722655490e-01
2.540000000000000036e+00,7.618000000000000327e+00,6.926075999999987687e+00,5.734199999999999875e+01,0.000000000000000000e+00,0.000000000000000000e+00,0.000000000000000000e+00,9.880772494377597637e-01
2.540999999999999925e+00,7.610000000000000320e+00,6.917899999999995941e+00,5.721999999999999886e+01,0.000000000000000000e+00,0.000000000000000000e+00,0.000000000000000000e+00,9.880491296292138736e-01
2.542000000000000259e+00,7.604000000000000092e+00,6.911183999999998662e+00,5.712800000000000011e+01,0.000000000000000000e+00,0.000000000000000000e+00,0.000000000000000000e+00,9.880178792357410256e-01
2.543000000000000149e+00,7.596000000000000085e+00,6.894783999999994251e+00,5.699799999999999756e+01,0.000000000000000000e+00,0.000000000000000000e+00,0.000000000000000000e+00,9.878470445768274821e-01
2.544000000000000039e+00,7.591000000000000192e+00,6.881718999999989705e+00,5.691400000000000148e+01,0.000000000000000000e+00,0.000000000000000000e+00,0.000000000000000000e+00,9.876910688233805358e-01
2.544999999999999929e+00,7.583999999999999631e+00,6.872944000000003939e+00,5.680599999999999739e+01,0.000000000000000000e+00,0.000000000000000000e+00,0.000000000000000000e+00,9.876374757428474371e-01
2.546000000000000263e+00,7.580000000000000071e+00,6.867599999999995930e+00,5.674399999999999977e+01,0.000000000000000000e+00,0.000000000000000000e+00,0.000000000000000000e+00,9.876010331312090607e-01
2.547000000000000153e+00,7.573999999999999844e+00,6.836523999999997159e+00,5.662800000000000011e+01,0.000000000000000000e+00,0.000000000000000000e+00,0.000000000000000000e+00,9.871442538017116686e-01
2.548000000000000043e+00,7.568999999999999950e+00,6.835239000000001397e+00,5.655599999999999739e+01,0.000000000000000000e+00,0.000000000000000000e+00,0.000000000000000000e+00,9.871921092496790395e-01
2.548999999999999932e+00,7.559000000000000163e+00,6.826518999999990456e+00,5.640599999999999881e+01,0.000000000000000000e+00,0.000000000000000000e+00,0.000000000000000000e+00,9.871806007583574516e-01
2.550000000000000266e+00,7.557000000000000384e+00,6.822750999999996679e+00,5.637400000000000233e+01,0.000000000000000000e+00,0.000000000000000000e+00,0.000000000000000000e+00,9.871428556669631371e-01
2.551000000000000156e+00,7.551999999999999602e+00,6.821296000000003801e+00,5.630199999999999960e+01,0.000000000000000000e+00,0.000000000000000000e+00,0.000000000000000000e+00,9.871879825301638212e-01
2.552000000000000046e+00,7.548000000000000043e+00,6.809696000000002414e+00,5.623400000000000176e+01,0.000000000000000000e+00,0.000000000000000000e+00,0.000000000000000000e+00,9.870410015364659007e-01
2.552999999999999936e+00,7.538999999999999702e+00,6.816479000000001065e+00,5.611399999999999721e+01,0.000000000000000000e+00,0.000000000000000000e+00,0.000000000000000000e+00,9.872877335331625703e-01
2.554000000000000270e+00,7.533000000000000362e+00,6.824910999999993066e+00,5.603799999999999670e+01,0.000000000000000000e+00,0.000000000000000000e+00,0.000000000000000000e+00,9.875218008416402071e-01
2.555000000000000160e+00,7.525000000000000355e+00,6.811374999999991076e+00,5.591199999999999903e+01,0.000000000000000000e+00,0.000000000000000000e+00,0.000000000000000000e+00,9.873974900939281873e-01
2.556000000000000050e+00,7.519000000000000128e+00,6.803638999999996884e+00,5.582000000000000028e+01,0.000000000000000000e+00,0.000000000000000000e+00,0.000000000000000000e+00,9.873466625604460090e-01
2.556999999999999940e+00,7.509000000000000341e+00,6.811918999999996061e+00,5.568800000000000239e+01,0.000000000000000000e+00,0.000000000000000000e+00,0.000000000000000000e+00,9.876371375612637005e-01
2.558000000000000274e+00,7.501999999999999780e+00,6.779996000000004130e+00,5.555799999999999983e+01,0.000000000000000000e+00,0.000000000000000000e+00,0.000000000000000000e+00,9.871712162635951637e-01
2.559000000000000163e+00,7.498000000000000220e+00,6.765995999999994126e+00,5.548799999999999955e+01,0.000000000000000000e+00,0.000000000000000000e+00,0.000000000000000000e+00,9.869796522960047058e-01
2.560000000000000053e+00,7.487000000000000099e+00,6.757831000000003030e+00,5.532600000000000051e+01,0.000000000000000000e+00,0.000000000000000000e+00,0.000000000000000000e+00,9.869919400296518486e-01
2.560999999999999943e+00,7.477999999999999758e+00,6.759516000000004965e+00,5.520199999999999818e+01,0.000000000000000000e+00,0.000000000000000000e+00,0.000000000000000000e+00,9.871516848816974665e-01
2.561999999999999833e+00,7.474000000000000199e+00,6.765323999999999671e+00,5.515200000000000102e+01,0.000000000000000000e+00,0.000000000000000000e+00,0.000000000000000000e+00,9.873135083435079506e-01
2.563000000000000167e+00,7.466999999999999638e+00,6.738911000000001650e+00,5.502799999999999869e+01,0.000000000000000000e+00,0.000000000000000000e+00,0.000000000000000000e+00,9.869415338654761172e-01
2.564000000000000057e+00,7.455000000000000071e+00,6.739975000000001160e+00,5.486200000000000188e+01,0.000000000000000000e+00,0.000000000000000000e+00,0.000000000000000000e+00,9.871345218640257269e-01
2.564999999999999947e+00,7.448999999999999844e+00,6.739398999999998807e+00,5.477799999999999869e+01,0.000000000000000000e+00,0.000000000000000000e+00,0.000000000000000000e+00,9.872115393851682574e-01
2.565999999999999837e+00,7.437999999999999723e+00,6.718156000000007566e+00,5.460399999999999920e+01,0.000000000000000000e+00,0.000000000000000000e+00,0.000000000000000000e+00,9.869885396972778446e-01
2.567000000000000171e+00,7.429999999999999716e+00,6.687100000000008038e+00,5.446200000000000330e+01,0.000000000000000000e+00,0.000000000000000000e+00,0.000000000000000000e+00,9.865428612315212398e-01
2.568000000000000060e+00,7.423000000000000043e+00,6.696071000000003437e+00,5.437400000000000233e+01,0.000000000000000000e+00,0.000000000000000000e+00,0.000000000000000000e+00,9.868073186207078074e-01
2.568999999999999950e+00,7.413000000000000256e+00,6.674430999999991343e+00,5.421399999999999864e+01,0.000000000000000000e+00,0.000000000000000000e+00,0.000000000000000000e+00,9.865598822140597690e-01
2.569999999999999840e+00,7.408999999999999808e+00,6.679719000000005735e+00,5.416400000000000148e+01,0.000000000000000000e+00,0.000000000000000000e+00,0.000000000000000000e+00,9.867145671252554040e-01
2.571000000000000174e+00,7.402999999999999581e+00,6.664591000000008592e+00,5.406600000000000250e+01,0.000000000000000000e+00,0.000000000000000000e+00,0.000000000000000000e+00,9.865264672409843616e-01
2.572000000000000064e+00,7.395999999999999908e+00,6.669184000000001333e+00,5.397399999999999665e+01,0.000000000000000000e+00,0.000000000000000000e+00,0.000000000000000000e+00,9.867128855993665404e-01
2.572999999999999954e+00,7.387999999999999901e+00,6.679456000000001836e+00,5.387400000000000233e+01,0.000000000000000000e+00,0.000000000000000000e+00,0.000000000000000000e+00,9.870188535001227503e-01
2.573999999999999844e+00,7.383000000000000007e+00,6.674311000000002991e+00,5.379999999999999716e+01,0.000000000000000000e+00,0.000000000000000000e+00,0.000000000000000000e+00,9.869986049380127247e-01
2.575000000000000178e+00,7.375000000000000000e+00,6.662374999999997272e+00,5.367799999999999727e+01,0.000000000000000000e+00,0.000000000000000000e+00,0.000000000000000000e+00,9.868980178109738599e-01
2.576000000000000068e+00,7.368999999999999773e+00,6.640838999999999714e+00,5.357399999999999807e+01,0.000000000000000000e+00,0.000000000000000000e+00,0.000000000000000000e+00,9.865905704931338116e-01
2.576999999999999957e+00,7.362000000000000099e+00,6.652956000000003201e+00,5.349000000000000199e+01,0.000000000000000000e+00,0.000000000000000000e+00,0.000000000000000000e+00,9.869177766308940836e-01
2.577999999999999847e+00,7.354000000000000092e+00,6.642683999999995592e+00,5.336999999999999744e+01,0.000000000000000000e+00,0.000000000000000000e+00,0.000000000000000000e+00,9.868472875179293835e-01
2.579000000000000181e+00,7.346000000000000085e+00,6.632284000000005619e+00,5.325000000000000000e+01,0.000000000000000000e+00,0.000000000000000000e+00,0.000000000000000000e+00,9.867741502456947034e-01
2.580000000000000071e+00,7.336999999999999744e+00,6.619430999999998733e+00,5.311399999999999721e+01,0.000000000000000000e+00,0.000000000000000000e+00,0.000000000000000000e+00,9.866701080178436056e-01
2.580999999999999961e+00,7.328999999999999737e+00,6.604759000000008484e+00,5.299000000000000199e+01,0.000000000000000000e+00,0.000000000000000000e+00,0.000000000000000000e+00,9.865167786695525631e-01
2.581999999999999851e+00,7.317000000000000171e+00,6.598510999999994908e+00,5.282000000000000028e+01,0.000000000000000000e+00,0.000000000000000000e+00,0.000000000000000000e+00,9.865799537226386251e-01
2.583000000000000185e+00,7.307000000000000384e+00,6.598750999999992928e+00,5.268399999999999750e+01,0.000000000000000000e+00,0.000000000000000000e+00,0.000000000000000000e+00,9.867349846978723527e-01
2.584000000000000075e+00,7.298000000000000043e+00,6.607196000000001845e+00,5.257000000000000028e+01,0.000000000000000000e+00,0.000000000000000000e+00,0.000000000000000000e+00,9.870297864823820433e-01
2.584999999999999964e+00,7.291000000000000369e+00,6.606318999999992059e+00,5.247399999999999665e+01,0.000000000000000000e+00,0.000000000000000000e+00,0.000000000000000000e+00,9.871200528846828526e-01
2.585999999999999854e+00,7.280999999999999694e+00,6.598038999999999987e+00,5.232999999999999829e+01,0.000000000000000000e+00,0.000000000000000000e+00,0.000000000000000000e+00,9.871170938744583401e-01
2.587000000000000188e+00,7.270999999999999908e+00,6.583559000000001049e+00,5.217999999999999972e+01,0.000000000000000000e+00,0.000000000000000000e+00,0.000000000000000000e+00,9.869968928513108697e-01
2.588000000000000078e+00,7.261999999999999567e+00,6.603356000000012216e+00,5.207800000000000296e+01,0.000000000000000000e+00,0.000000000000000000e+00,0.000000000000000000e+00,9.875106955990603508e-01
2.588999999999999968e+00,7.253000000000000114e+00,6.586990999999997598e+00,5.193999999999999773e+01,0.000000000000000000e+00,0.000000000000000000e+00,0.000000000000000000e+00,9.873396782485437395e-01
2.589999999999999858e+00,7.240999999999999659e+00,6.556919000000000608e+00,5.174799999999999756e+01,0.000000000000000000e+00,0.000000000000000000e+00,0.000000000000000000e+00,9.869530068814167389e-01
2.591000000000000192e+00,7.233999999999999986e+00,6.557244000000004291e+00,5.165400000000000347e+01,0.000000000000000000e+00,0.000000000000000000e+00,0.000000000000000000e+00,9.870677197936907898e-01
2.592000000000000082e+00,7.230999999999999872e+00,6.547639000000003762e+00,5.160399999999999920e+01,0.000000000000000000e+00,0.000000000000000000e+00,0.000000000000000000e+00,9.869306657109736536e-01
2.592999999999999972e+00,7.222000000000000419e+00,6.542715999999998644e+00,5.147800000000000153e+01,0.000000000000000000e+00,0.000000000000000000e+00,0.000000000000000000e+00,9.869762390234889660e-01
2.593999999999999861e+00,7.216999999999999638e+00,6.563911000000004492e+00,5.143200000000000216e+01,0.000000000000000000e+00,0.000000000000000000e+00,0.000000000000000000e+00,9.874611138708048186e-01
2.595000000000000195e+00,7.208999999999999631e+00,6.539319000000006099e+00,5.129999999999999716e+01,0.000000000000000000e+00,0.000000000000000000e+00,0.000000000000000000e+00,9.871140059528170640e-01
2.596000000000000085e+00,7.206000000000000405e+00,6.533563999999998373e+00,5.125399999999999778e+01,0.000000000000000000e+00,0.000000000000000000e+00,0.000000000000000000e+00,9.870502185052715260e-01
2.596999999999999975e+00,7.200999999999999623e+00,6.530599000000002263e+00,5.118399999999999750e+01,0.000000000000000000e+00,0.000000000000000000e+00,0.000000000000000000e+00,9.870714734512120447e-01
2.597999999999999865e+00,7.195000000000000284e+00,6.536974999999998204e+00,5.110999999999999943e+01,0.000000000000000000e+00,0.000000000000000000e+00,0.000000000000000000e+00,9.872889684317683878e-01
2.599000000000000199e+00,7.184999999999999609e+00,6.554775000000006457e+00,5.099399999999999977e+01,0.000000000000000000e+00,0.000000000000000000e+00,0.000000000000000000e+00,9.877920685492131980e-01
2.600000000000000089e+00,7.177999999999999936e+00,6.552316000000004692e+00,5.089800000000000324e+01,0.000000000000000000e+00,0.000000000000000000e+00,0.000000000000000000e+00,9.878563807665617924e-01
2.600999999999999979e+00,7.169999999999999929e+00,6.547100000000007469e+00,5.078600000000000136e+01,0.000000000000000000e+00,0.000000000000000000e+00,0.000000000000000000e+00,9.878834209640744435e-01
2.601999999999999869e+00,7.161999999999999922e+00,6.525756000000001222e+00,5.065800000000000125e+01,0.000000000000000000e+00,0.000000000000000000e+00,0.000000000000000000e+00,9.875961911047953512e-01
2.603000000000000203e+00,7.157000000000000028e+00,6.524351000000002898e+00,5.059000000000000341e+01,0.000000000000000000e+00,0.000000000000000000e+00,0.000000000000000000e+00,9.876490378309018547e-01
2.604000000000000092e+00,7.152000000000000135e+00,6.512895999999997798e+00,5.051200000000000045e+01,0.000000000000000000e+00,0.000000000000000000e+00,0.000000000000000000e+00,9.875055678172653950e-01
2.604999999999999982e+00,7.142000000000000348e+00,6.539835999999993987e+00,5.040599999999999881e+01,0.000000000000000000e+00,0.000000000000000000e+00,0.000000000000000000e+00,9.881947525105979624e-01
2.605999999999999872e+00,7.128999999999999559e+00,6.538359000000006915e+00,5.023199999999999932e+01,0.000000000000000000e+00,0.000000000000000000e+00,0.000000000000000000e+00,9.883783882856462810e-01
2.607000000000000206e+00,7.126999999999999780e+00,6.528871000000002311e+00,5.019599999999999795e+01,0.000000000000000000e+00,0.000000000000000000e+00,0.000000000000000000e+00,9.882244461756594101e-01
2.608000000000000096e+00,7.116999999999999993e+00,6.529310999999999865e+00,5.006400000000000006e+01,0.000000000000000000e+00,0.000000000000000000e+00,0.000000000000000000e+00,9.883974451473869216e-01
2.608999999999999986e+00,7.107000000000000206e+00,6.527550999999995440e+00,4.992999999999999972e+01,0.000000000000000000e+00,0.000000000000000000e+00,0.000000000000000000e+00,9.885279089067076086e-01
2.609999999999999876e+00,7.097999999999999865e+00,6.514396000000004960e+00,4.979800000000000182e+01,0.000000000000000000e+00,0.000000000000000000e+00,0.000000000000000000e+00,9.884163275150986694e-01
2.611000000000000210e+00,7.091999999999999638e+00,6.503536000000003980e+00,4.970799999999999841e+01,0.000000000000000000e+00,0.000000000000000000e+00,0.000000000000000000e+00,9.883000920303265380e-01
2.612000000000000099e+00,7.083999999999999631e+00,6.464944000000002688e+00,4.956400000000000006e+01,0.000000000000000000e+00,0.000000000000000000e+00,0.000000000000000000e+00,9.876640434173639127e-01
2.612999999999999989e+00,7.078999999999999737e+00,6.476759000000001265e+00,4.950999999999999801e+01,0.000000000000000000e+00,0.000000000000000000e+00,0.000000000000000000e+00,9.879821578923201342e-01
2.613999999999999879e+00,7.072000000000000064e+00,6.460816000000001225e+00,4.940200000000000102e+01,0.000000000000000000e+00,0.000000000000000000e+00,0.000000000000000000e+00,9.877795422902888589e-01
2.615000000000000213e+00,7.067999999999999616e+00,6.449376000000000886e+00,4.933800000000000097e+01,0.000000000000000000e+00,0.000000000000000000e+00,0.000000000000000000e+00,9.876167773066490962e-01
2.616000000000000103e+00,7.059999999999999609e+00,6.456400000000009243e+00,4.924000000000000199e+01,0.000000000000000000e+00,0.000000000000000000e+00,0.000000000000000000e+00,9.878901202962869776e-01
2.616999999999999993e+00,7.054999999999999716e+00,6.461975000000002467e+00,4.917999999999999972e+01,0.000000000000000000e+00,0.000000000000000000e+00,0.000000000000000000e+00,9.880854137356530620e-01
2.617999999999999883e+00,7.051999999999999602e+00,6.451296000000006359e+00,4.913000000000000256e+01,0.000000000000000000e+00,0.000000000000000000e+00,0.000000000000000000e+00,9.879208627330111625e-01
2.619000000000000217e+00,7.043999999999999595e+00,6.436064000000001784e+00,4.900999999999999801e+01,0.000000000000000000e+00,0.000000000000000000e+00,0.000000000000000000e+00,9.877476564119879177e-01
2.620000000000000107e+00,7.038000000000000256e+00,6.430555999999995720e+00,4.892600000000000193e+01,0.000000000000000000e+00,0.000000000000000000e+00,0.000000000000000000e+00,9.877366895788630696e-01
2.620999999999999996e+00,7.033000000000000362e+00,6.447910999999997728e+00,4.887800000000000011e+01,0.000000000000000000e+00,0.000000000000000000e+00,0.000000000000000000e+00,9.881711997404770687e-01
2.621999999999999886e+00,7.027000000000000135e+00,6.440271000000002743e+00,4.879200000000000159e+01,0.000000000000000000e+00,0.000000000000000000e+00,0.000000000000000000e+00,9.881177784061635494e-01
2.623000000000000220e+00,7.019000000000000128e+00,6.408638999999993757e+00,4.865599999999999881e+01,0.000000000000000000e+00,0.000000000000000000e+00,0.000000000000000000e+00,9.876109989126250488e-01
2.624000000000000110e+00,7.014000000000000234e+00,6.395804000000005374e+00,4.857800000000000296e+01,0.000000000000000000e+00,0.000000000000000000e+00,0.000000000000000000e+00,9.874340690894068961e-01
2.625000000000000000e+00,7.008000000000000007e+00,6.393936000000003617e+00,4.849799999999999756e+01,0.000000000000000000e+00,0.000000000000000000e+00,0.000000000000000000e+00,9.874966769875523909e-01
2.625999999999999890e+00,7.001000000000000334e+00,6.376998999999990758e+00,4.839000000000000057e+01,0.000000000000000000e+00,0.000000000000000000e+00,0.000000000000000000e+00,9.872689234245536349e-01
2.627000000000000224e+00,6.991999999999999993e+00,6.387935999999996284e+00,4.828399999999999892e+01,0.000000000000000000e+00,0.000000000000000000e+00,0.000000000000000000e+00,9.876439369740638297e-01
2.628000000000000114e+00,6.985999999999999766e+00,6.379804000000000030e+00,4.819800000000000040e+01,0.000000000000000000e+00,0.000000000000000000e+00,0.000000000000000000e+00,9.875790188204309761e-01
2.629000000000000004e+00,6.977000000000000313e+00,6.358471000000001538e+00,4.806000000000000227e+01,0.000000000000000000e+00,0.000000000000000000e+00,0.000000000000000000e+00,9.872935971421814561e-01
2.629999999999999893e+00,6.966000000000000192e+00,6.342843999999999482e+00,4.790200000000000102e+01,0.000000000000000000e+00,0.000000000000000000e+00,0.000000000000000000e+00,9.871580835309421431e-01
2.631000000000000227e+00,6.961000000000000298e+00,6.341478999999992539e+00,4.783599999999999852e+01,0.000000000000000000e+00,0.000000000000000000e+00,0.000000000000000000e+00,9.872146457779288342e-01
2.632000000000000117e+00,6.953999999999999737e+00,6.333884000000004733e+00,4.773799999999999955e+01,0.000000000000000000e+00,0.000000000000000000e+00,0.000000000000000000e+00,9.871765889308012909e-01
2.633000000000000007e+00,6.947000000000000064e+00,6.344191000000002134e+00,4.765800000000000125e+01,0.000000000000000000e+00,0.000000000000000000e+00,0.000000000000000000e+00,9.875093473878566730e-01
2.633999999999999897e+00,6.940000000000000391e+00,6.336399999999997590e+00,4.756000000000000227e+01,0.000000000000000000e+00,0.000000000000000000e+00,0.000000000000000000e+00,9.874677142074097524e-01
2.635000000000000231e+00,6.932000000000000384e+00,6.285375999999992302e+00,4.740599999999999881e+01,0.000000000000000000e+00,0.000000000000000000e+00,0.000000000000000000e+00,9.865434195643507653e-01
2.636000000000000121e+00,6.924999999999999822e+00,6.289374999999999716e+00,4.732000000000000028e+01,0.000000000000000000e+00,0.000000000000000000e+00,0.000000000000000000e+00,9.867455590454717873e-01
2.637000000000000011e+00,6.913999999999999702e+00,6.270603999999998734e+00,4.715999999999999659e+01,0.000000000000000000e+00,0.000000000000000000e+00,0.000000000000000000e+00,9.865407888594357466e-01
2.637999999999999901e+00,6.908000000000000362e+00,6.253535999999996875e+00,4.706600000000000250e+01,0.000000000000000000e+00,0.000000000000000000e+00,0.000000000000000000e+00,9.862854644498006973e-01
2.639000000000000234e+00,6.897999999999999687e+00,6.219596000000009894e+00,4.690400000000000347e+01,0.000000000000000000e+00,0.000000000000000000e+00,0.000000000000000000e+00,9.857425446599966667e-01
2.640000000000000124e+00,6.891000000000000014e+00,6.221119000000001620e+00,4.681600000000000250e+01,0.000000000000000000e+00,0.000000000000000000e+00,0.000000000000000000e+00,9.858930489254269514e-01
2.641000000000000014e+00,6.886999999999999567e+00,6.220231000000012500e+00,4.676400000000000290e+01,0.000000000000000000e+00,0.000000000000000000e+00,0.000000000000000000e+00,9.859422688255383704e-01
2.641999999999999904e+00,6.878000000000000114e+00,6.201115999999998962e+00,4.663000000000000256e+01,0.000000000000000000e+00,0.000000000000000000e+00,0.000000000000000000e+00,9.856916384516045682e-01
2.643000000000000238e+00,6.871000000000000441e+00,6.206358999999999071e+00,4.654599999999999937e+01,0.000000000000000000e+00,0.000000000000000000e+00,0.000000000000000000e+00,9.859217967406965766e-01
2.644000000000000128e+00,6.868000000000000327e+00,6.206575999999998317e+00,4.650800000000000267e+01,0.000000000000000000e+00,0.000000000000000000e+00,0.000000000000000000e+00,9.859776960600578066e-01
2.645000000000000018e+00,6.858999999999999986e+00,6.205119000000003382e+00,4.639200000000000301e+01,0.000000000000000000e+00,0.000000000000000000e+00,0.000000000000000000e+00,9.861012061821098351e-01
2.645999999999999908e+00,6.852999999999999758e+00,6.213391000000001441e+00,4.632399999999999807e+01,0.000000000000000000e+00,0.000000000000000000e+00,0.000000000000000000e+00,9.863807528079879816e-01
2.647000000000000242e+00,6.842999999999999972e+00,6.212351000000005286e+00,4.619599999999999795e+01,0.000000000000000000e+00,0.000000000000000000e+00,0.000000000000000000e+00,9.865322628574170194e-01
2.648000000000000131e+00,6.836000000000000298e+00,6.215103999999996631e+00,4.610999999999999943e+01,0.000000000000000000e+00,0.000000000000000000e+00,0.000000000000000000e+00,9.867133726689083506e-01
2.649000000000000021e+00,6.825999999999999623e+00,6.175724000000009539e+00,4.594400000000000261e+01,0.000000000000000000e+00,0.000000000000000000e+00,0.000000000000000000e+00,9.860438651305583058e-01
2.649999999999999911e+00,6.820000000000000284e+00,6.173599999999993315e+00,4.586599999999999966e+01,0.000000000000000000e+00,0.000000000000000000e+00,0.000000000000000000e+00,9.861026306963303067e-01
2.651000000000000245e+00,6.815999999999999837e+00,6.166144000000002734e+00,4.580799999999999983e+01,0.000000000000000000e+00,0.000000000000000000e+00,0.000000000000000000e+00,9.860119244417995255e-01
2.652000000000000135e+00,6.807999999999999829e+00,6.169136000000001729e+00,4.571000000000000085e+01,0.000000000000000000e+00,0.000000000000000000e+00,0.000000000000000000e+00,9.862161885995739397e-01
2.653000000000000025e+00,6.802999999999999936e+00,6.192191000000001111e+00,4.567000000000000171e+01,0.000000000000000000e+00,0.000000000000000000e+00,0.000000000000000000e+00,9.868021105681191729e-01
2.653999999999999915e+00,6.798000000000000043e+00,6.205196000000000822e+00,4.561999999999999744e+01,0.000000000000000000e+00,0.000000000000000000e+00,0.000000000000000000e+00,9.871722996942579043e-01
2.655000000000000249e+00,6.793999999999999595e+00,6.203564000000000078e+00,4.556799999999999784e+01,0.000000000000000000e+00,0.000000000000000000e+00,0.000000000000000000e+00,9.872084920728250168e-01
2.656000000000000139e+00,6.783999999999999808e+00,6.205344000000003746e+00,4.544400000000000261e+01,0.000000000000000000e+00,0.000000000000000000e+00,0.000000000000000000e+00,9.874267143556426651e-01
2.657000000000000028e+00,6.778999999999999915e+00,6.214158999999995103e+00,4.539000000000000057e+01,0.000000000000000000e+00,0.000000000000000000e+00,0.000000000000000000e+00,9.877087813229513680e-01
2.657999999999999918e+00,6.774000000000000021e+00,6.216923999999998784e+00,4.532999999999999829e+01,0.000000000000000000e+00,0.000000000000000000e+00,0.000000000000000000e+00,9.878598496883959079e-01
2.659000000000000252e+00,6.769000000000000128e+00,6.225639000000001033e+00,4.527600000000000335e+01,0.000000000000000000e+00,0.000000000000000000e+00,0.000000000000000000e+00,9.881412357540299007e-01
2.660000000000000142e+00,6.766000000000000014e+00,6.227243999999998891e+00,4.524000000000000199e+01,0.000000000000000000e+00,0.000000000000000000e+00,0.000000000000000000e+00,9.882313097367696475e-01
2.661000000000000032e+00,6.756999999999999673e+00,6.201951000000001102e+00,4.510199999999999676e+01,0.000000000000000000e+00,0.000000000000000000e+00,0.000000000000000000e+00,9.878430820178500937e-01
2.661999999999999922e+00,6.746999999999999886e+00,6.198990999999999474e+00,4.497399999999999665e+01,0.000000000000000000e+00,0.000000000000000000e+00,0.000000000000000000e+00,9.879616692663981681e-01
2.663000000000000256e+00,6.740999999999999659e+00,6.185919000000005497e+00,4.488600000000000279e+01,0.000000000000000000e+00,0.000000000000000000e+00,0.000000000000000000e+00,9.877845995785180522e-01
2.664000000000000146e+00,6.735999999999999766e+00,6.172304000000004010e+00,4.481000000000000227e+01,0.000000000000000000e+00,0.000000000000000000e+00,0.000000000000000000e+00,9.875765906308361375e-01
2.665000000000000036e+00,6.730999999999999872e+00,6.170639000000008423e+00,4.474600000000000222e+01,0.000000000000000000e+00,0.000000000000000000e+00,0.000000000000000000e+00,9.876317367444277240e-01
2.665999999999999925e+00,6.721000000000000085e+00,6.161158999999997832e+00,4.461200000000000188e+01,0.000000000000000000e+00,0.000000000000000000e+00,0.000000000000000000e+00,9.876064161299071831e-01
2.667000000000000259e+00,6.711999999999999744e+00,6.133056000000003394e+00,4.447200000000000131e+01,0.000000000000000000e+00,0.000000000000000000e+00,0.000000000000000000e+00,9.871491261093220393e-01
2.668000000000000149e+00,6.706000000000000405e+00,6.141563999999995360e+00,4.440599999999999881e+01,0.000000000000000000e+00,0.000000000000000000e+00,0.000000000000000000e+00,9.874487318735355457e-01
2.669000000000000039e+00,6.700999999999999623e+00,6.137599000000008687e+00,4.434000000000000341e+01,0.000000000000000000e+00,0.000000000000000000e+00,0.000000000000000000e+00,9.874530439242231727e-01
2.669999999999999929e+00,6.687999999999999723e+00,6.138656000000004553e+00,4.417999999999999972e+01,0.000000000000000000e+00,0.000000000000000000e+00,0.000000000000000000e+00,9.877184874430531281e-01
2.671000000000000263e+00,6.682999999999999829e+00,6.116510999999995590e+00,4.409599999999999653e+01,0.000000000000000000e+00,0.000000000000000000e+00,0.000000000000000000e+00,9.873162241360976532e-01
2.672000000000000153e+00,6.679000000000000270e+00,6.113958999999994148e+00,4.404399999999999693e+01,0.000000000000000000e+00,0.000000000000000000e+00,0.000000000000000000e+00,9.873334869494279076e-01
2.673000000000000043e+00,6.666999999999999815e+00,6.086111000000009597e+00,4.386800000000000210e+01,0.000000000000000000e+00,0.000000000000000000e+00,0.000000000000000000e+00,9.869313044022316461e-01
2.673999999999999932e+00,6.655000000000000249e+00,6.111975000000001046e+00,4.374600000000000222e+01,0.000000000000000000e+00,0.000000000000000000e+00,0.000000000000000000e+00,9.877390617653019067e-01
2.675000000000000266e+00,6.647000000000000242e+00,6.110390999999992800e+00,4.364600000000000080e+01,0.000000000000000000e+00,0.000000000000000000e+00,0.000000000000000000e+00,9.878547461966312726e-01
2.676000000000000156e+00,6.637999999999999901e+00,6.110956000000001609e+00,4.353600000000000136e+01,0.000000000000000000e+00,0.000000000000000000e+00,0.000000000000000000e+00,9.880388654038518847e-01
2.677000000000000046e+00,6.628999999999999559e+00,6.117359000000007541e+00,4.343200000000000216e+01,0.000000000000000000e+00,0.000000000000000000e+00,0.000000000000000000e+00,9.883568819433967700e-01
2.677999999999999936e+00,6.623000000000000220e+00,6.080870999999994808e+00,4.332200000000000273e+01,0.000000000000000000e+00,0.000000000000000000e+00,0.000000000000000000e+00,9.876407211915685380e-01
2.679000000000000270e+00,6.616999999999999993e+00,6.076310999999996909e+00,4.324399999999999977e+01,0.000000000000000000e+00,0.000000000000000000e+00,0.000000000000000000e+00,9.876511855548408825e-01
2.680000000000000160e+00,6.610999999999999766e+00,6.063679000000000485e+00,4.315800000000000125e+01,0.000000000000000000e+00,0.000000000000000000e+00,0.000000000000000000e+00,9.874770168144972882e-01
2.681000000000000050e+00,6.602999999999999758e+00,6.041391000000004396e+00,4.303799999999999670e+01,0.000000000000000000e+00,0.000000000000000000e+00,0.000000000000000000e+00,9.871189441171365209e-01
2.681999999999999940e+00,6.597999999999999865e+00,6.042396000000003653e+00,4.297800000000000153e+01,0.000000000000000000e+00,0.000000000000000000e+00,0.000000000000000000e+00,9.872373534706661014e-01
2.683000000000000274e+00,6.588000000000000078e+00,6.046255999999999631e+00,4.285999999999999943e+01,0.000000000000000000e+00,0.000000000000000000e+00,0.000000000000000000e+00,9.875179209388451618e-01
2.684000000000000163e+00,6.580000000000000071e+00,6.055599999999998317e+00,4.277199999999999847e+01,0.000000000000000000e+00,0.000000000000000000e+00,0.000000000000000000e+00,9.878881385057418640e-01
2.685000000000000053e+00,6.573999999999999844e+00,6.038524000000002445e+00,4.268200000000000216e+01,0.000000000000000000e+00,0.000000000000000000e+00,0.000000000000000000e+00,9.876097345434982078e-01
2.685999999999999943e+00,6.568999999999999950e+00,6.035239000000004239e+00,4.261800000000000210e+01,0.000000000000000000e+00,0.000000000000000000e+00,0.000000000000000000e+00,9.876306090961154416e-01
2.687000000000000277e+00,6.564000000000000057e+00,6.029904000000001929e+00,4.255199999999999960e+01,0.000000000000000000e+00,0.000000000000000000e+00,0.000000000000000000e+00,9.876039825005263895e-01
2.688000000000000167e+00,6.559000000000000163e+00,6.012518999999990399e+00,4.247399999999999665e+01,0.000000000000000000e+00,0.000000000000000000e+00,0.000000000000000000e+00,9.872971899128695217e-01
2.689000000000000057e+00,6.551999999999999602e+00,5.979296000000005051e+00,4.235600000000000165e+01,0.000000000000000000e+00,0.000000000000000000e+00,0.000000000000000000e+00,9.866591826298787282e-01
2.689999999999999947e+00,6.543000000000000149e+00,5.978150999999996884e+00,4.224600000000000222e+01,0.000000000000000000e+00,0.000000000000000000e+00,0.000000000000000000e+00,9.868059379060667435e-01
2.690999999999999837e+00,6.535999999999999588e+00,5.990704000000008023e+00,4.217399999999999949e+01,0.000000000000000000e+00,0.000000000000000000e+00,0.000000000000000000e+00,9.872353701708943552e-01
2.692000000000000171e+00,6.530000000000000249e+00,5.991099999999995873e+00,4.210199999999999676e+01,0.000000000000000000e+00,0.000000000000000000e+00,0.000000000000000000e+00,9.873618990218310243e-01
2.693000000000000060e+00,6.522999999999999687e+00,5.989471000000008871e+00,4.201599999999999824e+01,0.000000000000000000e+00,0.000000000000000000e+00,0.000000000000000000e+00,9.874609892861565541e-01
2.693999999999999950e+00,6.511000000000000121e+00,5.969878999999998825e+00,4.185199999999999676e+01,0.000000000000000000e+00,0.000000000000000000e+00,0.000000000000000000e+00,9.872356413673811781e-01
2.694999999999999840e+00,6.504999999999999893e+00,5.955975000000002240e+00,4.176599999999999824e+01,0.000000000000000000e+00,0.000000000000000000e+00,0.000000000000000000e+00,9.870252942069631663e-01
2.696000000000000174e+00,6.501000000000000334e+00,5.955998999999998489e+00,4.171800000000000352e+01,0.000000000000000000e+00,0.000000000000000000e+00,0.000000000000000000e+00,9.871045361875745439e-01
2.697000000000000064e+00,6.493999999999999773e+00,5.967964000000002045e+00,4.164600000000000080e+01,0.000000000000000000e+00,0.000000000000000000e+00,0.000000000000000000e+00,9.875264262792530223e-01
2.697999999999999954e+00,6.491999999999999993e+00,5.967935999999994579e+00,4.162199999999999989e+01,0.000000000000000000e+00,0.000000000000000000e+00,0.000000000000000000e+00,9.875655292508452865e-01
2.698999999999999844e+00,6.488000000000000433e+00,5.969855999999992946e+00,4.157600000000000051e+01,0.000000000000000000e+00,0.000000000000000000e+00,0.000000000000000000e+00,9.876908293942262551e-01
2.700000000000000178e+00,6.482000000000000206e+00,5.959675999999994644e+00,4.149399999999999977e+01,0.000000000000000000e+00,0.000000000000000000e+00,0.000000000000000000e+00,9.875685459775108699e-01
2.701000000000000068e+00,6.469999999999999751e+00,5.921100000000002694e+00,4.131199999999999761e+01,0.000000000000000000e+00,0.000000000000000000e+00,0.000000000000000000e+00,9.868875251129336501e-01
2.701999999999999957e+00,6.464000000000000412e+00,5.912703999999990856e+00,4.123199999999999932e+01,0.000000000000000000e+00,0.000000000000000000e+00,0.000000000000000000e+00,9.868058278600135846e-01
2.702999999999999847e+00,6.456000000000000405e+00,5.918064000000001101e+00,4.114200000000000301e+01,0.000000000000000000e+00,0.000000000000000000e+00,0.000000000000000000e+00,9.870936462090535990e-01
2.704000000000000181e+00,6.448000000000000398e+00,5.931295999999996127e+00,4.106000000000000227e+01,0.000000000000000000e+00,0.000000000000000000e+00,0.000000000000000000e+00,9.875722712411256765e-01
2.705000000000000071e+00,6.439000000000000057e+00,5.904279000000002497e+00,4.092600000000000193e+01,0.000000000000000000e+00,0.000000000000000000e+00,0.000000000000000000e+00,9.871029498015725379e-01
2.705999999999999961e+00,6.432999999999999829e+00,5.903511000000001729e+00,4.085399999999999920e+01,0.000000000000000000e+00,0.000000000000000000e+00,0.000000000000000000e+00,9.872053078946534388e-01
2.706999999999999851e+00,6.424000000000000377e+00,5.882223999999993680e+00,4.072599999999999909e+01,0.000000000000000000e+00,0.000000000000000000e+00,0.000000000000000000e+00,9.868716937883930118e-01
2.708000000000000185e+00,6.416999999999999815e+00,5.865110999999998853e+00,4.062599999999999767e+01,0.000000000000000000e+00,0.000000000000000000e+00,0.000000000000000000e+00,9.865974431083632812e-01
2.709000000000000075e+00,6.411999999999999922e+00,5.868256000000002359e+00,4.057000000000000028e+01,0.000000000000000000e+00,0.000000000000000000e+00,0.000000000000000000e+00,9.867746415894403933e-01
2.709999999999999964e+00,6.405999999999999694e+00,5.867164000000002488e+00,4.049799999999999756e+01,0.000000000000000000e+00,0.000000000000000000e+00,0.000000000000000000e+00,9.868694555301487092e-01
2.710999999999999854e+00,6.399000000000000021e+00,5.869799000000000433e+00,4.041799999999999926e+01,0.000000000000000000e+00,0.000000000000000000e+00,0.000000000000000000e+00,9.870760152812398935e-01
2.712000000000000188e+00,6.391000000000000014e+00,5.862118999999999858e+00,4.031600000000000250e+01,0.000000000000000000e+00,0.000000000000000000e+00,0.000000000000000000e+00,9.870514740880259597e-01
2.713000000000000078e+00,6.384000000000000341e+00,5.872543999999997766e+00,4.024399999999999977e+01,0.000000000000000000e+00,0.000000000000000000e+00,0.000000000000000000e+00,9.874506127474073081e-01
2.713999999999999968e+00,6.379999999999999893e+00,5.879600000000003490e+00,4.020400000000000063e+01,0.000000000000000000e+00,0.000000000000000000e+00,0.000000000000000000e+00,9.877064887334047194e-01
2.714999999999999858e+00,6.368999999999999773e+00,5.876839000000003921e+00,4.007200000000000273e+01,0.000000000000000000e+00,0.000000000000000000e+00,0.000000000000000000e+00,9.878670977565641165e-01
2.716000000000000192e+00,6.360999999999999766e+00,5.838678999999999064e+00,3.993999999999999773e+01,0.000000000000000000e+00,0.000000000000000000e+00,0.000000000000000000e+00,9.870911755161054790e-01
2.717000000000000082e+00,6.355999999999999872e+00,5.851264000000000465e+00,3.989399999999999835e+01,0.000000000000000000e+00,0.000000000000000000e+00,0.000000000000000000e+00,9.875061437565768596e-01
2.717999999999999972e+00,6.346000000000000085e+00,5.830284000000006017e+00,3.975600000000000023e+01,0.000000000000000000e+00,0.000000000000000000e+00,0.000000000000000000e+00,9.871940892709911708e-01
2.718999999999999861e+00,6.334999999999999964e+00,5.832775000000005150e+00,3.963000000000000256e+01,0.000000000000000000e+00,0.000000000000000000e+00,0.000000000000000000e+00,9.874857424426382035e-01
2.720000000000000195e+00,6.330000000000000071e+00,5.821100000000001273e+00,3.956000000000000227e+01,0.000000000000000000e+00,0.000000000000000000e+00,0.000000000000000000e+00,9.872993768234217260e-01
2.721000000000000085e+00,6.325000000000000178e+00,5.813375000000000625e+00,3.949399999999999977e+01,0.000000000000000000e+00,0.000000000000000000e+00,0.000000000000000000e+00,9.872111734287365437e-01
2.721999999999999975e+00,6.320999999999999730e+00,5.801959000000003641e+00,3.943599999999999994e+01,0.000000000000000000e+00,0.000000000000000000e+00,0.000000000000000000e+00,9.870093738609855283e-01
2.722999999999999865e+00,6.312999999999999723e+00,5.797031000000004042e+00,3.933800000000000097e+01,0.000000000000000000e+00,0.000000000000000000e+00,0.000000000000000000e+00,9.870535102789887993e-01
2.724000000000000199e+00,6.306000000000000050e+00,5.780363999999998725e+00,3.924000000000000199e+01,0.000000000000000000e+00,0.000000000000000000e+00,0.000000000000000000e+00,9.867816523794564754e-01
2.725000000000000089e+00,6.299999999999999822e+00,5.775999999999996248e+00,3.916599999999999682e+01,0.000000000000000000e+00,0.000000000000000000e+00,0.000000000000000000e+00,9.867976820357772239e-01
2.725999999999999979e+00,6.296999999999999709e+00,5.764790999999995336e+00,3.911999999999999744e+01,0.000000000000000000e+00,0.000000000000000000e+00,0.000000000000000000e+00,9.865780743766381367e-01
2.726999999999999869e+00,6.288999999999999702e+00,5.763479000000010899e+00,3.902600000000000335e+01,0.000000000000000000e+00,0.000000000000000000e+00,0.000000000000000000e+00,9.867130015050498137e-01
2.728000000000000203e+00,6.283000000000000362e+00,5.736910999999999206e+00,3.892999999999999972e+01,0.000000000000000000e+00,0.000000000000000000e+00,0.000000000000000000e+00,9.861665880832317654e-01
2.729000000000000092e+00,6.275999999999999801e+00,5.723824000000000467e+00,3.883599999999999852e+01,0.000000000000000000e+00,0.000000000000000000e+00,0.000000000000000000e+00,9.859811736395207582e-01
2.729999999999999982e+00,6.270999999999999908e+00,5.739558999999999855e+00,3.879399999999999693e+01,0.000000000000000000e+00,0.000000000000000000e+00,0.000000000000000000e+00,9.864860765324919845e-01
2.730999999999999872e+00,6.267000000000000348e+00,5.733710999999992453e+00,3.874199999999999733e+01,0.000000000000000000e+00,0.000000000000000000e+00,0.000000000000000000e+00,9.864217676412257996e-01
2.732000000000000206e+00,6.262999999999999901e+00,5.715830999999994333e+00,3.867799999999999727e+01,0.000000000000000000e+00,0.000000000000000000e+00,0.000000000000000000e+00,9.860505636062395496e-01
2.733000000000000096e+00,6.259000000000000341e+00,5.719918999999997311e+00,3.863600000000000279e+01,0.000000000000000000e+00,0.000000000000000000e+00,0.000000000000000000e+00,9.862391860785175712e-01
2.733999999999999986e+00,6.253999999999999559e+00,5.727484000000004016e+00,3.858599999999999852e+01,0.000000000000000000e+00,0.000000000000000000e+00,0.000000000000000000e+00,9.865384267276491315e-01
2.734999999999999876e+00,6.243000000000000327e+00,5.721950999999997123e+00,3.845400000000000063e+01,0.000000000000000000e+00,0.000000000000000000e+00,0.000000000000000000e+00,9.866312162943013941e-01
2.736000000000000210e+00,6.238999999999999879e+00,5.717879000000003487e+00,3.840400000000000347e+01,0.000000000000000000e+00,0.000000000000000000e+00,0.000000000000000000e+00,9.866122188804501425e-01
2.737000000000000099e+00,6.227999999999999758e+00,5.720016000000008205e+00,3.828000000000000114e+01,0.000000000000000000e+00,0.000000000000000000e+00,0.000000000000000000e+00,9.869035730240582893e-01
2.737999999999999989e+00,6.219999999999999751e+00,5.719600000000006901e+00,3.818800000000000239e+01,0.000000000000000000e+00,0.000000000000000000e+00,0.000000000000000000e+00,9.870658905511732195e-01
2.738999999999999879e+00,6.219000000000000306e+00,5.725039000000002432e+00,3.818200000000000216e+01,0.000000000000000000e+00,0.000000000000000000e+00,0.000000000000000000e+00,9.872282165141288424e-01
2.740000000000000213e+00,6.214999999999999858e+00,5.726774999999996396e+00,3.813799999999999812e+01,0.000000000000000000e+00,0.000000000000000000e+00,0.000000000000000000e+00,9.873602714218124854e-01
2.741000000000000103e+00,6.208000000000000185e+00,5.728735999999997830e+00,3.806000000000000227e+01,0.000000000000000000e+00,0.000000000000000000e+00,0.000000000000000000e+00,9.875642669252843175e-01
2.741999999999999993e+00,6.203999999999999737e+00,5.720384000000002800e+00,3.800600000000000023e+01,0.000000000000000000e+00,0.000000000000000000e+00,0.000000000000000000e+00,9.874351565367657235e-01
2.742999999999999883e+00,6.198999999999999844e+00,5.717399000000000342e+00,3.794599999999999795e+01,0.000000000000000000e+00,0.000000000000000000e+00,0.000000000000000000e+00,9.874673154850338586e-01
2.744000000000000217e+00,6.192000000000000171e+00,5.707135999999998432e+00,3.785600000000000165e+01,0.000000000000000000e+00,0.000000000000000000e+00,0.000000000000000000e+00,9.873538582750769343e-01
2.745000000000000107e+00,6.187000000000000277e+00,5.706030999999995856e+00,3.779800000000000182e+01,0.000000000000000000e+00,0.000000000000000000e+00,0.000000000000000000e+00,9.874351631570850163e-01
2.745999999999999996e+00,6.177999999999999936e+00,5.702315999999996166e+00,3.769200000000000017e+01,0.000000000000000000e+00,0.000000000000000000e+00,0.000000000000000000e+00,9.875369959571033140e-01
2.746999999999999886e+00,6.168999999999999595e+00,5.680438999999999794e+00,3.756799999999999784e+01,0.000000000000000000e+00,0.000000000000000000e+00,0.000000000000000000e+00,9.871622399091710687e-01
2.748000000000000220e+00,6.163000000000000256e+00,5.690430999999996686e+00,3.750999999999999801e+01,0.000000000000000000e+00,0.000000000000000000e+00,0.000000000000000000e+00,9.875582665301020358e-01
2.749000000000000110e+00,6.160000000000000142e+00,5.696399999999997021e+00,3.748199999999999932e+01,0.000000000000000000e+00,0.000000000000000000e+00,0.000000000000000000e+00,9.877825096980941133e-01
2.750000000000000000e+00,6.155000000000000249e+00,5.682974999999999000e+00,3.741199999999999903e+01,0.000000000000000000e+00,0.000000000000000000e+00,0.000000000000000000e+00,9.875402626832813224e-01
2.750999999999999890e+00,6.147000000000000242e+00,5.697390999999996097e+00,3.733599999999999852e+01,0.000000000000000000e+00,0.000000000000000000e+00,0.000000000000000000e+00,9.881010519110595691e-01
2.752000000000000224e+00,6.144000000000000128e+00,5.699263999999999442e+00,3.730400000000000205e+01,0.000000000000000000e+00,0.000000000000000000e+00,0.000000000000000000e+00,9.882185194227430802e-01
2.753000000000000114e+00,6.136999999999999567e+00,5.678231000000003803e+00,3.720400000000000063e+01,0.000000000000000000e+00,0.000000000000000000e+00,0.000000000000000000e+00,9.878190315746567807e-01
2.754000000000000004e+00,6.131000000000000227e+00,5.679838999999994087e+00,3.713799999999999812e+01,0.000000000000000000e+00,0.000000000000000000e+00,0.000000000000000000e+00,9.879975772803227807e-01
2.754999999999999893e+00,6.125000000000000000e+00,5.649374999999999147e+00,3.703999999999999915e+01,0.000000000000000000e+00,0.000000000000000000e+00,0.000000000000000000e+00,9.873219491878383325e-01
2.756000000000000227e+00,6.120000000000000107e+00,5.651599999999994850e+00,3.698599999999999710e+01,0.000000000000000000e+00,0.000000000000000000e+00,0.000000000000000000e+00,9.874941261907812518e-01
2.757000000000000117e+00,6.113999999999999879e+00,5.639003999999999905e+00,3.690599999999999881e+01,0.000000000000000000e+00,0.000000000000000000e+00,0.000000000000000000e+00,9.872931154643391771e-01
2.758000000000000007e+00,6.105999999999999872e+00,5.640764000000004330e+00,3.681799999999999784e+01,0.000000000000000000e+00,0.000000000000000000e+00,0.000000000000000000e+00,9.875215767215056450e-01
2.758999999999999897e+00,6.102000000000000313e+00,5.643595999999995172e+00,3.677600000000000335e+01,0.000000000000000000e+00,0.000000000000000000e+00,0.000000000000000000e+00,9.876886977968010184e-01
2.760000000000000231e+00,6.094000000000000306e+00,5.643163999999998737e+00,3.668599999999999994e+01,0.000000000000000000e+00,0.000000000000000000e+00,0.000000000000000000e+00,9.878601397275739160e-01
2.761000000000000121e+00,6.089999999999999858e+00,5.651899999999997704e+00,3.664999999999999858e+01,0.000000000000000000e+00,0.000000000000000000e+00,0.000000000000000000e+00,9.881875857754913728e-01
2.762000000000000011e+00,6.080000000000000071e+00,5.653599999999997294e+00,3.653999999999999915e+01,0.000000000000000000e+00,0.000000000000000000e+00,0.000000000000000000e+00,9.884652008310248483e-01
2.762999999999999901e+00,6.075999999999999623e+00,5.652224000000003912e+00,3.649399999999999977e+01,0.000000000000000000e+00,0.000000000000000000e+00,0.000000000000000000e+00,9.885210853438193279e-01
2.764000000000000234e+00,6.073000000000000398e+00,5.657670999999993455e+00,3.646600000000000108e+01,0.000000000000000000e+00,0.000000000000000000e+00,0.000000000000000000e+00,9.887387734861722288e-01
2.765000000000000124e+00,6.065000000000000391e+00,5.640774999999990769e+00,3.635999999999999943e+01,0.000000000000000000e+00,0.000000000000000000e+00,0.000000000000000000e+00,9.884672029925869463e-01
2.766000000000000014e+00,6.060999999999999943e+00,5.625278999999999030e+00,3.629999999999999716e+01,0.000000000000000000e+00,0.000000000000000000e+00,0.000000000000000000e+00,9.881390377502050626e-01
2.766999999999999904e+00,6.059000000000000163e+00,5.619518999999996822e+00,3.627199999999999847e+01,0.000000000000000000e+00,0.000000000000000000e+00,0.000000000000000000e+00,9.880287858721907845e-01
2.768000000000000238e+00,6.056000000000000050e+00,5.614863999999997191e+00,3.623400000000000176e+01,0.000000000000000000e+00,0.000000000000000000e+00,0.000000000000000000e+00,9.879717964781371542e-01
2.769000000000000128e+00,6.046999999999999709e+00,5.612791000000001418e+00,3.613199999999999790e+01,0.000000000000000000e+00,0.000000000000000000e+00,0.000000000000000000e+00,9.881254028822075153e-01
2.770000000000000018e+00,6.036999999999999922e+00,5.607630999999997812e+00,3.601599999999999824e+01,0.000000000000000000e+00,0.000000000000000000e+00,0.000000000000000000e+00,9.882188324118764688e-01
2.770999999999999908e+00,6.030000000000000249e+00,5.571100000000001273e+00,3.590200000000000102e+01,0.000000000000000000e+00,0.000000000000000000e+00,0.000000000000000000e+00,9.873793002923469952e-01
2.772000000000000242e+00,6.025999999999999801e+00,5.557324000000008368e+00,3.584400000000000119e+01,0.000000000000000000e+00,0.000000000000000000e+00,0.000000000000000000e+00,9.870933224530190619e-01
2.773000000000000131e+00,6.019000000000000128e+00,5.560639000000001886e+00,3.577000000000000313e+01,0.000000000000000000e+00,0.000000000000000000e+00,0.000000000000000000e+00,9.873480061656668694e-01
2.774000000000000021e+00,6.014000000000000234e+00,5.549804000000001736e+00,3.570400000000000063e+01,0.000000000000000000e+00,0.000000000000000000e+00,0.000000000000000000e+00,9.871656302680952288e-01
2.774999999999999911e+00,6.009999999999999787e+00,5.541899999999998272e+00,3.565200000000000102e+01,0.000000000000000000e+00,0.000000000000000000e+00,0.000000000000000000e+00,9.870404566986248351e-01
2.776000000000000245e+00,6.006999999999999673e+00,5.532951000000004171e+00,3.560999999999999943e+01,0.000000000000000000e+00,0.000000000000000000e+00,0.000000000000000000e+00,9.868626439344433399e-01
2.777000000000000135e+00,6.000000000000000000e+00,5.524000000000000909e+00,3.552400000000000091e+01,0.000000000000000000e+00,0.000000000000000000e+00,0.000000000000000000e+00,9.867777777777777537e-01
2.778000000000000025e+00,5.993000000000000327e+00,5.506951000000000818e+00,3.542999999999999972e+01,0.000000000000000000e+00,0.000000000000000000e+00,0.000000000000000000e+00,9.864670804965212092e-01
2.778999999999999915e+00,5.990000000000000213e+00,5.515899999999994918e+00,3.540599999999999881e+01,0.000000000000000000e+00,0.000000000000000000e+00,0.000000000000000000e+00,9.867865474176491514e-01
2.780000000000000249e+00,5.983999999999999986e+00,5.519744000000002870e+00,3.534400000000000119e+01,0.000000000000000000e+00,0.000000000000000000e+00,0.000000000000000000e+00,9.870349452372101373e-01
2.781000000000000139e+00,5.980999999999999872e+00,5.530639000000007854e+00,3.532200000000000273e+01,0.000000000000000000e+00,0.000000000000000000e+00,0.000000000000000000e+00,9.874103641076418247e-01
2.782000000000000028e+00,5.974999999999999645e+00,5.520375000000008470e+00,3.524600000000000222e+01,0.000000000000000000e+00,0.000000000000000000e+00,0.000000000000000000e+00,9.872656291031320919e-01
2.782999999999999918e+00,5.971000000000000085e+00,5.526158999999999821e+00,3.520799999999999841e+01,0.000000000000000000e+00,0.000000000000000000e+00,0.000000000000000000e+00,9.875229858961308560e-01
2.784000000000000252e+00,5.966000000000000192e+00,5.506844000000000960e+00,3.513400000000000034e+01,0.000000000000000000e+00,0.000000000000000000e+00,0.000000000000000000e+00,9.870998795386394242e-01
2.785000000000000142e+00,5.956000000000000405e+00,5.484064000000003603e+00,3.500200000000000244e+01,0.000000000000000000e+00,0.000000000000000000e+00,0.000000000000000000e+00,9.866962606010226677e-01
2.786000000000000032e+00,5.953000000000000291e+00,5.492791000000003976e+00,3.497800000000000153e+01,0.000000000000000000e+00,0.000000000000000000e+00,0.000000000000000000e+00,9.870137624618671168e-01
2.786999999999999922e+00,5.945999999999999730e+00,5.507083999999998980e+00,3.491599999999999682e+01,0.000000000000000000e+00,0.000000000000000000e+00,0.000000000000000000e+00,9.875854322493653470e-01
2.788000000000000256e+00,5.940999999999999837e+00,5.499519000000006486e+00,3.485399999999999920e+01,0.000000000000000000e+00,0.000000000000000000e+00,0.000000000000000000e+00,9.874918548354675307e-01
2.789000000000000146e+00,5.937000000000000277e+00,5.497030999999992673e+00,3.480799999999999983e+01,0.000000000000000000e+00,0.000000000000000000e+00,0.000000000000000000e+00,9.875178907471234835e-01
2.790000000000000036e+00,5.932999999999999829e+00,5.502511000000005481e+00,3.477000000000000313e+01,0.000000000000000000e+00,0.000000000000000000e+00,0.000000000000000000e+00,9.877703687582296554e-01
2.790999999999999925e+00,5.929000000000000270e+00,5.499958999999996934e+00,3.472399999999999665e+01,0.000000000000000000e+00,0.000000000000000000e+00,0.000000000000000000e+00,9.877950530652523931e-01
2.792000000000000259e+00,5.916999999999999815e+00,5.472111000000005276e+00,3.456600000000000250e+01,0.000000000000000000e+00,0.000000000000000000e+00,0.000000000000000000e+00,9.872928390935746812e-01
2.793000000000000149e+00,5.908000000000000362e+00,5.423535999999998580e+00,3.442000000000000171e+01,0.000000000000000000e+00,0.000000000000000000e+00,0.000000000000000000e+00,9.861202853594885909e-01
2.794000000000000039e+00,5.902000000000000135e+00,5.408396000000003312e+00,3.434000000000000341e+01,0.000000000000000000e+00,0.000000000000000000e+00,0.000000000000000000e+00,9.858296603475196207e-01
2.794999999999999929e+00,5.897000000000000242e+00,5.398390999999996609e+00,3.427600000000000335e+01,0.000000000000000000e+00,0.000000000000000000e+00,0.000000000000000000e+00,9.856616935649801237e-01
2.796000000000000263e+00,5.884999999999999787e+00,5.377774999999999750e+00,3.412599999999999767e+01,0.000000000000000000e+00,0.000000000000000000e+00,0.000000000000000000e+00,9.853543815223676505e-01
2.797000000000000153e+00,5.878999999999999559e+00,5.366359000000002766e+00,3.404999999999999716e+01,0.000000000000000000e+00,0.000000000000000000e+00,0.000000000000000000e+00,9.851677711781343660e-01
2.798000000000000043e+00,5.866999999999999993e+00,5.365310999999998387e+00,3.392000000000000171e+01,0.000000000000000000e+00,0.000000000000000000e+00,0.000000000000000000e+00,9.854252067642584878e-01
2.798999999999999932e+00,5.858999999999999986e+00,5.349119000000001733e+00,3.381799999999999784e+01,0.000000000000000000e+00,0.000000000000000000e+00,0.000000000000000000e+00,9.851467383028972291e-01
2.800000000000000266e+00,5.857000000000000206e+00,5.332550999999995156e+00,3.378000000000000114e+01,0.000000000000000000e+00,0.000000000000000000e+00,0.000000000000000000e+00,9.847119246835882578e-01
2.801000000000000156e+00,5.852999999999999758e+00,5.333391000000005988e+00,3.373799999999999955e+01,0.000000000000000000e+00,0.000000000000000000e+00,0.000000000000000000e+00,9.848323039707763682e-01
2.802000000000000046e+00,5.849000000000000199e+00,5.332199000000002798e+00,3.369400000000000261e+01,0.000000000000000000e+00,0.000000000000000000e+00,0.000000000000000000e+00,9.848936305232958155e-01
2.802999999999999936e+00,5.838000000000000078e+00,5.309756000000000142e+00,3.355400000000000205e+01,0.000000000000000000e+00,0.000000000000000000e+00,0.000000000000000000e+00,9.845009031682303569e-01
2.804000000000000270e+00,5.833999999999999631e+00,5.298444000000010590e+00,3.350000000000000000e+01,0.000000000000000000e+00,0.000000000000000000e+00,0.000000000000000000e+00,9.842648082493498096e-01
2.805000000000000160e+00,5.823999999999999844e+00,5.255023999999998807e+00,3.335000000000000142e+01,0.000000000000000000e+00,0.000000000000000000e+00,0.000000000000000000e+00,9.832254369943244088e-01
2.806000000000000050e+00,5.818999999999999950e+00,5.246239000000002761e+00,3.328799999999999670e+01,0.000000000000000000e+00,0.000000000000000000e+00,0.000000000000000000e+00,9.830848160795914170e-01
2.806999999999999940e+00,5.815999999999999837e+00,5.250144000000005917e+00,3.325999999999999801e+01,0.000000000000000000e+00,0.000000000000000000e+00,0.000000000000000000e+00,9.832714950362232420e-01
2.808000000000000274e+00,5.810999999999999943e+00,5.219279000000000224e+00,3.317600000000000193e+01,0.000000000000000000e+00,0.000000000000000000e+00,0.000000000000000000e+00,9.824767268125675912e-01
2.809000000000000163e+00,5.799000000000000377e+00,5.206598999999997091e+00,3.303600000000000136e+01,0.000000000000000000e+00,0.000000000000000000e+00,0.000000000000000000e+00,9.823839081733323209e-01
2.810000000000000053e+00,5.793000000000000149e+00,5.204150999999995975e+00,3.296999999999999886e+01,0.000000000000000000e+00,0.000000000000000000e+00,0.000000000000000000e+00,9.824532420644104258e-01
2.810999999999999943e+00,5.788000000000000256e+00,5.207055999999994356e+00,3.292000000000000171e+01,0.000000000000000000e+00,0.000000000000000000e+00,0.000000000000000000e+00,9.826588767170261196e-01
2.812000000000000277e+00,5.780000000000000249e+00,5.217599999999997351e+00,3.284599999999999653e+01,0.000000000000000000e+00,0.000000000000000000e+00,0.000000000000000000e+00,9.831659103698470181e-01
2.813000000000000167e+00,5.774000000000000021e+00,5.210924000000005663e+00,3.277600000000000335e+01,0.000000000000000000e+00,0.000000000000000000e+00,0.000000000000000000e+00,9.831106297007152772e-01
2.814000000000000057e+00,5.772999999999999687e+00,5.213470999999998412e+00,3.276800000000000068e+01,0.000000000000000000e+00,0.000000000000000000e+00,0.000000000000000000e+00,9.832112065673996870e-01
2.814999999999999947e+00,5.769999999999999574e+00,5.187100000000008038e+00,3.271000000000000085e+01,0.000000000000000000e+00,0.000000000000000000e+00,0.000000000000000000e+00,9.824917625079222505e-01
2.815999999999999837e+00,5.764000000000000234e+00,5.174303999999999348e+00,3.263400000000000034e+01,0.000000000000000000e+00,0.000000000000000000e+00,0.000000000000000000e+00,9.822507405557766580e-01
2.817000000000000171e+00,5.761999999999999567e+00,5.165356000000002723e+00,3.260399999999999920e+01,0.000000000000000000e+00,0.000000000000000000e+00,0.000000000000000000e+00,9.820291437720305439e-01
2.818000000000000060e+00,5.761999999999999567e+00,5.165356000000002723e+00,3.260399999999999920e+01,0.000000000000000000e+00,0.000000000000000000e+00,0.000000000000000000e+00,9.820291437720305439e-01
2.818999999999999950e+00,5.756000000000000227e+00,5.146463999999994599e+00,3.252199999999999847e+01,0.000000000000000000e+00,0.000000000000000000e+00,0.000000000000000000e+00,9.816025432687454089e-01
2.819999999999999840e+00,5.743999999999999773e+00,5.168464000000000169e+00,3.241799999999999926e+01,0.000000000000000000e+00,0.000000000000000000e+00,0.000000000000000000e+00,9.825560982611867278e-01
2.821000000000000174e+00,5.733999999999999986e+00,5.157243999999998607e+00,3.230199999999999960e+01,0.000000000000000000e+00,0.000000000000000000e+00,0.000000000000000000e+00,9.824580954340241812e-01
2.822000000000000064e+00,5.730999999999999872e+00,5.160639000000003307e+00,3.227400000000000091e+01,0.000000000000000000e+00,0.000000000000000000e+00,0.000000000000000000e+00,9.826344315238771943e-01
2.822999999999999954e+00,5.727000000000000313e+00,5.150470999999996025e+00,3.222200000000000131e+01,0.000000000000000000e+00,0.000000000000000000e+00,0.000000000000000000e+00,9.824221080158808128e-01
2.823999999999999844e+00,5.719000000000000306e+00,5.128038999999994019e+00,3.211599999999999966e+01,0.000000000000000000e+00,0.000000000000000000e+00,0.000000000000000000e+00,9.819316444594162752e-01
2.825000000000000178e+00,5.713000000000000078e+00,5.130630999999993946e+00,3.205599999999999739e+01,0.000000000000000000e+00,0.000000000000000000e+00,0.000000000000000000e+00,9.821569208927073413e-01
2.826000000000000068e+00,5.708999999999999631e+00,5.130319000000000074e+00,3.201400000000000290e+01,0.000000000000000000e+00,0.000000000000000000e+00,0.000000000000000000e+00,9.822450629329941840e-01
2.826999999999999957e+00,5.700999999999999623e+00,5.141599000000006470e+00,3.194200000000000017e+01,0.000000000000000000e+00,0.000000000000000000e+00,0.000000000000000000e+00,9.827884034906682054e-01
2.827999999999999847e+00,5.695000000000000284e+00,5.145974999999999966e+00,3.188400000000000034e+01,0.000000000000000000e+00,0.000000000000000000e+00,0.000000000000000000e+00,9.830720384546307589e-01
2.829000000000000181e+00,5.692000000000000171e+00,5.151135999999993942e+00,3.185800000000000054e+01,0.000000000000000000e+00,0.000000000000000000e+00,0.000000000000000000e+00,9.833060813490249741e-01
2.830000000000000071e+00,5.681000000000000050e+00,5.169238999999997475e+00,3.176200000000000045e+01,0.000000000000000000e+00,0.000000000000000000e+00,0.000000000000000000e+00,9.841431248127542331e-01
2.830999999999999961e+00,5.673000000000000043e+00,5.156070999999997184e+00,3.166600000000000037e+01,0.000000000000000000e+00,0.000000000000000000e+00,0.000000000000000000e+00,9.839377888818012785e-01
2.831999999999999851e+00,5.666000000000000369e+00,5.166443999999991377e+00,3.160399999999999920e+01,0.000000000000000000e+00,0.000000000000000000e+00,0.000000000000000000e+00,9.844392315916652425e-01
2.833000000000000185e+00,5.660999999999999588e+00,5.164079000000000974e+00,3.155000000000000071e+01,0.000000000000000000e+00,0.000000000000000000e+00,0.000000000000000000e+00,9.844939549730846728e-01
2.834000000000000075e+00,5.652999999999999581e+00,5.158591000000008364e+00,3.146199999999999974e+01,0.000000000000000000e+00,0.000000000000000000e+00,0.000000000000000000e+00,9.845286433779216750e-01
2.834999999999999964e+00,5.647000000000000242e+00,5.160390999999997064e+00,3.140200000000000102e+01,0.000000000000000000e+00,0.000000000000000000e+00,0.000000000000000000e+00,9.847403503865596042e-01
2.835999999999999854e+00,5.642999999999999794e+00,5.147551000000003540e+00,3.134799999999999898e+01,0.000000000000000000e+00,0.000000000000000000e+00,0.000000000000000000e+00,9.844411012136280448e-01
2.837000000000000188e+00,5.639000000000000234e+00,5.126679000000002873e+00,3.128600000000000136e+01,0.000000000000000000e+00,0.000000000000000000e+00,0.000000000000000000e+00,9.838884260587217323e-01
2.838000000000000078e+00,5.636000000000000121e+00,5.105504000000003373e+00,3.123400000000000176e+01,0.000000000000000000e+00,0.000000000000000000e+00,0.000000000000000000e+00,9.832990896502812328e-01
2.838999999999999968e+00,5.631999999999999673e+00,5.108576000000006445e+00,3.119600000000000151e+01,0.000000000000000000e+00,0.000000000000000000e+00,0.000000000000000000e+00,9.834983132102274039e-01
2.839999999999999858e+00,5.628000000000000114e+00,5.107615999999996603e+00,3.115399999999999991e+01,0.000000000000000000e+00,0.000000000000000000e+00,0.000000000000000000e+00,9.835708249290656680e-01
2.841000000000000192e+00,5.625000000000000000e+00,5.104375000000004547e+00,3.112000000000000099e+01,0.000000000000000000e+00,0.000000000000000000e+00,0.000000000000000000e+00,9.835456790123456861e-01
2.842000000000000082e+00,5.618999999999999773e+00,5.089838999999997782e+00,3.104400000000000048e+01,0.000000000000000000e+00,0.000000000000000000e+00,0.000000000000000000e+00,9.832401640114526442e-01
2.842999999999999972e+00,5.612000000000000099e+00,5.095456000000002206e+00,3.097800000000000153e+01,0.000000000000000000e+00,0.000000000000000000e+00,0.000000000000000000e+00,9.835989370095341577e-01
2.843999999999999861e+00,5.604000000000000092e+00,5.111183999999997951e+00,3.091199999999999903e+01,0.000000000000000000e+00,0.000000000000000000e+00,0.000000000000000000e+00,9.843076297597157520e-01
2.845000000000000195e+00,5.597000000000000419e+00,5.102590999999996768e+00,3.083200000000000074e+01,0.000000000000000000e+00,0.000000000000000000e+00,0.000000000000000000e+00,9.842175015974539143e-01
2.846000000000000085e+00,5.589999999999999858e+00,5.105900000000001882e+00,3.076399999999999935e+01,0.000000000000000000e+00,0.000000000000000000e+00,0.000000000000000000e+00,9.845078580777711919e-01
2.846999999999999975e+00,5.583000000000000185e+00,5.093110999999996835e+00,3.067999999999999972e+01,0.000000000000000000e+00,0.000000000000000000e+00,0.000000000000000000e+00,9.842832613231313754e-01
2.847999999999999865e+00,5.580000000000000071e+00,5.091599999999999682e+00,3.064799999999999969e+01,0.000000000000000000e+00,0.000000000000000000e+00,0.000000000000000000e+00,9.843141789031486510e-01
2.849000000000000199e+00,5.575000000000000178e+00,5.088375000000002757e+00,3.059400000000000119e+01,0.000000000000000000e+00,0.000000000000000000e+00,0.000000000000000000e+00,9.843431398178125180e-01
2.850000000000000089e+00,5.565999999999999837e+00,5.095644000000003615e+00,3.051000000000000156e+01,0.000000000000000000e+00,0.000000000000000000e+00,0.000000000000000000e+00,9.848176050656101133e-01
2.850999999999999979e+00,5.562000000000000277e+00,5.090155999999993242e+00,3.046399999999999864e+01,0.000000000000000000e+00,0.000000000000000000e+00,0.000000000000000000e+00,9.847476603515324944e-01
2.851999999999999869e+00,5.556000000000000050e+00,5.088863999999997390e+00,3.040200000000000102e+01,0.000000000000000000e+00,0.000000000000000000e+00,0.000000000000000000e+00,9.848672149424589906e-01
2.853000000000000203e+00,5.548000000000000043e+00,5.081696000000000879e+00,3.031400000000000006e+01,0.000000000000000000e+00,0.000000000000000000e+00,0.000000000000000000e+00,9.848505719761572186e-01
2.854000000000000092e+00,5.541000000000000369e+00,5.072319000000000244e+00,3.023400000000000176e+01,0.000000000000000000e+00,0.000000000000000000e+00,0.000000000000000000e+00,9.847348510053567372e-01
2.854999999999999982e+00,5.535999999999999588e+00,5.070703999999999212e+00,3.018199999999999861e+01,0.000000000000000000e+00,0.000000000000000000e+00,0.000000000000000000e+00,9.848177144241371250e-01
2.855999999999999872e+00,5.527000000000000135e+00,5.047270999999998509e+00,3.006800000000000139e+01,0.000000000000000000e+00,0.000000000000000000e+00,0.000000000000000000e+00,9.842957556681218856e-01
2.857000000000000206e+00,5.524000000000000021e+00,5.043423999999998131e+00,3.003399999999999892e+01,0.000000000000000000e+00,0.000000000000000000e+00,0.000000000000000000e+00,9.842509363394069677e-01
2.858000000000000096e+00,5.517999999999999794e+00,5.021675999999999362e+00,2.995200000000000173e+01,0.000000000000000000e+00,0.000000000000000000e+00,0.000000000000000000e+00,9.836994640493185171e-01
2.858999999999999986e+00,5.508000000000000007e+00,5.045936000000001087e+00,2.987600000000000122e+01,0.000000000000000000e+00,0.000000000000000000e+00,0.000000000000000000e+00,9.847694961682460502e-01
2.859999999999999876e+00,5.501999999999999780e+00,5.043996000000003477e+00,2.981400000000000006e+01,0.000000000000000000e+00,0.000000000000000000e+00,0.000000000000000000e+00,9.848703772634279652e-01
2.861000000000000210e+00,5.498999999999999666e+00,5.049999000000006788e+00,2.978999999999999915e+01,0.000000000000000000e+00,0.000000000000000000e+00,0.000000000000000000e+00,9.851515928055958327e-01
2.862000000000000099e+00,5.490999999999999659e+00,5.033919000000004473e+00,2.969399999999999906e+01,0.000000000000000000e+00,0.000000000000000000e+00,0.000000000000000000e+00,9.848403113639607742e-01
2.862999999999999989e+00,5.487000000000000099e+00,5.031831000000000387e+00,2.965200000000000102e+01,0.000000000000000000e+00,0.000000000000000000e+00,0.000000000000000000e+00,9.848817070778058680e-01
2.863999999999999879e+00,5.483999999999999986e+00,5.039743999999998891e+00,2.962999999999999901e+01,0.000000000000000000e+00,0.000000000000000000e+00,0.000000000000000000e+00,9.852280302462013140e-01
2.865000000000000213e+00,5.479000000000000092e+00,5.039558999999997013e+00,2.957999999999999829e+01,0.000000000000000000e+00,0.000000000000000000e+00,0.000000000000000000e+00,9.853614529331174987e-01
2.866000000000000103e+00,5.475999999999999979e+00,5.047423999999999467e+00,2.955799999999999983e+01,0.000000000000000000e+00,0.000000000000000000e+00,0.000000000000000000e+00,9.857077380225071073e-01
2.866999999999999993e+00,5.472000000000000419e+00,5.035215999999998360e+00,2.950600000000000023e+01,0.000000000000000000e+00,0.000000000000000000e+00,0.000000000000000000e+00,9.854127124585341235e-01
2.867999999999999883e+00,5.469999999999999751e+00,5.025100000000001899e+00,2.947599999999999909e+01,0.000000000000000000e+00,0.000000000000000000e+00,0.000000000000000000e+00,9.851307948624541400e-01
2.869000000000000217e+00,5.461999999999999744e+00,5.036556000000008027e+00,2.940800000000000125e+01,0.000000000000000000e+00,0.000000000000000000e+00,0.000000000000000000e+00,9.857393601623736235e-01
2.870000000000000107e+00,5.455000000000000071e+00,5.055975000000000108e+00,2.935800000000000054e+01,0.000000000000000000e+00,0.000000000000000000e+00,0.000000000000000000e+00,9.865905613884451419e-01
2.870999999999999996e+00,5.450000000000000178e+00,5.045499999999996987e+00,2.929799999999999827e+01,0.000000000000000000e+00,0.000000000000000000e+00,0.000000000000000000e+00,9.863816177089469450e-01
2.871999999999999886e+00,5.440999999999999837e+00,5.022519000000002620e+00,2.918599999999999994e+01,0.000000000000000000e+00,0.000000000000000000e+00,0.000000000000000000e+00,9.858642683180293131e-01
2.873000000000000220e+00,5.437000000000000277e+00,5.022030999999994805e+00,2.914600000000000080e+01,0.000000000000000000e+00,0.000000000000000000e+00,0.000000000000000000e+00,9.859622666631799870e-01
2.874000000000000110e+00,5.429999999999999716e+00,5.015100000000003888e+00,2.907000000000000028e+01,0.000000000000000000e+00,0.000000000000000000e+00,0.000000000000000000e+00,9.859283904642717200e-01
2.875000000000000000e+00,5.424000000000000377e+00,5.026223999999995584e+00,2.902199999999999847e+01,0.000000000000000000e+00,0.000000000000000000e+00,0.000000000000000000e+00,9.864792988226693815e-01
2.875999999999999890e+00,5.418000000000000149e+00,5.039275999999997424e+00,2.897599999999999909e+01,0.000000000000000000e+00,0.000000000000000000e+00,0.000000000000000000e+00,9.870983627711845676e-01
2.877000000000000224e+00,5.410999999999999588e+00,5.050079000000003759e+00,2.891799999999999926e+01,0.000000000000000000e+00,0.000000000000000000e+00,0.000000000000000000e+00,9.876730088516582073e-01
2.878000000000000114e+00,5.408000000000000362e+00,5.029535999999993123e+00,2.886799999999999855e+01,0.000000000000000000e+00,0.000000000000000000e+00,0.000000000000000000e+00,9.870594954658449272e-01
2.879000000000000004e+00,5.400000000000000355e+00,5.037999999999996703e+00,2.879799999999999827e+01,0.000000000000000000e+00,0.000000000000000000e+00,0.000000000000000000e+00,9.875857338820299702e-01
2.879999999999999893e+00,5.392000000000000348e+00,5.028335999999999473e+00,2.871000000000000085e+01,0.000000000000000000e+00,0.000000000000000000e+00,0.000000000000000000e+00,9.874916350412523691e-01
2.881000000000000227e+00,5.384999999999999787e+00,5.038775000000001114e+00,2.865200000000000102e+01,0.000000000000000000e+00,0.000000000000000000e+00,0.000000000000000000e+00,9.880604761153485294e-01
2.882000000000000117e+00,5.383000000000000007e+00,5.042310999999997989e+00,2.863599999999999923e+01,0.000000000000000000e+00,0.000000000000000000e+00,0.000000000000000000e+00,9.882426525680694240e-01
2.883000000000000007e+00,5.373000000000000220e+00,5.007871000000001516e+00,2.850400000000000134e+01,0.000000000000000000e+00,0.000000000000000000e+00,0.000000000000000000e+00,9.873522682308842890e-01
2.883999999999999897e+00,5.370000000000000107e+00,5.011099999999999000e+00,2.847800000000000153e+01,0.000000000000000000e+00,0.000000000000000000e+00,0.000000000000000000e+00,9.875541407016704687e-01
2.885000000000000231e+00,5.365000000000000213e+00,4.993774999999999409e+00,2.841199999999999903e+01,0.000000000000000000e+00,0.000000000000000000e+00,0.000000000000000000e+00,9.871027308440939452e-01
2.886000000000000121e+00,5.358999999999999986e+00,4.994119000000001307e+00,2.835399999999999920e+01,0.000000000000000000e+00,0.000000000000000000e+00,0.000000000000000000e+00,9.872947347774447824e-01
2.887000000000000011e+00,5.357000000000000206e+00,4.989550999999995184e+00,2.832999999999999829e+01,0.000000000000000000e+00,0.000000000000000000e+00,0.000000000000000000e+00,9.871957608496837455e-01
2.887999999999999901e+00,5.354000000000000092e+00,4.988684000000002783e+00,2.830000000000000071e+01,0.000000000000000000e+00,0.000000000000000000e+00,0.000000000000000000e+00,9.872558181462224303e-01
2.889000000000000234e+00,5.349999999999999645e+00,4.983500000000006480e+00,2.825600000000000023e+01,0.000000000000000000e+00,0.000000000000000000e+00,0.000000000000000000e+00,9.871953882435149374e-01
2.890000000000000124e+00,5.341000000000000192e+00,4.970718999999998999e+00,2.815599999999999881e+01,0.000000000000000000e+00,0.000000000000000000e+00,0.000000000000000000e+00,9.870196539114228784e-01
2.891000000000000014e+00,5.336999999999999744e+00,4.953431000000001916e+00,2.810000000000000142e+01,0.000000000000000000e+00,0.000000000000000000e+00,0.000000000000000000e+00,9.865336749056975441e-01
2.891999999999999904e+00,5.330000000000000071e+00,4.947100000000002495e+00,2.802599999999999980e+01,0.000000000000000000e+00,0.000000000000000000e+00,0.000000000000000000e+00,9.865218294266937527e-01
2.893000000000000238e+00,5.320999999999999730e+00,4.937958999999999321e+00,2.792999999999999972e+01,0.000000000000000000e+00,0.000000000000000000e+00,0.000000000000000000e+00,9.864712165676587929e-01
2.894000000000000128e+00,5.315000000000000391e+00,4.935774999999999579e+00,2.787000000000000099e+01,0.000000000000000000e+00,0.000000000000000000e+00,0.000000000000000000e+00,9.865757379184738607e-01
2.895000000000000018e+00,5.309000000000000163e+00,4.937518999999994662e+00,2.781400000000000006e+01,0.000000000000000000e+00,0.000000000000000000e+00,0.000000000000000000e+00,9.868201291296039290e-01
2.895999999999999908e+00,5.301999999999999602e+00,4.920795999999999282e+00,2.773000000000000043e+01,0.000000000000000000e+00,0.000000000000000000e+00,0.000000000000000000e+00,9.864394282080555243e-01
2.897000000000000242e+00,5.299999999999999822e+00,4.919999999999998153e+00,2.771000000000000085e+01,0.000000000000000000e+00,0.000000000000000000e+00,0.000000000000000000e+00,9.864720541117836250e-01
2.898000000000000131e+00,5.293000000000000149e+00,4.927150999999994951e+00,2.764999999999999858e+01,0.000000000000000000e+00,0.000000000000000000e+00,0.000000000000000000e+00,9.869413559446296169e-01
2.899000000000000021e+00,5.288000000000000256e+00,4.905055999999991201e+00,2.757999999999999829e+01,0.000000000000000000e+00,0.000000000000000000e+00,0.000000000000000000e+00,9.863053046202858720e-01
2.899999999999999911e+00,5.280000000000000249e+00,4.895599999999998175e+00,2.749399999999999977e+01,0.000000000000000000e+00,0.000000000000000000e+00,0.000000000000000000e+00,9.862115472910926162e-01
2.901000000000000245e+00,5.275000000000000355e+00,4.909374999999997158e+00,2.746000000000000085e+01,0.000000000000000000e+00,0.000000000000000000e+00,0.000000000000000000e+00,9.868601334201836384e-01
2.902000000000000135e+00,5.267000000000000348e+00,4.913710999999995721e+00,2.738800000000000168e+01,0.000000000000000000e+00,0.000000000000000000e+00,0.000000000000000000e+00,9.872648671804686860e-01
2.903000000000000025e+00,5.262999999999999901e+00,4.917830999999999619e+00,2.735399999999999920e+01,0.000000000000000000e+00,0.000000000000000000e+00,0.000000000000000000e+00,9.875386514303010621e-01
2.903999999999999915e+00,5.258000000000000007e+00,4.909435999999995914e+00,2.729799999999999827e+01,0.000000000000000000e+00,0.000000000000000000e+00,0.000000000000000000e+00,9.873921403035833544e-01
2.905000000000000249e+00,5.253999999999999559e+00,4.909484000000006176e+00,2.726000000000000156e+01,0.000000000000000000e+00,0.000000000000000000e+00,0.000000000000000000e+00,9.875195783182724174e-01
2.906000000000000139e+00,5.246999999999999886e+00,4.911991000000000440e+00,2.719600000000000151e+01,0.000000000000000000e+00,0.000000000000000000e+00,0.000000000000000000e+00,9.878315756607396469e-01
2.907000000000000028e+00,5.245000000000000107e+00,4.910974999999996982e+00,2.717599999999999838e+01,0.000000000000000000e+00,0.000000000000000000e+00,0.000000000000000000e+00,9.878580626517059482e-01
2.907999999999999918e+00,5.243000000000000327e+00,4.911950999999998402e+00,2.715800000000000125e+01,0.000000000000000000e+00,0.000000000000000000e+00,0.000000000000000000e+00,9.879570588273168807e-01
2.909000000000000252e+00,5.240000000000000213e+00,4.920399999999997220e+00,2.713800000000000168e+01,0.000000000000000000e+00,0.000000000000000000e+00,0.000000000000000000e+00,9.883602354175163862e-01
2.910000000000000142e+00,5.233999999999999986e+00,4.931243999999999517e+00,2.709199999999999875e+01,0.000000000000000000e+00,0.000000000000000000e+00,0.000000000000000000e+00,9.889483958170679490e-01
2.911000000000000032e+00,5.227999999999999758e+00,4.930016000000001952e+00,2.703399999999999892e+01,0.000000000000000000e+00,0.000000000000000000e+00,0.000000000000000000e+00,9.890976081355821181e-01
2.911999999999999922e+00,5.222999999999999865e+00,4.933271000000001294e+00,2.698999999999999844e+01,0.000000000000000000e+00,0.000000000000000000e+00,0.000000000000000000e+00,9.893793299779480854e-01
2.913000000000000256e+00,5.219000000000000306e+00,4.935038999999999731e+00,2.695400000000000063e+01,0.000000000000000000e+00,0.000000000000000000e+00,0.000000000000000000e+00,9.895748070129037899e-01
2.914000000000000146e+00,5.211000000000000298e+00,4.916478999999995381e+00,2.685999999999999943e+01,0.000000000000000000e+00,0.000000000000000000e+00,0.000000000000000000e+00,9.891538871188335635e-01
2.915000000000000036e+00,5.203000000000000291e+00,4.915790999999995137e+00,2.678399999999999892e+01,0.000000000000000000e+00,0.000000000000000000e+00,0.000000000000000000e+00,9.893906105190941602e-01
2.915999999999999925e+00,5.198000000000000398e+00,4.922795999999994621e+00,2.674399999999999977e+01,0.000000000000000000e+00,0.000000000000000000e+00,0.000000000000000000e+00,9.898145037877501551e-01
2.917000000000000259e+00,5.192999999999999616e+00,4.925751000000005320e+00,2.669999999999999929e+01,0.000000000000000000e+00,0.000000000000000000e+00,0.000000000000000000e+00,9.900898678986500556e-01
2.918000000000000149e+00,5.187999999999999723e+00,4.928656000000000148e+00,2.665599999999999881e+01,0.000000000000000000e+00,0.000000000000000000e+00,0.000000000000000000e+00,9.903644553084665070e-01
2.919000000000000039e+00,5.182999999999999829e+00,4.931511000000000422e+00,2.661199999999999832e+01,0.000000000000000000e+00,0.000000000000000000e+00,0.000000000000000000e+00,9.906382599817916690e-01
2.919999999999999929e+00,5.177999999999999936e+00,4.932316000000000145e+00,2.656599999999999895e+01,0.000000000000000000e+00,0.000000000000000000e+00,0.000000000000000000e+00,9.908366815004980843e-01
2.921000000000000263e+00,5.174000000000000377e+00,4.915723999999997318e+00,2.651200000000000045e+01,0.000000000000000000e+00,0.000000000000000000e+00,0.000000000000000000e+00,9.903521353309916453e-01
2.922000000000000153e+00,5.171000000000000263e+00,4.919758999999995552e+00,2.648799999999999955e+01,0.000000000000000000e+00,0.000000000000000000e+00,0.000000000000000000e+00,9.906040339738886313e-01
2.923000000000000043e+00,5.163999999999999702e+00,4.925104000000001037e+00,2.642800000000000082e+01,0.000000000000000000e+00,0.000000000000000000e+00,0.000000000000000000e+00,9.910414770432975917e-01
2.923999999999999932e+00,5.158999999999999808e+00,4.925719000000000847e+00,2.638200000000000145e+01,0.000000000000000000e+00,0.000000000000000000e+00,0.000000000000000000e+00,9.912350728139973643e-01
2.925000000000000266e+00,5.152999999999999581e+00,4.923591000000005380e+00,2.632400000000000162e+01,0.000000000000000000e+00,0.000000000000000000e+00,0.000000000000000000e+00,9.913604690079532711e-01
2.926000000000000156e+00,5.144000000000000128e+00,4.929263999999999868e+00,2.624599999999999866e+01,0.000000000000000000e+00,0.000000000000000000e+00,0.000000000000000000e+00,9.918847306439245726e-01
2.927000000000000046e+00,5.144000000000000128e+00,4.929263999999999868e+00,2.624599999999999866e+01,0.000000000000000000e+00,0.000000000000000000e+00,0.000000000000000000e+00,9.918847306439245726e-01
2.927999999999999936e+00,5.139999999999999680e+00,4.936400000000006116e+00,2.621600000000000108e+01,0.000000000000000000e+00,0.000000000000000000e+00,0.000000000000000000e+00,9.922936002059079552e-01
2.929000000000000270e+00,5.134000000000000341e+00,4.920043999999993645e+00,2.614399999999999835e+01,0.000000000000000000e+00,0.000000000000000000e+00,0.000000000000000000e+00,9.918826786113458249e-01
2.930000000000000160e+00,5.128000000000000114e+00,4.911615999999998650e+00,2.607999999999999829e+01,0.000000000000000000e+00,0.000000000000000000e+00,0.000000000000000000e+00,9.917713401203753776e-01
2.931000000000000050e+00,5.123999999999999666e+00,4.892624000000001416e+00,2.602400000000000091e+01,0.000000000000000000e+00,0.000000000000000000e+00,0.000000000000000000e+00,9.911874809943685971e-01
2.931999999999999940e+00,5.121000000000000441e+00,4.872358999999995888e+00,2.597599999999999909e+01,0.000000000000000000e+00,0.000000000000000000e+00,0.000000000000000000e+00,9.905188025262192664e-01
2.933000000000000274e+00,5.113999999999999879e+00,4.843004000000004083e+00,2.588200000000000145e+01,0.000000000000000000e+00,0.000000000000000000e+00,0.000000000000000000e+00,9.896380514110124649e-01
2.934000000000000163e+00,5.108999999999999986e+00,4.835118999999998834e+00,2.582799999999999940e+01,0.000000000000000000e+00,0.000000000000000000e+00,0.000000000000000000e+00,9.895072312987711616e-01
2.935000000000000053e+00,5.091999999999999638e+00,4.789536000000005345e+00,2.562600000000000122e+01,0.000000000000000000e+00,0.000000000000000000e+00,0.000000000000000000e+00,9.883346734307133508e-01
2.935999999999999943e+00,5.089999999999999858e+00,4.787900000000004042e+00,2.560600000000000165e+01,0.000000000000000000e+00,0.000000000000000000e+00,0.000000000000000000e+00,9.883395540390844669e-01
2.937000000000000277e+00,5.083999999999999631e+00,4.784944000000002973e+00,2.554799999999999827e+01,0.000000000000000000e+00,0.000000000000000000e+00,0.000000000000000000e+00,9.884297848079874882e-01
2.938000000000000167e+00,5.080000000000000071e+00,4.783600000000003405e+00,2.551000000000000156e+01,0.000000000000000000e+00,0.000000000000000000e+00,0.000000000000000000e+00,9.885144770289541194e-01
2.939000000000000057e+00,5.075000000000000178e+00,4.775374999999996817e+00,2.545599999999999952e+01,0.000000000000000000e+00,0.000000000000000000e+00,0.000000000000000000e+00,9.883666189424639148e-01
2.939999999999999947e+00,5.070999999999999730e+00,4.769959000000003613e+00,2.541400000000000148e+01,0.000000000000000000e+00,0.000000000000000000e+00,0.000000000000000000e+00,9.882931938549118778e-01
2.941000000000000281e+00,5.067999999999999616e+00,4.747376000000006258e+00,2.536400000000000077e+01,0.000000000000000000e+00,0.000000000000000000e+00,0.000000000000000000e+00,9.875168894822056176e-01
2.942000000000000171e+00,5.062000000000000277e+00,4.764155999999999835e+00,2.532600000000000051e+01,0.000000000000000000e+00,0.000000000000000000e+00,0.000000000000000000e+00,9.883762951413535003e-01
2.943000000000000060e+00,5.057999999999999829e+00,4.768636000000000763e+00,2.529400000000000048e+01,0.000000000000000000e+00,0.000000000000000000e+00,0.000000000000000000e+00,9.886893686068806142e-01
2.943999999999999950e+00,5.052999999999999936e+00,4.766190999999999178e+00,2.524599999999999866e+01,0.000000000000000000e+00,0.000000000000000000e+00,0.000000000000000000e+00,9.887670408688679080e-01
2.944999999999999840e+00,5.046000000000000263e+00,4.749883999999997997e+00,2.516600000000000037e+01,0.000000000000000000e+00,0.000000000000000000e+00,0.000000000000000000e+00,9.883703302584906369e-01
2.946000000000000174e+00,5.036999999999999922e+00,4.745630999999999489e+00,2.507999999999999829e+01,0.000000000000000000e+00,0.000000000000000000e+00,0.000000000000000000e+00,9.885158345219763332e-01
2.947000000000000064e+00,5.032000000000000028e+00,4.742975999999998749e+00,2.503200000000000003e+01,0.000000000000000000e+00,0.000000000000000000e+00,0.000000000000000000e+00,9.885856117035393131e-01
2.947999999999999954e+00,5.022999999999999687e+00,4.762471000000001453e+00,2.496999999999999886e+01,0.000000000000000000e+00,0.000000000000000000e+00,0.000000000000000000e+00,9.896740571709773393e-01
2.948999999999999844e+00,5.022000000000000242e+00,4.771515999999994762e+00,2.496999999999999886e+01,0.000000000000000000e+00,0.000000000000000000e+00,0.000000000000000000e+00,9.900682318388496217e-01
2.950000000000000178e+00,5.017000000000000348e+00,4.772710999999993930e+00,2.492599999999999838e+01,0.000000000000000000e+00,0.000000000000000000e+00,0.000000000000000000e+00,9.902945492600420119e-01
2.951000000000000068e+00,5.009999999999999787e+00,4.775900000000000034e+00,2.486599999999999966e+01,0.000000000000000000e+00,0.000000000000000000e+00,0.000000000000000000e+00,9.906733439309007849e-01
2.951999999999999957e+00,5.006000000000000227e+00,4.787963999999995224e+00,2.484199999999999875e+01,0.000000000000000000e+00,0.000000000000000000e+00,0.000000000000000000e+00,9.912994538395712985e-01
2.952999999999999847e+00,5.003000000000000114e+00,4.780991000000000213e+00,2.480799999999999983e+01,0.000000000000000000e+00,0.000000000000000000e+00,0.000000000000000000e+00,9.911302868488780504e-01
2.954000000000000181e+00,4.996999999999999886e+00,4.786991000000003993e+00,2.476000000000000156e+01,0.000000000000000000e+00,0.000000000000000000e+00,0.000000000000000000e+00,9.915895504883479594e-01
2.955000000000000071e+00,4.993000000000000327e+00,4.772950999999999055e+00,2.471000000000000085e+01,0.000000000000000000e+00,0.000000000000000000e+00,0.000000000000000000e+00,9.911733426596953667e-01
2.955999999999999961e+00,4.988999999999999879e+00,4.754879000000002520e+00,2.465599999999999881e+01,0.000000000000000000e+00,0.000000000000000000e+00,0.000000000000000000e+00,9.905938183265562413e-01
2.956999999999999851e+00,4.983999999999999986e+00,4.771744000000001762e+00,2.462800000000000011e+01,0.000000000000000000e+00,0.000000000000000000e+00,0.000000000000000000e+00,9.914551605265259360e-01
2.958000000000000185e+00,4.979000000000000092e+00,4.768558999999996217e+00,2.457999999999999829e+01,0.000000000000000000e+00,0.000000000000000000e+00,0.000000000000000000e+00,9.915112038547437834e-01
2.959000000000000075e+00,4.977000000000000313e+00,4.766470999999995684e+00,2.455999999999999872e+01,0.000000000000000000e+00,0.000000000000000000e+00,0.000000000000000000e+00,9.915008274550776157e-01
2.959999999999999964e+00,4.971000000000000085e+00,4.752158999999998912e+00,2.449200000000000088e+01,0.000000000000000000e+00,0.000000000000000000e+00,0.000000000000000000e+00,9.911439274770129648e-01
2.960999999999999854e+00,4.964999999999999858e+00,4.747775000000000745e+00,2.443400000000000105e+01,0.000000000000000000e+00,0.000000000000000000e+00,0.000000000000000000e+00,9.911880646904971393e-01
2.962000000000000188e+00,4.961000000000000298e+00,4.759478999999998905e+00,2.441000000000000014e+01,0.000000000000000000e+00,0.000000000000000000e+00,0.000000000000000000e+00,9.918119241797366259e-01
2.963000000000000078e+00,4.956999999999999851e+00,4.761151000000001687e+00,2.437600000000000122e+01,0.000000000000000000e+00,0.000000000000000000e+00,0.000000000000000000e+00,9.920295375411105621e-01
2.963999999999999968e+00,4.953000000000000291e+00,4.744790999999999315e+00,2.432400000000000162e+01,0.000000000000000000e+00,0.000000000000000000e+00,0.000000000000000000e+00,9.915128311518950355e-01
2.964999999999999858e+00,4.950000000000000178e+00,4.737499999999997158e+00,2.428999999999999915e+01,0.000000000000000000e+00,0.000000000000000000e+00,0.000000000000000000e+00,9.913274155698397205e-01
2.966000000000000192e+00,4.943999999999999950e+00,4.734864000000001738e+00,2.423400000000000176e+01,0.000000000000000000e+00,0.000000000000000000e+00,0.000000000000000000e+00,9.914439783831339170e-01
2.967000000000000082e+00,4.934999999999999609e+00,4.742775000000001739e+00,2.416199999999999903e+01,0.000000000000000000e+00,0.000000000000000000e+00,0.000000000000000000e+00,9.921071189906475185e-01
2.967999999999999972e+00,4.931000000000000050e+00,4.744239000000000317e+00,2.412800000000000011e+01,0.000000000000000000e+00,0.000000000000000000e+00,0.000000000000000000e+00,9.923190279353352183e-01
2.968999999999999861e+00,4.929000000000000270e+00,4.749959000000000486e+00,2.411599999999999966e+01,0.000000000000000000e+00,0.000000000000000000e+00,0.000000000000000000e+00,9.926305537002385604e-01
2.970000000000000195e+00,4.921000000000000263e+00,4.738758999999994614e+00,2.403399999999999892e+01,0.000000000000000000e+00,0.000000000000000000e+00,0.000000000000000000e+00,9.924744306930211035e-01
2.971000000000000085e+00,4.918000000000000149e+00,4.735275999999998930e+00,2.400400000000000134e+01,0.000000000000000000e+00,0.000000000000000000e+00,0.000000000000000000e+00,9.924452770040291805e-01
2.971999999999999975e+00,4.910000000000000142e+00,4.711899999999999977e+00,2.391000000000000014e+01,0.000000000000000000e+00,0.000000000000000000e+00,0.000000000000000000e+00,9.917828447700151040e-01
2.972999999999999865e+00,4.907000000000000028e+00,4.712351000000001733e+00,2.388400000000000034e+01,0.000000000000000000e+00,0.000000000000000000e+00,0.000000000000000000e+00,9.919161162239625851e-01
2.974000000000000199e+00,4.899000000000000021e+00,4.688798999999999495e+00,2.378999999999999915e+01,0.000000000000000000e+00,0.000000000000000000e+00,0.000000000000000000e+00,9.912416983507762458e-01
2.975000000000000089e+00,4.892999999999999794e+00,4.691551000000000471e+00,2.373999999999999844e+01,0.000000000000000000e+00,0.000000000000000000e+00,0.000000000000000000e+00,9.915857640863758871e-01
2.975999999999999979e+00,4.889000000000000234e+00,4.682679000000000258e+00,2.369600000000000151e+01,0.000000000000000000e+00,0.000000000000000000e+00,0.000000000000000000e+00,9.913681604393147495e-01
2.976999999999999869e+00,4.886999999999999567e+00,4.680231000000002695e+00,2.367599999999999838e+01,0.000000000000000000e+00,0.000000000000000000e+00,0.000000000000000000e+00,9.913423355558144134e-01
2.978000000000000203e+00,4.878999999999999559e+00,4.662359000000002140e+00,2.358800000000000097e+01,0.000000000000000000e+00,0.000000000000000000e+00,0.000000000000000000e+00,9.908992116285225693e-01
2.979000000000000092e+00,4.871000000000000441e+00,4.640358999999993017e+00,2.349599999999999866e+01,0.000000000000000000e+00,0.000000000000000000e+00,0.000000000000000000e+00,9.902792392736921023e-01
2.979999999999999982e+00,4.863000000000000433e+00,4.626230999999993543e+00,2.341199999999999903e+01,0.000000000000000000e+00,0.000000000000000000e+00,0.000000000000000000e+00,9.899881046662510897e-01
2.980999999999999872e+00,4.858999999999999986e+00,4.623118999999995538e+00,2.337399999999999878e+01,0.000000000000000000e+00,0.000000000000000000e+00,0.000000000000000000e+00,9.900092253747486692e-01
2.982000000000000206e+00,4.855999999999999872e+00,4.621264000000000038e+00,2.334600000000000009e+01,0.000000000000000000e+00,0.000000000000000000e+00,0.000000000000000000e+00,9.900454336963868673e-01
2.983000000000000096e+00,4.850999999999999979e+00,4.618798999999999211e+00,2.330000000000000071e+01,0.000000000000000000e+00,0.000000000000000000e+00,0.000000000000000000e+00,9.901326272030397391e-01
2.983999999999999986e+00,4.847000000000000419e+00,4.621590999999998672e+00,2.326800000000000068e+01,0.000000000000000000e+00,0.000000000000000000e+00,0.000000000000000000e+00,9.904054366907756313e-01
2.984999999999999876e+00,4.844000000000000306e+00,4.623663999999997998e+00,2.324399999999999977e+01,0.000000000000000000e+00,0.000000000000000000e+00,0.000000000000000000e+00,9.906097491955450085e-01
2.986000000000000210e+00,4.841999999999999638e+00,4.631036000000005259e+00,2.323400000000000176e+01,0.000000000000000000e+00,0.000000000000000000e+00,0.000000000000000000e+00,9.910017349568123191e-01
2.987000000000000099e+00,4.834999999999999964e+00,4.617775000000001739e+00,2.316000000000000014e+01,0.000000000000000000e+00,0.000000000000000000e+00,0.000000000000000000e+00,9.907078363663780474e-01
2.987999999999999989e+00,4.826999999999999957e+00,4.603070999999999913e+00,2.307600000000000051e+01,0.000000000000000000e+00,0.000000000000000000e+00,0.000000000000000000e+00,9.903892840188484037e-01
2.988999999999999879e+00,4.823999999999999844e+00,4.609024000000005117e+00,2.305600000000000094e+01,0.000000000000000000e+00,0.000000000000000000e+00,0.000000000000000000e+00,9.907620548446272046e-01
2.990000000000000213e+00,4.823000000000000398e+00,4.607670999999996297e+00,2.304599999999999937e+01,0.000000000000000000e+00,0.000000000000000000e+00,0.000000000000000000e+00,9.907430482583344800e-01
2.991000000000000103e+00,4.818999999999999950e+00,4.592238999999999294e+00,2.299599999999999866e+01,0.000000000000000000e+00,0.000000000000000000e+00,0.000000000000000000e+00,9.902353987968958160e-01
2.991999999999999993e+00,4.815000000000000391e+00,4.598774999999996282e+00,2.296799999999999997e+01,0.000000000000000000e+00,0.000000000000000000e+00,0.000000000000000000e+00,9.906736153569936087e-01
2.992999999999999883e+00,4.810999999999999943e+00,4.599279000000002782e+00,2.293400000000000105e+01,0.000000000000000000e+00,0.000000000000000000e+00,0.000000000000000000e+00,9.908526936793199402e-01
2.994000000000000217e+00,4.806000000000000050e+00,4.582363999999998327e+00,2.287399999999999878e+01,0.000000000000000000e+00,0.000000000000000000e+00,0.000000000000000000e+00,9.903177970247689643e-01
2.995000000000000107e+00,4.802999999999999936e+00,4.578191000000003896e+00,2.284400000000000119e+01,0.000000000000000000e+00,0.000000000000000000e+00,0.000000000000000000e+00,9.902548501745366272e-01
2.995999999999999996e+00,4.798000000000000043e+00,4.575195999999994712e+00,2.279799999999999827e+01,0.000000000000000000e+00,0.000000000000000000e+00,0.000000000000000000e+00,9.903216238668292037e-01
2.996999999999999886e+00,4.793000000000000149e+00,4.560150999999997623e+00,2.273999999999999844e+01,0.000000000000000000e+00,0.000000000000000000e+00,0.000000000000000000e+00,9.898641653022660636e-01
2.998000000000000220e+00,4.785000000000000142e+00,4.554774999999999352e+00,2.266600000000000037e+01,0.000000000000000000e+00,0.000000000000000000e+00,0.000000000000000000e+00,9.899448489871146561e-01
2.999000000000000110e+00,4.778999999999999915e+00,4.544159000000000503e+00,2.260399999999999920e+01,0.000000000000000000e+00,0.000000000000000000e+00,0.000000000000000000e+00,9.897174729663383852e-01
3.000000000000000000e+00,4.774000000000000021e+00,4.538924000000001513e+00,2.255600000000000094e+01,0.000000000000000000e+00,0.000000000000000000e+00,0.000000000000000000e+00,9.896856120351668062e-01
3.000999999999999890e+00,4.770999999999999908e+00,4.542559000000000680e+00,2.253399999999999892e+01,0.000000000000000000e+00,0.000000000000000000e+00,0.000000000000000000e+00,9.899641255522638739e-01
3.002000000000000224e+00,4.769999999999999574e+00,4.531100000000002126e+00,2.251399999999999935e+01,0.000000000000000000e+00,0.000000000000000000e+00,0.000000000000000000e+00,9.895002395299061781e-01
3.003000000000000114e+00,4.766000000000000014e+00,4.533243999999996277e+00,2.248199999999999932e+01,0.000000000000000000e+00,0.000000000000000000e+00,0.000000000000000000e+00,9.897530926592387202e-01
3.004000000000000004e+00,4.762999999999999901e+00,4.534830999999996948e+00,2.245799999999999841e+01,0.000000000000000000e+00,0.000000000000000000e+00,0.000000000000000000e+00,9.899423741399440146e-01
3.004999999999999893e+00,4.759000000000000341e+00,4.526918999999995918e+00,2.241600000000000037e+01,0.000000000000000000e+00,0.000000000000000000e+00,0.000000000000000000e+00,9.897527300436622655e-01
3.006000000000000227e+00,4.754999999999999893e+00,4.538974999999997095e+00,2.239399999999999835e+01,0.000000000000000000e+00,0.000000000000000000e+00,0.000000000000000000e+00,9.904456098566896127e-01
3.007000000000000117e+00,4.753000000000000114e+00,4.533991000000000327e+00,2.237199999999999989e+01,0.000000000000000000e+00,0.000000000000000000e+00,0.000000000000000000e+00,9.903054794940766570e-01
3.008000000000000007e+00,4.745000000000000107e+00,4.523975000000000080e+00,2.229400000000000048e+01,0.000000000000000000e+00,0.000000000000000000e+00,0.000000000000000000e+00,9.901832220928024064e-01
3.008999999999999897e+00,4.740000000000000213e+00,4.536399999999996879e+00,2.226399999999999935e+01,0.000000000000000000e+00,0.000000000000000000e+00,0.000000000000000000e+00,9.909380619202762253e-01
3.010000000000000231e+00,4.735000000000000320e+00,4.540774999999996453e+00,2.222599999999999909e+01,0.000000000000000000e+00,0.000000000000000000e+00,0.000000000000000000e+00,9.913370628528481721e-01
3.011000000000000121e+00,4.730000000000000426e+00,4.545099999999994367e+00,2.218799999999999883e+01,0.000000000000000000e+00,0.000000000000000000e+00,0.000000000000000000e+00,9.917355371900823391e-01
3.012000000000000011e+00,4.725999999999999979e+00,4.546923999999997079e+00,2.215599999999999881e+01,0.000000000000000000e+00,0.000000000000000000e+00,0.000000000000000000e+00,9.919822972619389834e-01
3.012999999999999901e+00,4.722000000000000419e+00,4.544715999999997535e+00,2.212000000000000099e+01,0.000000000000000000e+00,0.000000000000000000e+00,0.000000000000000000e+00,9.920490764704793518e-01
3.014000000000000234e+00,4.717999999999999972e+00,4.546476000000001960e+00,2.208800000000000097e+01,0.000000000000000000e+00,0.000000000000000000e+00,0.000000000000000000e+00,9.922943545423523748e-01
3.015000000000000124e+00,4.709999999999999964e+00,4.547899999999998499e+00,2.202199999999999847e+01,0.000000000000000000e+00,0.000000000000000000e+00,0.000000000000000000e+00,9.926929647810818214e-01
3.016000000000000014e+00,4.706000000000000405e+00,4.553563999999994394e+00,2.199399999999999977e+01,0.000000000000000000e+00,0.000000000000000000e+00,0.000000000000000000e+00,9.931169060340000465e-01
3.016999999999999904e+00,4.703000000000000291e+00,4.554790999999994483e+00,2.196999999999999886e+01,0.000000000000000000e+00,0.000000000000000000e+00,0.000000000000000000e+00,9.932992314160696834e-01
3.018000000000000238e+00,4.697000000000000064e+00,4.549191000000000429e+00,2.191400000000000148e+01,0.000000000000000000e+00,0.000000000000000000e+00,0.000000000000000000e+00,9.933002320888555392e-01
3.019000000000000128e+00,4.692999999999999616e+00,4.556751000000005547e+00,2.188800000000000168e+01,0.000000000000000000e+00,0.000000000000000000e+00,0.000000000000000000e+00,9.938136823643796136e-01
3.020000000000000018e+00,4.690999999999999837e+00,4.559518999999998101e+00,2.187399999999999878e+01,0.000000000000000000e+00,0.000000000000000000e+00,0.000000000000000000e+00,9.940250794790624900e-01
3.020999999999999908e+00,4.684999999999999609e+00,4.549775000000003899e+00,2.181400000000000006e+01,0.000000000000000000e+00,0.000000000000000000e+00,0.000000000000000000e+00,9.938391902219784191e-01
3.022000000000000242e+00,4.681000000000000050e+00,4.557238999999999152e+00,2.178800000000000026e+01,0.000000000000000000e+00,0.000000000000000000e+00,0.000000000000000000e+00,9.943518460246074664e-01
3.023000000000000131e+00,4.677999999999999936e+00,4.564316000000001594e+00,2.176999999999999957e+01,0.000000000000000000e+00,0.000000000000000000e+00,0.000000000000000000e+00,9.948050794372648165e-01
3.024000000000000021e+00,4.674999999999999822e+00,4.583375000000000199e+00,2.176399999999999935e+01,0.000000000000000000e+00,0.000000000000000000e+00,0.000000000000000000e+00,9.958077154050730684e-01
3.024999999999999911e+00,4.663999999999999702e+00,4.567104000000004049e+00,2.165599999999999881e+01,0.000000000000000000e+00,0.000000000000000000e+00,0.000000000000000000e+00,9.955456045944411914e-01
3.026000000000000245e+00,4.660999999999999588e+00,4.572079000000002225e+00,2.163599999999999923e+01,0.000000000000000000e+00,0.000000000000000000e+00,0.000000000000000000e+00,9.959069586490097992e-01
3.027000000000000135e+00,4.650000000000000355e+00,4.545499999999996987e+00,2.151800000000000068e+01,0.000000000000000000e+00,0.000000000000000000e+00,0.000000000000000000e+00,9.951670713377268607e-01
3.028000000000000025e+00,4.645999999999999908e+00,4.538684000000003493e+00,2.147800000000000153e+01,0.000000000000000000e+00,0.000000000000000000e+00,0.000000000000000000e+00,9.950282868223936372e-01
3.028999999999999915e+00,4.639000000000000234e+00,4.520678999999997671e+00,2.140200000000000102e+01,0.000000000000000000e+00,0.000000000000000000e+00,0.000000000000000000e+00,9.945018942793649730e-01
3.030000000000000249e+00,4.633000000000000007e+00,4.508310999999999069e+00,2.133999999999999986e+01,0.000000000000000000e+00,0.000000000000000000e+00,0.000000000000000000e+00,9.941909710408569634e-01
3.031000000000000139e+00,4.628000000000000114e+00,4.503616000000000952e+00,2.129400000000000048e+01,0.000000000000000000e+00,0.000000000000000000e+00,0.000000000000000000e+00,9.941926524428733591e-01
3.032000000000000028e+00,4.626000000000000334e+00,4.504123999999997352e+00,2.127799999999999869e+01,0.000000000000000000e+00,0.000000000000000000e+00,0.000000000000000000e+00,9.943048268130150191e-01
3.032999999999999918e+00,4.625000000000000000e+00,4.504374999999999574e+00,2.126999999999999957e+01,0.000000000000000000e+00,0.000000000000000000e+00,0.000000000000000000e+00,9.943608473338202414e-01
3.034000000000000252e+00,4.620000000000000107e+00,4.477600000000002467e+00,2.120200000000000173e+01,0.000000000000000000e+00,0.000000000000000000e+00,0.000000000000000000e+00,9.933284608609284083e-01
3.035000000000000142e+00,4.616999999999999993e+00,4.480311000000000377e+00,2.117999999999999972e+01,0.000000000000000000e+00,0.000000000000000000e+00,0.000000000000000000e+00,9.935877002286799264e-01
3.036000000000000032e+00,4.613000000000000433e+00,4.479230999999995078e+00,2.114600000000000080e+01,0.000000000000000000e+00,0.000000000000000000e+00,0.000000000000000000e+00,9.937137945435401409e-01
3.036999999999999922e+00,4.605999999999999872e+00,4.480764000000000635e+00,2.108999999999999986e+01,0.000000000000000000e+00,0.000000000000000000e+00,0.000000000000000000e+00,9.940968839564171544e-01
3.038000000000000256e+00,4.602999999999999758e+00,4.475390999999998343e+00,2.105999999999999872e+01,0.000000000000000000e+00,0.000000000000000000e+00,0.000000000000000000e+00,9.939771873268002933e-01
3.039000000000000146e+00,4.597999999999999865e+00,4.476396000000001152e+00,2.101999999999999957e+01,0.000000000000000000e+00,0.000000000000000000e+00,0.000000000000000000e+00,9.942481185438910574e-01
3.040000000000000036e+00,4.592999999999999972e+00,4.469351000000003182e+00,2.097200000000000131e+01,0.000000000000000000e+00,0.000000000000000000e+00,0.000000000000000000e+00,9.941386491593600105e-01
3.040999999999999925e+00,4.588000000000000078e+00,4.472256000000001563e+00,2.093400000000000105e+01,0.000000000000000000e+00,0.000000000000000000e+00,0.000000000000000000e+00,9.945014058128213152e-01
3.042000000000000259e+00,4.581999999999999851e+00,4.479276000000002256e+00,2.089199999999999946e+01,0.000000000000000000e+00,0.000000000000000000e+00,0.000000000000000000e+00,9.951071516824894214e-01
3.043000000000000149e+00,4.578000000000000291e+00,4.477915999999996899e+00,2.085800000000000054e+01,0.000000000000000000e+00,0.000000000000000000e+00,0.000000000000000000e+00,9.952245634667747920e-01
3.044000000000000039e+00,4.575000000000000178e+00,4.482374999999997556e+00,2.083800000000000097e+01,0.000000000000000000e+00,0.000000000000000000e+00,0.000000000000000000e+00,9.955746663083400172e-01
3.044999999999999929e+00,4.570000000000000284e+00,4.477100000000000080e+00,2.079200000000000159e+01,0.000000000000000000e+00,0.000000000000000000e+00,0.000000000000000000e+00,9.955518101594932334e-01
3.046000000000000263e+00,4.565999999999999837e+00,4.469643999999998840e+00,2.075199999999999889e+01,0.000000000000000000e+00,0.000000000000000000e+00,0.000000000000000000e+00,9.953782446922913030e-01
3.047000000000000153e+00,4.559999999999999609e+00,4.452400000000000801e+00,2.068599999999999994e+01,0.000000000000000000e+00,0.000000000000000000e+00,0.000000000000000000e+00,9.948253308710373055e-01
3.048000000000000043e+00,4.551999999999999602e+00,4.445296000000002579e+00,2.061400000000000077e+01,0.000000000000000000e+00,0.000000000000000000e+00,0.000000000000000000e+00,9.948503680183841125e-01
3.048999999999999932e+00,4.548000000000000043e+00,4.451696000000001874e+00,2.058800000000000097e+01,0.000000000000000000e+00,0.000000000000000000e+00,0.000000000000000000e+00,9.953441024653283398e-01
3.050000000000000266e+00,4.543000000000000149e+00,4.448150999999999300e+00,2.054400000000000048e+01,0.000000000000000000e+00,0.000000000000000000e+00,0.000000000000000000e+00,9.954043464342415826e-01
3.051000000000000156e+00,4.538000000000000256e+00,4.448555999999999955e+00,2.050400000000000134e+01,0.000000000000000000e+00,0.000000000000000000e+00,0.000000000000000000e+00,9.956566759790154153e-01
3.052000000000000046e+00,4.535999999999999588e+00,4.440704000000000207e+00,2.048000000000000043e+01,0.000000000000000000e+00,0.000000000000000000e+00,0.000000000000000000e+00,9.953684262914128666e-01
3.052999999999999936e+00,4.532000000000000028e+00,4.430975999999997583e+00,2.043799999999999883e+01,0.000000000000000000e+00,0.000000000000000000e+00,0.000000000000000000e+00,9.950813631650655688e-01
3.054000000000000270e+00,4.527999999999999581e+00,4.419216000000002254e+00,2.039399999999999835e+01,0.000000000000000000e+00,0.000000000000000000e+00,0.000000000000000000e+00,9.946941839703331567e-01
3.055000000000000160e+00,4.524000000000000021e+00,4.425423999999999580e+00,2.036799999999999855e+01,0.000000000000000000e+00,0.000000000000000000e+00,0.000000000000000000e+00,9.951835617252244859e-01
3.056000000000000050e+00,4.517000000000000348e+00,4.419710999999995948e+00,2.030600000000000094e+01,0.000000000000000000e+00,0.000000000000000000e+00,0.000000000000000000e+00,9.952317001440305066e-01
3.056999999999999940e+00,4.511999999999999567e+00,4.425856000000003121e+00,2.027199999999999847e+01,0.000000000000000000e+00,0.000000000000000000e+00,0.000000000000000000e+00,9.957685730094061327e-01
3.058000000000000274e+00,4.508000000000000007e+00,4.423935999999997648e+00,2.023799999999999955e+01,0.000000000000000000e+00,0.000000000000000000e+00,0.000000000000000000e+00,9.958634122990656090e-01
3.059000000000000163e+00,4.504999999999999893e+00,4.425975000000001103e+00,2.021600000000000108e+01,0.000000000000000000e+00,0.000000000000000000e+00,0.000000000000000000e+00,9.961061885856263842e-01
3.060000000000000053e+00,4.503000000000000114e+00,4.421991000000002003e+00,2.019600000000000151e+01,0.000000000000000000e+00,0.000000000000000000e+00,0.000000000000000000e+00,9.960048841522929353e-01
3.060999999999999943e+00,4.496000000000000441e+00,4.431983999999996371e+00,2.014999999999999858e+01,0.000000000000000000e+00,0.000000000000000000e+00,0.000000000000000000e+00,9.968330884867210306e-01
3.062000000000000277e+00,4.493999999999999773e+00,4.437964000000000908e+00,2.014000000000000057e+01,0.000000000000000000e+00,0.000000000000000000e+00,0.000000000000000000e+00,9.972253961123856980e-01
3.063000000000000167e+00,4.490000000000000213e+00,4.433899999999997732e+00,2.010399999999999920e+01,0.000000000000000000e+00,0.000000000000000000e+00,0.000000000000000000e+00,9.972172757079575955e-01
3.064000000000000057e+00,4.488000000000000433e+00,4.431855999999992690e+00,2.008599999999999852e+01,0.000000000000000000e+00,0.000000000000000000e+00,0.000000000000000000e+00,9.972126105344094604e-01
3.064999999999999947e+00,4.483999999999999986e+00,4.409743999999999886e+00,2.003200000000000003e+01,0.000000000000000000e+00,0.000000000000000000e+00,0.000000000000000000e+00,9.963068211207497527e-01
3.066000000000000281e+00,4.480999999999999872e+00,4.397638999999998077e+00,1.999599999999999866e+01,0.000000000000000000e+00,0.000000000000000000e+00,0.000000000000000000e+00,9.958484236624860486e-01
3.067000000000000171e+00,4.477000000000000313e+00,4.403470999999996138e+00,1.996999999999999886e+01,0.000000000000000000e+00,0.000000000000000000e+00,0.000000000000000000e+00,9.963315342323199042e-01
3.068000000000000060e+00,4.474999999999999645e+00,4.407375000000001819e+00,1.995799999999999841e+01,0.000000000000000000e+00,0.000000000000000000e+00,0.000000000000000000e+00,9.966230766829998755e-01
3.068999999999999950e+00,4.471000000000000085e+00,4.391158999999998258e+00,1.991000000000000014e+01,0.000000000000000000e+00,0.000000000000000000e+00,0.000000000000000000e+00,9.960059212076773916e-01
3.070000000000000284e+00,4.466000000000000192e+00,4.376844000000001955e+00,1.985600000000000165e+01,0.000000000000000000e+00,0.000000000000000000e+00,0.000000000000000000e+00,9.955299422075215565e-01
3.071000000000000174e+00,4.459999999999999964e+00,4.374400000000001398e+00,1.980600000000000094e+01,0.000000000000000000e+00,0.000000000000000000e+00,0.000000000000000000e+00,9.956966759838323799e-01
3.072000000000000064e+00,4.456000000000000405e+00,4.364063999999995502e+00,1.976399999999999935e+01,0.000000000000000000e+00,0.000000000000000000e+00,0.000000000000000000e+00,9.953698480897599232e-01
3.072999999999999954e+00,4.447000000000000064e+00,4.351191000000000031e+00,1.967999999999999972e+01,0.000000000000000000e+00,0.000000000000000000e+00,0.000000000000000000e+00,9.951552424479828129e-01
3.073999999999999844e+00,4.442000000000000171e+00,4.344635999999997722e+00,1.963400000000000034e+01,0.000000000000000000e+00,0.000000000000000000e+00,0.000000000000000000e+00,9.950655210658522209e-01
3.075000000000000178e+00,4.437000000000000277e+00,4.332031000000000631e+00,1.958200000000000074e+01,0.000000000000000000e+00,0.000000000000000000e+00,0.000000000000000000e+00,9.946680974608127501e-01
3.076000000000000068e+00,4.429999999999999716e+00,4.315100000000004599e+00,1.951000000000000156e+01,0.000000000000000000e+00,0.000000000000000000e+00,0.000000000000000000e+00,9.941451930965256034e-01
3.076999999999999957e+00,4.419999999999999929e+00,4.303600000000002979e+00,1.942000000000000171e+01,0.000000000000000000e+00,0.000000000000000000e+00,0.000000000000000000e+00,9.940418910341721759e-01
3.077999999999999847e+00,4.416999999999999815e+00,4.307111000000002576e+00,1.939999999999999858e+01,0.000000000000000000e+00,0.000000000000000000e+00,0.000000000000000000e+00,9.943675230545904187e-01
3.079000000000000181e+00,4.408999999999999808e+00,4.313719000000002524e+00,1.934400000000000119e+01,0.000000000000000000e+00,0.000000000000000000e+00,0.000000000000000000e+00,9.950985327080772436e-01
3.080000000000000071e+00,4.407000000000000028e+00,4.309351000000003040e+00,1.932400000000000162e+01,0.000000000000000000e+00,0.000000000000000000e+00,0.000000000000000000e+00,9.949721571015933685e-01
3.080999999999999961e+00,4.399000000000000021e+00,4.307799000000002820e+00,1.926000000000000156e+01,0.000000000000000000e+00,0.000000000000000000e+00,0.000000000000000000e+00,9.952870625445935371e-01
3.081999999999999851e+00,4.395999999999999908e+00,4.305184000000004119e+00,1.923400000000000176e+01,0.000000000000000000e+00,0.000000000000000000e+00,0.000000000000000000e+00,9.953005503390046638e-01
3.083000000000000185e+00,4.389000000000000234e+00,4.297678999999998695e+00,1.917200000000000060e+01,0.000000000000000000e+00,0.000000000000000000e+00,0.000000000000000000e+00,9.952593324899688954e-01
3.084000000000000075e+00,4.381999999999999673e+00,4.288076000000003773e+00,1.910800000000000054e+01,0.000000000000000000e+00,0.000000000000000000e+00,0.000000000000000000e+00,9.951086151575229133e-01
3.084999999999999964e+00,4.378999999999999559e+00,4.283359000000000805e+00,1.907999999999999829e+01,0.000000000000000000e+00,0.000000000000000000e+00,0.000000000000000000e+00,9.950123701210302762e-01
3.085999999999999854e+00,4.371999999999999886e+00,4.263616000000002515e+00,1.900600000000000023e+01,0.000000000000000000e+00,0.000000000000000000e+00,0.000000000000000000e+00,9.943297152552759144e-01
3.087000000000000188e+00,4.368000000000000327e+00,4.252575999999997691e+00,1.896399999999999864e+01,0.000000000000000000e+00,0.000000000000000000e+00,0.000000000000000000e+00,9.939503414778138035e-01
3.088000000000000078e+00,4.363999999999999879e+00,4.241504000000002605e+00,1.892200000000000060e+01,0.000000000000000000e+00,0.000000000000000000e+00,0.000000000000000000e+00,9.935679053937684913e-01
3.088999999999999968e+00,4.360000000000000320e+00,4.242399999999996396e+00,1.889199999999999946e+01,0.000000000000000000e+00,0.000000000000000000e+00,0.000000000000000000e+00,9.938136520494905701e-01
3.089999999999999858e+00,4.352000000000000313e+00,4.234095999999997417e+00,1.882199999999999918e+01,0.000000000000000000e+00,0.000000000000000000e+00,0.000000000000000000e+00,9.937748364511244104e-01
3.091000000000000192e+00,4.344999999999999751e+00,4.239975000000001160e+00,1.877400000000000091e+01,0.000000000000000000e+00,0.000000000000000000e+00,0.000000000000000000e+00,9.944369478826370345e-01
3.092000000000000082e+00,4.336999999999999744e+00,4.247431000000002399e+00,1.871999999999999886e+01,0.000000000000000000e+00,0.000000000000000000e+00,0.000000000000000000e+00,9.952381152380472829e-01
3.092999999999999972e+00,4.333999999999999631e+00,4.242444000000002546e+00,1.869200000000000017e+01,0.000000000000000000e+00,0.000000000000000000e+00,0.000000000000000000e+00,9.951257365751193795e-01
3.093999999999999861e+00,4.331999999999999851e+00,4.239776000000002654e+00,1.867399999999999949e+01,0.000000000000000000e+00,0.000000000000000000e+00,0.000000000000000000e+00,9.950856389649831435e-01
3.095000000000000195e+00,4.328999999999999737e+00,4.246759000000004391e+00,1.865800000000000125e+01,0.000000000000000000e+00,0.000000000000000000e+00,0.000000000000000000e+00,9.956115292220630852e-01
3.096000000000000085e+00,4.326999999999999957e+00,4.234071000000000140e+00,1.862999999999999901e+01,0.000000000000000000e+00,0.000000000000000000e+00,0.000000000000000000e+00,9.950366206056754370e-01
3.096999999999999975e+00,4.320999999999999730e+00,4.229958999999997360e+00,1.857999999999999829e+01,0.000000000000000000e+00,0.000000000000000000e+00,0.000000000000000000e+00,9.951239462223878673e-01
3.097999999999999865e+00,4.315000000000000391e+00,4.215774999999997164e+00,1.851999999999999957e+01,0.000000000000000000e+00,0.000000000000000000e+00,0.000000000000000000e+00,9.946708308213685346e-01
3.099000000000000199e+00,4.310999999999999943e+00,4.220279000000001446e+00,1.849399999999999977e+01,0.000000000000000000e+00,0.000000000000000000e+00,0.000000000000000000e+00,9.951185169796200602e-01
3.100000000000000089e+00,4.307000000000000384e+00,4.218750999999993923e+00,1.846199999999999974e+01,0.000000000000000000e+00,0.000000000000000000e+00,0.000000000000000000e+00,9.952427053674587354e-01
3.100999999999999979e+00,4.302999999999999936e+00,4.205190999999999235e+00,1.841799999999999926e+01,0.000000000000000000e+00,0.000000000000000000e+00,0.000000000000000000e+00,9.947175411023088110e-01
3.101999999999999869e+00,4.296999999999999709e+00,4.210791000000003947e+00,1.837800000000000011e+01,0.000000000000000000e+00,0.000000000000000000e+00,0.000000000000000000e+00,9.953310212205680463e-01
3.103000000000000203e+00,4.291999999999999815e+00,4.208736000000005362e+00,1.833800000000000097e+01,0.000000000000000000e+00,0.000000000000000000e+00,0.000000000000000000e+00,9.954800061494153418e-01
3.104000000000000092e+00,4.288999999999999702e+00,4.209478999999998194e+00,1.831599999999999895e+01,0.000000000000000000e+00,0.000000000000000000e+00,0.000000000000000000e+00,9.956771542377081952e-01
3.104999999999999982e+00,4.283999999999999808e+00,4.201343999999998857e+00,1.826999999999999957e+01,0.000000000000000000e+00,0.000000000000000000e+00,0.000000000000000000e+00,9.954962377107705596e-01
3.105999999999999872e+00,4.280000000000000249e+00,4.199600000000000222e+00,1.823799999999999955e+01,0.000000000000000000e+00,0.000000000000000000e+00,0.000000000000000000e+00,9.956109703904270081e-01
3.107000000000000206e+00,4.277999999999999581e+00,4.200716000000003447e+00,1.822400000000000020e+01,0.000000000000000000e+00,0.000000000000000000e+00,0.000000000000000000e+00,9.957771268944848320e-01
3.108000000000000096e+00,4.274000000000000021e+00,4.202924000000002991e+00,1.819600000000000151e+01,0.000000000000000000e+00,0.000000000000000000e+00,0.000000000000000000e+00,9.961090652932085288e-01
3.108999999999999986e+00,4.270999999999999908e+00,4.203559000000002044e+00,1.817399999999999949e+01,0.000000000000000000e+00,0.000000000000000000e+00,0.000000000000000000e+00,9.963028688358557261e-01
3.109999999999999876e+00,4.267000000000000348e+00,4.197710999999998194e+00,1.813800000000000168e+01,0.000000000000000000e+00,0.000000000000000000e+00,0.000000000000000000e+00,9.961944361953061211e-01
3.111000000000000210e+00,4.259999999999999787e+00,4.186400000000006116e+00,1.807400000000000162e+01,0.000000000000000000e+00,0.000000000000000000e+00,0.000000000000000000e+00,9.959443672992575047e-01
3.112000000000000099e+00,4.251999999999999780e+00,4.180496000000001544e+00,1.800799999999999912e+01,0.000000000000000000e+00,0.000000000000000000e+00,0.000000000000000000e+00,9.960450242440280766e-01
3.112999999999999989e+00,4.246999999999999886e+00,4.179991000000001122e+00,1.796999999999999886e+01,0.000000000000000000e+00,0.000000000000000000e+00,0.000000000000000000e+00,9.962849161964714151e-01
3.113999999999999879e+00,4.238999999999999879e+00,4.163879000000001440e+00,1.789399999999999835e+01,0.000000000000000000e+00,0.000000000000000000e+00,0.000000000000000000e+00,9.958194393593320370e-01
3.115000000000000213e+00,4.237000000000000099e+00,4.162831000000000614e+00,1.787800000000000011e+01,0.000000000000000000e+00,0.000000000000000000e+00,0.000000000000000000e+00,9.958685215140298252e-01
3.116000000000000103e+00,4.230999999999999872e+00,4.129639000000000948e+00,1.780000000000000071e+01,0.000000000000000000e+00,0.000000000000000000e+00,0.000000000000000000e+00,9.943378048183042495e-01
3.116999999999999993e+00,4.222999999999999865e+00,4.123271000000002573e+00,1.773400000000000176e+01,0.000000000000000000e+00,0.000000000000000000e+00,0.000000000000000000e+00,9.944078436988699199e-01
3.117999999999999883e+00,4.219999999999999751e+00,4.113600000000001700e+00,1.770200000000000173e+01,0.000000000000000000e+00,0.000000000000000000e+00,0.000000000000000000e+00,9.940252914355025560e-01
3.119000000000000217e+00,4.216000000000000192e+00,4.121344000000000563e+00,1.767999999999999972e+01,0.000000000000000000e+00,0.000000000000000000e+00,0.000000000000000000e+00,9.946746648711513039e-01
3.120000000000000107e+00,4.211999999999999744e+00,4.129056000000002058e+00,1.765800000000000125e+01,0.000000000000000000e+00,0.000000000000000000e+00,0.000000000000000000e+00,9.953247132734313052e-01
3.120999999999999996e+00,4.206000000000000405e+00,4.111563999999997776e+00,1.759600000000000009e+01,0.000000000000000000e+00,0.000000000000000000e+00,0.000000000000000000e+00,9.946617483028681317e-01
3.121999999999999886e+00,4.203000000000000291e+00,4.121790999999998206e+00,1.758399999999999963e+01,0.000000000000000000e+00,0.000000000000000000e+00,0.000000000000000000e+00,9.954028848455740430e-01
3.123000000000000220e+00,4.198000000000000398e+00,4.108795999999994564e+00,1.753399999999999892e+01,0.000000000000000000e+00,0.000000000000000000e+00,0.000000000000000000e+00,9.949382643473907439e-01
3.124000000000000110e+00,4.190999999999999837e+00,4.094519000000001796e+00,1.746799999999999997e+01,0.000000000000000000e+00,0.000000000000000000e+00,0.000000000000000000e+00,9.945070395191296653e-01
3.125000000000000000e+00,4.189000000000000057e+00,4.099278999999999229e+00,1.745799999999999841e+01,0.000000000000000000e+00,0.000000000000000000e+00,0.000000000000000000e+00,9.948870283497213141e-01
3.125999999999999890e+00,4.184000000000000163e+00,4.104143999999998016e+00,1.742599999999999838e+01,0.000000000000000000e+00,0.000000000000000000e+00,0.000000000000000000e+00,9.954383264662977071e-01
3.127000000000000224e+00,4.182000000000000384e+00,4.110875999999997532e+00,1.741799999999999926e+01,0.000000000000000000e+00,0.000000000000000000e+00,0.000000000000000000e+00,9.959332439978123563e-01
3.128000000000000114e+00,4.181000000000000050e+00,4.106238999999998640e+00,1.740599999999999881e+01,0.000000000000000000e+00,0.000000000000000000e+00,0.000000000000000000e+00,9.957232411106128334e-01
3.129000000000000004e+00,4.176999999999999602e+00,4.115671000000002522e+00,1.738599999999999923e+01,0.000000000000000000e+00,0.000000000000000000e+00,0.000000000000000000e+00,9.964849060850519136e-01
3.129999999999999893e+00,4.169999999999999929e+00,4.121099999999998431e+00,1.733999999999999986e+01,0.000000000000000000e+00,0.000000000000000000e+00,0.000000000000000000e+00,9.971878612218139093e-01
3.131000000000000227e+00,4.166999999999999815e+00,4.123111000000005077e+00,1.732000000000000028e+01,0.000000000000000000e+00,0.000000000000000000e+00,0.000000000000000000e+00,9.974723980324916583e-01
3.132000000000000117e+00,4.163000000000000256e+00,4.132431000000000409e+00,1.730000000000000071e+01,0.000000000000000000e+00,0.000000000000000000e+00,0.000000000000000000e+00,9.982361225416199746e-01
3.133000000000000007e+00,4.157000000000000028e+00,4.130351000000000994e+00,1.725400000000000134e+01,0.000000000000000000e+00,0.000000000000000000e+00,0.000000000000000000e+00,9.984578704191029441e-01
3.133999999999999897e+00,4.150000000000000355e+00,4.121499999999997499e+00,1.719399999999999906e+01,0.000000000000000000e+00,0.000000000000000000e+00,0.000000000000000000e+00,9.983451879808387108e-01
3.135000000000000231e+00,4.149000000000000021e+00,4.116799000000000319e+00,1.718199999999999861e+01,0.000000000000000000e+00,0.000000000000000000e+00,0.000000000000000000e+00,9.981293932840681338e-01
3.136000000000000121e+00,4.145999999999999908e+00,4.116684000000002897e+00,1.716000000000000014e+01,0.000000000000000000e+00,0.000000000000000000e+00,0.000000000000000000e+00,9.982945220158848665e-01
3.137000000000000011e+00,4.141000000000000014e+00,4.099118999999998181e+00,1.710600000000000165e+01,0.000000000000000000e+00,0.000000000000000000e+00,0.000000000000000000e+00,9.975576574155139431e-01
3.137999999999999901e+00,4.134999999999999787e+00,4.078775000000000261e+00,1.704200000000000159e+01,0.000000000000000000e+00,0.000000000000000000e+00,0.000000000000000000e+00,9.967116469692031133e-01
3.139000000000000234e+00,4.131999999999999673e+00,4.088576000000003319e+00,1.703000000000000114e+01,0.000000000000000000e+00,0.000000000000000000e+00,0.000000000000000000e+00,9.974566320147619791e-01
3.140000000000000124e+00,4.128000000000000114e+00,4.097616000000002145e+00,1.701000000000000156e+01,0.000000000000000000e+00,0.000000000000000000e+00,0.000000000000000000e+00,9.982169415900488119e-01
3.141000000000000014e+00,4.123999999999999666e+00,4.090624000000001814e+00,1.697400000000000020e+01,0.000000000000000000e+00,0.000000000000000000e+00,0.000000000000000000e+00,9.980375573515869458e-01
3.141999999999999904e+00,4.118000000000000327e+00,4.088075999999997379e+00,1.692800000000000082e+01,0.000000000000000000e+00,0.000000000000000000e+00,0.000000000000000000e+00,9.982353972101772888e-01
3.143000000000000238e+00,4.118000000000000327e+00,4.088075999999997379e+00,1.692800000000000082e+01,0.000000000000000000e+00,0.000000000000000000e+00,0.000000000000000000e+00,9.982353972101772888e-01
3.144000000000000128e+00,4.115999999999999659e+00,4.096544000000001517e+00,1.692200000000000060e+01,0.000000000000000000e+00,0.000000000000000000e+00,0.000000000000000000e+00,9.988515745045762895e-01
3.145000000000000018e+00,4.110999999999999766e+00,4.108679000000002191e+00,1.689799999999999969e+01,0.000000000000000000e+00,0.000000000000000000e+00,0.000000000000000000e+00,9.998626653304396594e-01
3.145999999999999908e+00,4.110000000000000320e+00,4.107899999999997220e+00,1.689000000000000057e+01,0.000000000000000000e+00,0.000000000000000000e+00,0.000000000000000000e+00,9.998756815316034441e-01
3.147000000000000242e+00,4.104000000000000092e+00,4.103183999999998832e+00,1.684199999999999875e+01,0.000000000000000000e+00,0.000000000000000000e+00,0.000000000000000000e+00,9.999515520445036998e-01
3.148000000000000131e+00,4.100999999999999979e+00,4.110799000000000092e+00,1.682799999999999940e+01,0.000000000000000000e+00,0.000000000000000000e+00,0.000000000000000000e+00,1.000582642578715875e+00
3.149000000000000021e+00,4.096000000000000085e+00,4.112784000000001328e+00,1.679400000000000048e+01,0.000000000000000000e+00,0.000000000000000000e+00,0.000000000000000000e+00,1.001000404357910156e+00
3.149999999999999911e+00,4.089999999999999858e+00,4.113900000000001000e+00,1.675199999999999889e+01,0.000000000000000000e+00,0.000000000000000000e+00,0.000000000000000000e+00,1.001428733687627526e+00
3.151000000000000245e+00,4.089000000000000412e+00,4.117079000000000377e+00,1.674800000000000111e+01,0.000000000000000000e+00,0.000000000000000000e+00,0.000000000000000000e+00,1.001679373963549224e+00
3.152000000000000135e+00,4.083999999999999631e+00,4.114944000000004820e+00,1.671000000000000085e+01,0.000000000000000000e+00,0.000000000000000000e+00,0.000000000000000000e+00,1.001855260873277587e+00
3.153000000000000025e+00,4.081000000000000405e+00,4.112438999999994849e+00,1.668599999999999994e+01,0.000000000000000000e+00,0.000000000000000000e+00,0.000000000000000000e+00,1.001887711120094782e+00
3.153999999999999915e+00,4.076999999999999957e+00,4.117070999999999259e+00,1.666199999999999903e+01,0.000000000000000000e+00,0.000000000000000000e+00,0.000000000000000000e+00,1.002410731028871682e+00
3.155000000000000249e+00,4.070000000000000284e+00,4.099099999999999966e+00,1.659400000000000119e+01,0.000000000000000000e+00,0.000000000000000000e+00,0.000000000000000000e+00,1.001756726572451406e+00
3.156000000000000139e+00,4.068999999999999950e+00,4.102239000000000857e+00,1.658999999999999986e+01,0.000000000000000000e+00,0.000000000000000000e+00,0.000000000000000000e+00,1.002007578656236131e+00
3.157000000000000028e+00,4.064000000000000057e+00,4.099903999999998661e+00,1.655199999999999960e+01,0.000000000000000000e+00,0.000000000000000000e+00,0.000000000000000000e+00,1.002173879347758589e+00
3.157999999999999918e+00,4.060999999999999943e+00,4.097279000000000337e+00,1.652799999999999869e+01,0.000000000000000000e+00,0.000000000000000000e+00,0.000000000000000000e+00,1.002199831054624291e+00
3.159000000000000252e+00,4.059999999999999609e+00,4.094400000000003814e+00,1.651800000000000068e+01,0.000000000000000000e+00,0.000000000000000000e+00,0.000000000000000000e+00,1.002086922759591658e+00
3.160000000000000142e+00,4.056000000000000050e+00,4.084863999999999606e+00,1.648000000000000043e+01,0.000000000000000000e+00,0.000000000000000000e+00,0.000000000000000000e+00,1.001754529292080420e+00
3.161000000000000032e+00,4.051000000000000156e+00,4.080398999999999887e+00,1.644000000000000128e+01,0.000000000000000000e+00,0.000000000000000000e+00,0.000000000000000000e+00,1.001791463944556426e+00
3.161999999999999922e+00,4.046000000000000263e+00,4.071883999999997172e+00,1.639600000000000080e+01,0.000000000000000000e+00,0.000000000000000000e+00,0.000000000000000000e+00,1.001581173890276455e+00
3.163000000000000256e+00,4.041000000000000369e+00,4.055318999999997231e+00,1.634400000000000119e+01,0.000000000000000000e+00,0.000000000000000000e+00,0.000000000000000000e+00,1.000876869548155801e+00
3.164000000000000146e+00,4.035999999999999588e+00,4.046704000000001855e+00,1.630000000000000071e+01,0.000000000000000000e+00,0.000000000000000000e+00,0.000000000000000000e+00,1.000657118637908294e+00
3.165000000000000036e+00,4.033999999999999808e+00,4.046844000000000108e+00,1.628600000000000136e+01,0.000000000000000000e+00,0.000000000000000000e+00,0.000000000000000000e+00,1.000789275294847513e+00
3.165999999999999925e+00,4.027999999999999581e+00,4.047216000000002367e+00,1.624399999999999977e+01,0.000000000000000000e+00,0.000000000000000000e+00,0.000000000000000000e+00,1.001184360913526028e+00
3.167000000000000259e+00,4.025999999999999801e+00,4.049324000000002144e+00,1.623199999999999932e+01,0.000000000000000000e+00,0.000000000000000000e+00,0.000000000000000000e+00,1.001438982431384517e+00
3.168000000000000149e+00,4.017999999999999794e+00,4.053676000000002944e+00,1.617999999999999972e+01,0.000000000000000000e+00,0.000000000000000000e+00,0.000000000000000000e+00,1.002209816899115813e+00
3.169000000000000039e+00,4.017000000000000348e+00,4.046710999999998393e+00,1.616600000000000037e+01,0.000000000000000000e+00,0.000000000000000000e+00,0.000000000000000000e+00,1.001841253586868596e+00
3.169999999999999929e+00,4.014000000000000234e+00,4.043803999999997956e+00,1.614199999999999946e+01,0.000000000000000000e+00,0.000000000000000000e+00,0.000000000000000000e+00,1.001849778887992537e+00
3.171000000000000263e+00,4.009999999999999787e+00,4.033899999999999153e+00,1.610399999999999920e+01,0.000000000000000000e+00,0.000000000000000000e+00,0.000000000000000000e+00,1.001486309164744126e+00
3.172000000000000153e+00,4.004999999999999893e+00,4.022974999999998857e+00,1.605799999999999983e+01,0.000000000000000000e+00,0.000000000000000000e+00,0.000000000000000000e+00,1.001120634163600087e+00
3.173000000000000043e+00,4.003999999999999559e+00,4.011984000000001771e+00,1.603999999999999915e+01,0.000000000000000000e+00,0.000000000000000000e+00,0.000000000000000000e+00,1.000498003495006838e+00
3.173999999999999932e+00,3.999000000000000110e+00,4.002999000000000862e+00,1.599600000000000044e+01,0.000000000000000000e+00,0.000000000000000000e+00,0.000000000000000000e+00,1.000250062515628979e+00
3.175000000000000266e+00,3.994000000000000217e+00,4.009963999999998308e+00,1.596799999999999997e+01,0.000000000000000000e+00,0.000000000000000000e+00,0.000000000000000000e+00,1.001000749998307349e+00
3.176000000000000156e+00,3.987999999999999989e+00,4.013855999999998758e+00,1.592999999999999972e+01,0.000000000000000000e+00,0.000000000000000000e+00,0.000000000000000000e+00,1.001625739807184834e+00
3.177000000000000046e+00,3.982000000000000206e+00,4.007675999999998240e+00,1.588199999999999967e+01,0.000000000000000000e+00,0.000000000000000000e+00,0.000000000000000000e+00,1.001619290826801789e+00
3.177999999999999936e+00,3.978000000000000203e+00,4.007515999999998968e+00,1.585399999999999920e+01,0.000000000000000000e+00,0.000000000000000000e+00,0.000000000000000000e+00,1.001865210897239900e+00
3.179000000000000270e+00,3.975999999999999979e+00,3.999423999999999424e+00,1.583200000000000074e+01,0.000000000000000000e+00,0.000000000000000000e+00,0.000000000000000000e+00,1.001481727386451581e+00
3.180000000000000160e+00,3.971000000000000085e+00,4.002159000000000688e+00,1.580000000000000071e+01,0.000000000000000000e+00,0.000000000000000000e+00,0.000000000000000000e+00,1.001975985425942239e+00
3.181000000000000050e+00,3.967000000000000082e+00,4.001910999999999774e+00,1.577200000000000024e+01,0.000000000000000000e+00,0.000000000000000000e+00,0.000000000000000000e+00,1.002218389944925514e+00
3.181999999999999940e+00,3.963000000000000078e+00,4.001630999999999716e+00,1.574399999999999977e+01,0.000000000000000000e+00,0.000000000000000000e+00,0.000000000000000000e+00,1.002459732082703558e+00
3.183000000000000274e+00,3.958000000000000185e+00,3.992236000000000118e+00,1.569999999999999929e+01,0.000000000000000000e+00,0.000000000000000000e+00,0.000000000000000000e+00,1.002185402512127510e+00
3.184000000000000163e+00,3.954000000000000181e+00,3.977883999999997755e+00,1.565799999999999947e+01,0.000000000000000000e+00,0.000000000000000000e+00,0.000000000000000000e+00,1.001527684712074429e+00
3.185000000000000053e+00,3.951000000000000068e+00,3.972598999999997105e+00,1.563199999999999967e+01,0.000000000000000000e+00,0.000000000000000000e+00,0.000000000000000000e+00,1.001383628774174195e+00
3.185999999999999943e+00,3.948999999999999844e+00,3.972399000000001124e+00,1.561800000000000033e+01,0.000000000000000000e+00,0.000000000000000000e+00,0.000000000000000000e+00,1.001500455189587857e+00
3.187000000000000277e+00,3.940999999999999837e+00,3.963519000000001569e+00,1.555400000000000027e+01,0.000000000000000000e+00,0.000000000000000000e+00,0.000000000000000000e+00,1.001449893928338275e+00
3.188000000000000167e+00,3.939000000000000057e+00,3.959279000000000437e+00,1.553599999999999959e+01,0.000000000000000000e+00,0.000000000000000000e+00,0.000000000000000000e+00,1.001306996948449823e+00
3.189000000000000057e+00,3.934000000000000163e+00,3.959643999999999053e+00,1.550200000000000067e+01,0.000000000000000000e+00,0.000000000000000000e+00,0.000000000000000000e+00,1.001656979201047015e+00
3.189999999999999947e+00,3.931000000000000050e+00,3.964239000000000956e+00,1.548600000000000065e+01,0.000000000000000000e+00,0.000000000000000000e+00,0.000000000000000000e+00,1.002151007188941900e+00
3.191000000000000281e+00,3.927999999999999936e+00,3.948816000000000770e+00,1.544999999999999929e+01,0.000000000000000000e+00,0.000000000000000000e+00,0.000000000000000000e+00,1.001349131619662991e+00
3.192000000000000171e+00,3.923000000000000043e+00,3.943070999999997994e+00,1.541000000000000014e+01,0.000000000000000000e+00,0.000000000000000000e+00,0.000000000000000000e+00,1.001304164561123144e+00
3.193000000000000060e+00,3.919999999999999929e+00,3.945599999999998886e+00,1.539199999999999946e+01,0.000000000000000000e+00,0.000000000000000000e+00,0.000000000000000000e+00,1.001665972511453617e+00
3.193999999999999950e+00,3.916999999999999815e+00,3.936111000000002136e+00,1.536200000000000010e+01,0.000000000000000000e+00,0.000000000000000000e+00,0.000000000000000000e+00,1.001245593316878013e+00
3.195000000000000284e+00,3.914000000000000146e+00,3.938603999999997995e+00,1.534399999999999942e+01,0.000000000000000000e+00,0.000000000000000000e+00,0.000000000000000000e+00,1.001606068542127748e+00
3.196000000000000174e+00,3.911000000000000032e+00,3.933078999999999326e+00,1.531799999999999962e+01,0.000000000000000000e+00,0.000000000000000000e+00,0.000000000000000000e+00,1.001443456722874048e+00
3.197000000000000064e+00,3.908999999999999808e+00,3.936719000000000079e+00,1.530799999999999983e+01,0.000000000000000000e+00,0.000000000000000000e+00,0.000000000000000000e+00,1.001814037320386985e+00
3.197999999999999954e+00,3.899000000000000021e+00,3.938799000000001271e+00,1.524200000000000088e+01,0.000000000000000000e+00,0.000000000000000000e+00,0.000000000000000000e+00,1.002617976173318715e+00
3.199000000000000288e+00,3.895999999999999908e+00,3.941184000000001575e+00,1.522400000000000020e+01,0.000000000000000000e+00,0.000000000000000000e+00,0.000000000000000000e+00,1.002976780270608881e+00
3.200000000000000178e+00,3.887999999999999901e+00,3.911455999999999378e+00,1.514000000000000057e+01,0.000000000000000000e+00,0.000000000000000000e+00,0.000000000000000000e+00,1.001551677420447595e+00
3.201000000000000068e+00,3.883999999999999897e+00,3.904543999999999571e+00,1.510599999999999987e+01,0.000000000000000000e+00,0.000000000000000000e+00,0.000000000000000000e+00,1.001361841498195515e+00
3.201999999999999957e+00,3.879999999999999893e+00,3.901600000000000179e+00,1.507600000000000051e+01,0.000000000000000000e+00,0.000000000000000000e+00,0.000000000000000000e+00,1.001434796471463606e+00
3.202999999999999847e+00,3.874000000000000110e+00,3.900123999999999924e+00,1.503400000000000070e+01,0.000000000000000000e+00,0.000000000000000000e+00,0.000000000000000000e+00,1.001740686023791627e+00
3.204000000000000181e+00,3.870000000000000107e+00,3.893100000000000449e+00,1.500000000000000000e+01,0.000000000000000000e+00,0.000000000000000000e+00,0.000000000000000000e+00,1.001542375257897133e+00
3.205000000000000071e+00,3.867999999999999883e+00,3.894575999999998928e+00,1.498799999999999955e+01,0.000000000000000000e+00,0.000000000000000000e+00,0.000000000000000000e+00,1.001776301507129263e+00
3.205999999999999961e+00,3.859999999999999876e+00,3.894400000000000972e+00,1.493399999999999928e+01,0.000000000000000000e+00,0.000000000000000000e+00,0.000000000000000000e+00,1.002308786813068897e+00
3.206999999999999851e+00,3.858000000000000096e+00,3.899835999999998748e+00,1.492600000000000016e+01,0.000000000000000000e+00,0.000000000000000000e+00,0.000000000000000000e+00,1.002810772576813836e+00
3.208000000000000185e+00,3.854000000000000092e+00,3.898683999999997596e+00,1.489799999999999969e+01,0.000000000000000000e+00,0.000000000000000000e+00,0.000000000000000000e+00,1.003008351805078302e+00
3.209000000000000075e+00,3.845000000000000195e+00,3.906974999999997422e+00,1.484600000000000009e+01,0.000000000000000000e+00,0.000000000000000000e+00,0.000000000000000000e+00,1.004192024837620156e+00
3.209999999999999964e+00,3.842000000000000082e+00,3.909035999999996847e+00,1.482799999999999940e+01,0.000000000000000000e+00,0.000000000000000000e+00,0.000000000000000000e+00,1.004541437808533333e+00
3.210999999999999854e+00,3.838999999999999968e+00,3.895078999999999070e+00,1.479400000000000048e+01,0.000000000000000000e+00,0.000000000000000000e+00,0.000000000000000000e+00,1.003805082141504323e+00
3.212000000000000188e+00,3.837000000000000188e+00,3.886430999999999969e+00,1.477200000000000024e+01,0.000000000000000000e+00,0.000000000000000000e+00,0.000000000000000000e+00,1.003357498273568904e+00
3.213000000000000078e+00,3.833000000000000185e+00,3.883111000000001312e+00,1.474200000000000088e+01,0.000000000000000000e+00,0.000000000000000000e+00,0.000000000000000000e+00,1.003410793533765499e+00
3.213999999999999968e+00,3.825000000000000178e+00,3.872374999999998124e+00,1.467800000000000082e+01,0.000000000000000000e+00,0.000000000000000000e+00,0.000000000000000000e+00,1.003238070827459527e+00
3.214999999999999858e+00,3.821000000000000174e+00,3.872958999999998042e+00,1.465199999999999925e+01,0.000000000000000000e+00,0.000000000000000000e+00,0.000000000000000000e+00,1.003558825622475892e+00
3.216000000000000192e+00,3.817000000000000171e+00,3.875510999999999484e+00,1.462800000000000011e+01,0.000000000000000000e+00,0.000000000000000000e+00,0.000000000000000000e+00,1.004015995344792023e+00
3.217000000000000082e+00,3.811999999999999833e+00,3.882656000000002550e+00,1.460200000000000031e+01,0.000000000000000000e+00,0.000000000000000000e+00,0.000000000000000000e+00,1.004862316933657462e+00
3.217999999999999972e+00,3.809000000000000163e+00,3.882519000000000275e+00,1.458200000000000074e+01,0.000000000000000000e+00,0.000000000000000000e+00,0.000000000000000000e+00,1.005067312008748548e+00
3.218999999999999861e+00,3.803999999999999826e+00,3.871584000000000358e+00,1.453800000000000026e+01,0.000000000000000000e+00,0.000000000000000000e+00,0.000000000000000000e+00,1.004670494614667842e+00
3.220000000000000195e+00,3.798000000000000043e+00,3.863196000000000296e+00,1.449000000000000021e+01,0.000000000000000000e+00,0.000000000000000000e+00,0.000000000000000000e+00,1.004519714791272111e+00
3.221000000000000085e+00,3.794000000000000039e+00,3.857563999999998217e+00,1.445800000000000018e+01,0.000000000000000000e+00,0.000000000000000000e+00,0.000000000000000000e+00,1.004415872910894070e+00
3.221999999999999975e+00,3.790000000000000036e+00,3.855899999999998329e+00,1.442999999999999972e+01,0.000000000000000000e+00,0.000000000000000000e+00,0.000000000000000000e+00,1.004587826595470634e+00
3.222999999999999865e+00,3.786999999999999922e+00,3.837630999999998238e+00,1.439199999999999946e+01,0.000000000000000000e+00,0.000000000000000000e+00,0.000000000000000000e+00,1.003530416099048805e+00
3.224000000000000199e+00,3.786000000000000032e+00,3.832204000000000832e+00,1.438000000000000078e+01,0.000000000000000000e+00,0.000000000000000000e+00,0.000000000000000000e+00,1.003223430834372154e+00
3.225000000000000089e+00,3.782999999999999918e+00,3.821911000000000058e+00,1.434999999999999964e+01,0.000000000000000000e+00,0.000000000000000000e+00,0.000000000000000000e+00,1.002718940536251324e+00
3.225999999999999979e+00,3.779999999999999805e+00,3.817600000000002325e+00,1.432600000000000051e+01,0.000000000000000000e+00,0.000000000000000000e+00,0.000000000000000000e+00,1.002631505277008062e+00
3.226999999999999869e+00,3.778000000000000025e+00,3.802716000000000207e+00,1.429800000000000004e+01,0.000000000000000000e+00,0.000000000000000000e+00,0.000000000000000000e+00,1.001731626723044277e+00
3.228000000000000203e+00,3.774999999999999911e+00,3.794374999999998721e+00,1.426999999999999957e+01,0.000000000000000000e+00,0.000000000000000000e+00,0.000000000000000000e+00,1.001359589491688906e+00
3.229000000000000092e+00,3.771999999999999797e+00,3.792016000000000275e+00,1.424799999999999933e+01,0.000000000000000000e+00,0.000000000000000000e+00,0.000000000000000000e+00,1.001406805068096872e+00
3.229999999999999982e+00,3.769000000000000128e+00,3.793639000000000649e+00,1.423000000000000043e+01,0.000000000000000000e+00,0.000000000000000000e+00,0.000000000000000000e+00,1.001734486015525949e+00
3.230999999999999872e+00,3.767999999999999794e+00,3.792175999999999547e+00,1.422199999999999953e+01,0.000000000000000000e+00,0.000000000000000000e+00,0.000000000000000000e+00,1.001702796146789920e+00
3.232000000000000206e+00,3.765000000000000124e+00,3.775774999999999437e+00,1.418599999999999994e+01,0.000000000000000000e+00,0.000000000000000000e+00,0.000000000000000000e+00,1.000760129027934209e+00
3.233000000000000096e+00,3.758999999999999897e+00,3.750919000000001446e+00,1.412199999999999989e+01,0.000000000000000000e+00,0.000000000000000000e+00,0.000000000000000000e+00,9.994280995275257595e-01
3.233999999999999986e+00,3.757000000000000117e+00,3.745950999999999809e+00,1.410399999999999920e+01,0.000000000000000000e+00,0.000000000000000000e+00,0.000000000000000000e+00,9.992172184453627093e-01
3.234999999999999876e+00,3.754000000000000004e+00,3.735483999999999583e+00,1.407399999999999984e+01,0.000000000000000000e+00,0.000000000000000000e+00,0.000000000000000000e+00,9.986861111245145528e-01
3.236000000000000210e+00,3.750000000000000000e+00,3.741500000000002046e+00,1.405400000000000027e+01,0.000000000000000000e+00,0.000000000000000000e+00,0.000000000000000000e+00,9.993955555555555925e-01
3.237000000000000099e+00,3.746999999999999886e+00,3.740990999999999289e+00,1.403400000000000070e+01,0.000000000000000000e+00,0.000000000000000000e+00,0.000000000000000000e+00,9.995720088213619903e-01
3.237999999999999989e+00,3.741000000000000103e+00,3.741919000000001105e+00,1.399600000000000044e+01,0.000000000000000000e+00,0.000000000000000000e+00,0.000000000000000000e+00,1.000065665929336101e+00
3.238999999999999879e+00,3.738999999999999879e+00,3.740879000000001398e+00,1.398199999999999932e+01,0.000000000000000000e+00,0.000000000000000000e+00,0.000000000000000000e+00,1.000134405131400506e+00
3.240000000000000213e+00,3.733000000000000096e+00,3.735710999999998450e+00,1.393800000000000061e+01,0.000000000000000000e+00,0.000000000000000000e+00,0.000000000000000000e+00,1.000194542072288639e+00
3.241000000000000103e+00,3.732000000000000206e+00,3.738175999999999277e+00,1.393399999999999928e+01,0.000000000000000000e+00,0.000000000000000000e+00,0.000000000000000000e+00,1.000443428923283307e+00
3.241999999999999993e+00,3.729000000000000092e+00,3.741558999999996971e+00,1.391799999999999926e+01,0.000000000000000000e+00,0.000000000000000000e+00,0.000000000000000000e+00,1.000903171643387379e+00
3.242999999999999883e+00,3.728000000000000203e+00,3.742015999999999565e+00,1.391200000000000081e+01,0.000000000000000000e+00,0.000000000000000000e+00,0.000000000000000000e+00,1.001008491591298455e+00
3.244000000000000217e+00,3.722999999999999865e+00,3.756271000000001692e+00,1.389400000000000013e+01,0.000000000000000000e+00,0.000000000000000000e+00,0.000000000000000000e+00,1.002400378796815206e+00
3.245000000000000107e+00,3.720000000000000195e+00,3.757599999999998275e+00,1.387599999999999945e+01,0.000000000000000000e+00,0.000000000000000000e+00,0.000000000000000000e+00,1.002717077118741917e+00
3.245999999999999996e+00,3.717000000000000082e+00,3.752910999999999220e+00,1.385200000000000031e+01,0.000000000000000000e+00,0.000000000000000000e+00,0.000000000000000000e+00,1.002599216029948836e+00
3.246999999999999886e+00,3.713999999999999968e+00,3.756204000000000320e+00,1.383600000000000030e+01,0.000000000000000000e+00,0.000000000000000000e+00,0.000000000000000000e+00,1.003059636375657648e+00
3.248000000000000220e+00,3.712000000000000188e+00,3.757056000000000395e+00,1.382399999999999984e+01,0.000000000000000000e+00,0.000000000000000000e+00,0.000000000000000000e+00,1.003269916765755054e+00
3.249000000000000110e+00,3.705999999999999961e+00,3.735563999999998330e+00,1.376399999999999935e+01,0.000000000000000000e+00,0.000000000000000000e+00,0.000000000000000000e+00,1.002152545615997647e+00
3.250000000000000000e+00,3.704000000000000181e+00,3.730383999999997258e+00,1.374600000000000044e+01,0.000000000000000000e+00,0.000000000000000000e+00,0.000000000000000000e+00,1.001923085893949184e+00
3.250999999999999890e+00,3.700000000000000178e+00,3.741999999999997328e+00,1.373199999999999932e+01,0.000000000000000000e+00,0.000000000000000000e+00,0.000000000000000000e+00,1.003067932797662376e+00
3.252000000000000224e+00,3.694999999999999840e+00,3.749974999999999170e+00,1.370800000000000018e+01,0.000000000000000000e+00,0.000000000000000000e+00,0.000000000000000000e+00,1.004026580190104490e+00
3.253000000000000114e+00,3.692000000000000171e+00,3.757135999999997367e+00,1.369599999999999973e+01,0.000000000000000000e+00,0.000000000000000000e+00,0.000000000000000000e+00,1.004778567228020059e+00
3.254000000000000004e+00,3.690999999999999837e+00,3.759519000000000943e+00,1.369200000000000017e+01,0.000000000000000000e+00,0.000000000000000000e+00,0.000000000000000000e+00,1.005029478148793398e+00
3.254999999999999893e+00,3.685999999999999943e+00,3.757404000000001076e+00,1.365799999999999947e+01,0.000000000000000000e+00,0.000000000000000000e+00,0.000000000000000000e+00,1.005255473850845238e+00
3.256000000000000227e+00,3.681999999999999940e+00,3.762876000000000332e+00,1.363799999999999990e+01,0.000000000000000000e+00,0.000000000000000000e+00,0.000000000000000000e+00,1.005965572049057011e+00
3.257000000000000117e+00,3.681000000000000050e+00,3.759239000000000885e+00,1.362800000000000011e+01,0.000000000000000000e+00,0.000000000000000000e+00,0.000000000000000000e+00,1.005774197788433355e+00
3.258000000000000007e+00,3.677000000000000046e+00,3.754671000000001868e+00,1.359800000000000075e+01,0.000000000000000000e+00,0.000000000000000000e+00,0.000000000000000000e+00,1.005744756654960215e+00
3.258999999999999897e+00,3.673999999999999932e+00,3.753724000000000061e+00,1.357799999999999940e+01,0.000000000000000000e+00,0.000000000000000000e+00,0.000000000000000000e+00,1.005906235729659093e+00
3.260000000000000231e+00,3.670999999999999819e+00,3.738759000000001720e+00,1.354400000000000048e+01,0.000000000000000000e+00,0.000000000000000000e+00,0.000000000000000000e+00,1.005028034152847471e+00
3.261000000000000121e+00,3.666999999999999815e+00,3.734110999999998626e+00,1.351399999999999935e+01,0.000000000000000000e+00,0.000000000000000000e+00,0.000000000000000000e+00,1.004990819809697289e+00
3.262000000000000011e+00,3.665999999999999925e+00,3.736443999999998766e+00,1.350999999999999979e+01,0.000000000000000000e+00,0.000000000000000000e+00,0.000000000000000000e+00,1.005241542205709715e+00
3.262999999999999901e+00,3.661000000000000032e+00,3.736078999999998373e+00,1.347799999999999976e+01,0.000000000000000000e+00,0.000000000000000000e+00,0.000000000000000000e+00,1.005601689363087248e+00
3.264000000000000234e+00,3.660000000000000142e+00,3.726399999999998158e+00,1.346199999999999974e+01,0.000000000000000000e+00,0.000000000000000000e+00,0.000000000000000000e+00,1.004956851503478577e+00
3.265000000000000124e+00,3.657999999999999918e+00,3.717036000000000229e+00,1.343999999999999950e+01,0.000000000000000000e+00,0.000000000000000000e+00,0.000000000000000000e+00,1.004411939229490569e+00
3.266000000000000014e+00,3.657999999999999918e+00,3.717036000000000229e+00,1.343999999999999950e+01,0.000000000000000000e+00,0.000000000000000000e+00,0.000000000000000000e+00,1.004411939229490569e+00
3.266999999999999904e+00,3.656000000000000139e+00,3.717663999999999191e+00,1.342800000000000082e+01,0.000000000000000000e+00,0.000000000000000000e+00,0.000000000000000000e+00,1.004613380959449298e+00
3.268000000000000238e+00,3.650999999999999801e+00,3.701199000000000794e+00,1.338000000000000078e+01,0.000000000000000000e+00,0.000000000000000000e+00,0.000000000000000000e+00,1.003765922687068102e+00
3.269000000000000128e+00,3.646999999999999797e+00,3.704391000000001100e+00,1.335800000000000054e+01,0.000000000000000000e+00,0.000000000000000000e+00,0.000000000000000000e+00,1.004314915204258973e+00
3.270000000000000018e+00,3.645999999999999908e+00,3.704684000000002086e+00,1.335200000000000031e+01,0.000000000000000000e+00,0.000000000000000000e+00,0.000000000000000000e+00,1.004414549387075528e+00
3.270999999999999908e+00,3.641999999999999904e+00,3.709836000000001022e+00,1.333200000000000074e+01,0.000000000000000000e+00,0.000000000000000000e+00,0.000000000000000000e+00,1.005114231096660316e+00
3.272000000000000242e+00,3.633000000000000007e+00,3.716310999999999254e+00,1.328200000000000003e+01,0.000000000000000000e+00,0.000000000000000000e+00,0.000000000000000000e+00,1.006312066296887631e+00
3.273000000000000131e+00,3.629999999999999893e+00,3.719100000000000961e+00,1.326600000000000001e+01,0.000000000000000000e+00,0.000000000000000000e+00,0.000000000000000000e+00,1.006761833208114298e+00
3.274000000000000021e+00,3.624000000000000110e+00,3.710624000000001033e+00,1.322000000000000064e+01,0.000000000000000000e+00,0.000000000000000000e+00,0.000000000000000000e+00,1.006595714612906978e+00
3.274999999999999911e+00,3.620000000000000107e+00,3.713600000000001344e+00,1.319800000000000040e+01,0.000000000000000000e+00,0.000000000000000000e+00,0.000000000000000000e+00,1.007142639113580262e+00
3.276000000000000245e+00,3.616999999999999993e+00,3.708311000000000135e+00,1.317399999999999949e+01,0.000000000000000000e+00,0.000000000000000000e+00,0.000000000000000000e+00,1.006979528444037708e+00
3.277000000000000135e+00,3.613999999999999879e+00,3.713004000000001525e+00,1.316000000000000014e+01,0.000000000000000000e+00,0.000000000000000000e+00,0.000000000000000000e+00,1.007580126354835404e+00
3.278000000000000025e+00,3.609999999999999876e+00,3.711899999999999977e+00,1.313400000000000034e+01,0.000000000000000000e+00,0.000000000000000000e+00,0.000000000000000000e+00,1.007819154242217241e+00
3.278999999999999915e+00,3.607000000000000206e+00,3.714551000000000158e+00,1.311800000000000033e+01,0.000000000000000000e+00,0.000000000000000000e+00,0.000000000000000000e+00,1.008266509480187700e+00
3.280000000000000249e+00,3.605999999999999872e+00,3.714764000000000621e+00,1.311200000000000010e+01,0.000000000000000000e+00,0.000000000000000000e+00,0.000000000000000000e+00,1.008364379451391901e+00
3.281000000000000139e+00,3.600999999999999979e+00,3.701799000000001172e+00,1.306799999999999962e+01,0.000000000000000000e+00,0.000000000000000000e+00,0.000000000000000000e+00,1.007773381472223617e+00
3.282000000000000028e+00,3.596999999999999975e+00,3.686590999999999951e+00,1.302800000000000047e+01,0.000000000000000000e+00,0.000000000000000000e+00,0.000000000000000000e+00,1.006924421696670846e+00
3.282999999999999918e+00,3.589999999999999858e+00,3.695899999999999963e+00,1.299399999999999977e+01,0.000000000000000000e+00,0.000000000000000000e+00,0.000000000000000000e+00,1.008216882240206003e+00
3.284000000000000252e+00,3.587000000000000188e+00,3.704430999999999585e+00,1.298399999999999999e+01,0.000000000000000000e+00,0.000000000000000000e+00,0.000000000000000000e+00,1.009126830936825314e+00
3.285000000000000142e+00,3.580999999999999961e+00,3.707438999999999041e+00,1.294999999999999929e+01,0.000000000000000000e+00,0.000000000000000000e+00,0.000000000000000000e+00,1.009859897730435385e+00
3.286000000000000032e+00,3.576999999999999957e+00,3.696070999999999884e+00,1.291399999999999970e+01,0.000000000000000000e+00,0.000000000000000000e+00,0.000000000000000000e+00,1.009306108693529991e+00
3.286999999999999922e+00,3.572000000000000064e+00,3.696815999999998326e+00,1.288400000000000034e+01,0.000000000000000000e+00,0.000000000000000000e+00,0.000000000000000000e+00,1.009782443767563764e+00
3.288000000000000256e+00,3.564999999999999947e+00,3.687775000000002024e+00,1.283200000000000074e+01,0.000000000000000000e+00,0.000000000000000000e+00,0.000000000000000000e+00,1.009660305801494573e+00
3.289000000000000146e+00,3.559000000000000163e+00,3.678518999999997874e+00,1.278599999999999959e+01,0.000000000000000000e+00,0.000000000000000000e+00,0.000000000000000000e+00,1.009435848835994687e+00
3.290000000000000036e+00,3.553999999999999826e+00,3.663084000000001339e+00,1.274000000000000021e+01,0.000000000000000000e+00,0.000000000000000000e+00,0.000000000000000000e+00,1.008636269926900031e+00
3.290999999999999925e+00,3.551000000000000156e+00,3.673398999999999859e+00,1.273199999999999932e+01,0.000000000000000000e+00,0.000000000000000000e+00,0.000000000000000000e+00,1.009706809914127978e+00
3.292000000000000259e+00,3.545999999999999819e+00,3.647884000000003013e+00,1.267600000000000016e+01,0.000000000000000000e+00,0.000000000000000000e+00,0.000000000000000000e+00,1.008102676959557353e+00
3.293000000000000149e+00,3.544000000000000039e+00,3.650064000000000419e+00,1.266600000000000037e+01,0.000000000000000000e+00,0.000000000000000000e+00,0.000000000000000000e+00,1.008444629017217986e+00
3.294000000000000039e+00,3.540999999999999925e+00,3.656319000000001651e+00,1.265399999999999991e+01,0.000000000000000000e+00,0.000000000000000000e+00,0.000000000000000000e+00,1.009197059882136038e+00
3.294999999999999929e+00,3.536000000000000032e+00,3.648704000000000391e+00,1.261599999999999966e+01,0.000000000000000000e+00,0.000000000000000000e+00,0.000000000000000000e+00,1.009013943203455943e+00
3.296000000000000263e+00,3.529999999999999805e+00,3.663100000000000023e+00,1.259399999999999942e+01,0.000000000000000000e+00,0.000000000000000000e+00,0.000000000000000000e+00,1.010681411455031320e+00
3.297000000000000153e+00,3.528000000000000025e+00,3.669215999999998701e+00,1.258799999999999919e+01,0.000000000000000000e+00,0.000000000000000000e+00,0.000000000000000000e+00,1.011345581316426712e+00
3.298000000000000043e+00,3.524000000000000021e+00,3.667423999999998685e+00,1.256199999999999939e+01,0.000000000000000000e+00,0.000000000000000000e+00,0.000000000000000000e+00,1.011549150240736106e+00
3.298999999999999932e+00,3.523000000000000131e+00,3.673470999999999265e+00,1.256199999999999939e+01,0.000000000000000000e+00,0.000000000000000000e+00,0.000000000000000000e+00,1.012123486155492857e+00
3.300000000000000266e+00,3.520000000000000018e+00,3.669599999999999085e+00,1.253999999999999915e+01,0.000000000000000000e+00,0.000000000000000000e+00,0.000000000000000000e+00,1.012073863636363535e+00
3.301000000000000156e+00,3.516000000000000014e+00,3.671743999999998564e+00,1.251800000000000068e+01,0.000000000000000000e+00,0.000000000000000000e+00,0.000000000000000000e+00,1.012598347744942284e+00
3.302000000000000046e+00,3.508999999999999897e+00,3.649919000000002356e+00,1.245400000000000063e+01,0.000000000000000000e+00,0.000000000000000000e+00,0.000000000000000000e+00,1.011444657921116708e+00
3.302999999999999936e+00,3.500000000000000000e+00,3.653999999999999915e+00,1.240399999999999991e+01,0.000000000000000000e+00,0.000000000000000000e+00,0.000000000000000000e+00,1.012571428571428456e+00
3.304000000000000270e+00,3.496999999999999886e+00,3.647991000000001094e+00,1.238000000000000078e+01,0.000000000000000000e+00,0.000000000000000000e+00,0.000000000000000000e+00,1.012346953052369214e+00
3.305000000000000160e+00,3.491000000000000103e+00,3.645918999999999244e+00,1.234200000000000053e+01,0.000000000000000000e+00,0.000000000000000000e+00,0.000000000000000000e+00,1.012711739587190740e+00
3.306000000000000050e+00,3.487000000000000099e+00,3.653831000000000273e+00,1.232600000000000051e+01,0.000000000000000000e+00,0.000000000000000000e+00,0.000000000000000000e+00,1.013720592254289787e+00
3.306999999999999940e+00,3.483000000000000096e+00,3.627710999999999686e+00,1.227599999999999980e+01,0.000000000000000000e+00,0.000000000000000000e+00,0.000000000000000000e+00,1.011928740630941848e+00
3.308000000000000274e+00,3.476999999999999869e+00,3.623471000000002107e+00,1.223600000000000065e+01,0.000000000000000000e+00,0.000000000000000000e+00,0.000000000000000000e+00,1.012115525757868895e+00
3.309000000000000163e+00,3.471999999999999975e+00,3.617215999999999099e+00,1.219999999999999929e+01,0.000000000000000000e+00,0.000000000000000000e+00,0.000000000000000000e+00,1.012046337785894812e+00
3.310000000000000053e+00,3.470000000000000195e+00,3.599099999999999966e+00,1.216999999999999993e+01,0.000000000000000000e+00,0.000000000000000000e+00,0.000000000000000000e+00,1.010721789899426071e+00
3.310999999999999943e+00,3.466000000000000192e+00,3.608843999999997720e+00,1.215600000000000058e+01,0.000000000000000000e+00,0.000000000000000000e+00,0.000000000000000000e+00,1.011890630572016114e+00
3.312000000000000277e+00,3.464999999999999858e+00,3.606775000000000730e+00,1.214799999999999969e+01,0.000000000000000000e+00,0.000000000000000000e+00,0.000000000000000000e+00,1.011808457695903662e+00
3.313000000000000167e+00,3.463000000000000078e+00,3.612631000000000370e+00,1.214199999999999946e+01,0.000000000000000000e+00,0.000000000000000000e+00,0.000000000000000000e+00,1.012477184449544598e+00
3.314000000000000057e+00,3.460999999999999854e+00,3.612479000000002216e+00,1.213000000000000078e+01,0.000000000000000000e+00,0.000000000000000000e+00,0.000000000000000000e+00,1.012645885080470487e+00
3.314999999999999947e+00,3.459999999999999964e+00,3.618399999999999395e+00,1.213000000000000078e+01,0.000000000000000000e+00,0.000000000000000000e+00,0.000000000000000000e+00,1.013231314110060399e+00
3.316000000000000281e+00,3.459999999999999964e+00,3.618399999999999395e+00,1.213000000000000078e+01,0.000000000000000000e+00,0.000000000000000000e+00,0.000000000000000000e+00,1.013231314110060399e+00
3.317000000000000171e+00,3.456999999999999851e+00,3.618150999999999229e+00,1.211200000000000010e+01,0.000000000000000000e+00,0.000000000000000000e+00,0.000000000000000000e+00,1.013484481311746066e+00
3.318000000000000060e+00,3.452999999999999847e+00,3.609791000000001304e+00,1.208000000000000007e+01,0.000000000000000000e+00,0.000000000000000000e+00,0.000000000000000000e+00,1.013150067234416696e+00
3.318999999999999950e+00,3.450000000000000178e+00,3.613500000000000156e+00,1.206600000000000072e+01,0.000000000000000000e+00,0.000000000000000000e+00,0.000000000000000000e+00,1.013736609955891543e+00
3.320000000000000284e+00,3.447000000000000064e+00,3.617190999999998269e+00,1.205199999999999960e+01,0.000000000000000000e+00,0.000000000000000000e+00,0.000000000000000000e+00,1.014323660647970193e+00
3.321000000000000174e+00,3.446000000000000174e+00,3.617083999999998412e+00,1.204599999999999937e+01,0.000000000000000000e+00,0.000000000000000000e+00,0.000000000000000000e+00,1.014407175596020894e+00
3.322000000000000064e+00,3.439999999999999947e+00,3.592400000000001370e+00,1.198600000000000065e+01,0.000000000000000000e+00,0.000000000000000000e+00,0.000000000000000000e+00,1.012878583017847722e+00
3.322999999999999954e+00,3.435000000000000053e+00,3.593775000000000830e+00,1.195800000000000018e+01,0.000000000000000000e+00,0.000000000000000000e+00,0.000000000000000000e+00,1.013456392263051287e+00
3.324000000000000288e+00,3.431000000000000050e+00,3.581239000000001838e+00,1.192200000000000060e+01,0.000000000000000000e+00,0.000000000000000000e+00,0.000000000000000000e+00,1.012762661423384447e+00
3.325000000000000178e+00,3.420999999999999819e+00,3.575759000000001464e+00,1.185800000000000054e+01,0.000000000000000000e+00,0.000000000000000000e+00,0.000000000000000000e+00,1.013223601906514837e+00
3.326000000000000068e+00,3.418000000000000149e+00,3.571276000000001005e+00,1.183600000000000030e+01,0.000000000000000000e+00,0.000000000000000000e+00,0.000000000000000000e+00,1.013119885396590814e+00
3.326999999999999957e+00,3.411999999999999922e+00,3.556256000000001194e+00,1.178599999999999959e+01,0.000000000000000000e+00,0.000000000000000000e+00,0.000000000000000000e+00,1.012391270586262770e+00
3.328000000000000291e+00,3.410000000000000142e+00,3.549899999999999167e+00,1.176800000000000068e+01,0.000000000000000000e+00,0.000000000000000000e+00,0.000000000000000000e+00,1.012031200282075272e+00
3.329000000000000181e+00,3.404999999999999805e+00,3.544975000000000875e+00,1.173399999999999999e+01,0.000000000000000000e+00,0.000000000000000000e+00,0.000000000000000000e+00,1.012073028995538859e+00
3.330000000000000071e+00,3.399999999999999911e+00,3.532000000000001805e+00,1.169200000000000017e+01,0.000000000000000000e+00,0.000000000000000000e+00,0.000000000000000000e+00,1.011418685121107330e+00
3.330999999999999961e+00,3.398000000000000131e+00,3.531595999999998625e+00,1.167999999999999972e+01,0.000000000000000000e+00,0.000000000000000000e+00,0.000000000000000000e+00,1.011570355584301195e+00
3.331999999999999851e+00,3.392999999999999794e+00,3.524551000000000656e+00,1.164400000000000013e+01,0.000000000000000000e+00,0.000000000000000000e+00,0.000000000000000000e+00,1.011426847580388921e+00
3.333000000000000185e+00,3.390000000000000124e+00,3.521900000000000475e+00,1.162400000000000055e+01,0.000000000000000000e+00,0.000000000000000000e+00,0.000000000000000000e+00,1.011477449726333688e+00
3.334000000000000075e+00,3.384999999999999787e+00,3.508775000000001754e+00,1.158200000000000074e+01,0.000000000000000000e+00,0.000000000000000000e+00,0.000000000000000000e+00,1.010802283948866620e+00
3.334999999999999964e+00,3.382000000000000117e+00,3.498075999999999297e+00,1.155400000000000027e+01,0.000000000000000000e+00,0.000000000000000000e+00,0.000000000000000000e+00,1.010148345101785861e+00
3.335999999999999854e+00,3.380999999999999783e+00,3.493839000000003026e+00,1.154400000000000048e+01,0.000000000000000000e+00,0.000000000000000000e+00,0.000000000000000000e+00,1.009871175814950339e+00
3.337000000000000188e+00,3.376999999999999780e+00,3.488871000000001388e+00,1.151600000000000001e+01,0.000000000000000000e+00,0.000000000000000000e+00,0.000000000000000000e+00,1.009809692612210874e+00
3.338000000000000078e+00,3.375000000000000000e+00,3.480375000000000441e+00,1.149600000000000044e+01,0.000000000000000000e+00,0.000000000000000000e+00,0.000000000000000000e+00,1.009251028806584349e+00
3.338999999999999968e+00,3.371999999999999886e+00,3.479616000000000042e+00,1.147799999999999976e+01,0.000000000000000000e+00,0.000000000000000000e+00,0.000000000000000000e+00,1.009464588003360364e+00
3.339999999999999858e+00,3.366999999999999993e+00,3.480311000000000377e+00,1.144999999999999929e+01,0.000000000000000000e+00,0.000000000000000000e+00,0.000000000000000000e+00,1.009995069989130023e+00
3.341000000000000192e+00,3.363999999999999879e+00,3.475504000000002591e+00,1.142800000000000082e+01,0.000000000000000000e+00,0.000000000000000000e+00,0.000000000000000000e+00,1.009853226652490443e+00
3.342000000000000082e+00,3.362000000000000099e+00,3.476955999999999491e+00,1.141799999999999926e+01,0.000000000000000000e+00,0.000000000000000000e+00,0.000000000000000000e+00,1.010170357648789041e+00
3.342999999999999972e+00,3.359999999999999876e+00,3.480400000000001270e+00,1.141000000000000014e+01,0.000000000000000000e+00,0.000000000000000000e+00,0.000000000000000000e+00,1.010664682539682779e+00
3.343999999999999861e+00,3.355999999999999872e+00,3.475264000000001019e+00,1.138199999999999967e+01,0.000000000000000000e+00,0.000000000000000000e+00,0.000000000000000000e+00,1.010589256464859087e+00
3.345000000000000195e+00,3.350999999999999979e+00,3.461798999999999182e+00,1.133999999999999986e+01,0.000000000000000000e+00,0.000000000000000000e+00,0.000000000000000000e+00,1.009867042187596375e+00
3.346000000000000085e+00,3.346999999999999975e+00,3.464591000000000420e+00,1.132000000000000028e+01,0.000000000000000000e+00,0.000000000000000000e+00,0.000000000000000000e+00,1.010496938649535270e+00
3.346999999999999975e+00,3.346000000000000085e+00,3.464283999999999253e+00,1.131400000000000006e+01,0.000000000000000000e+00,0.000000000000000000e+00,0.000000000000000000e+00,1.010565112584134839e+00
3.347999999999999865e+00,3.345000000000000195e+00,3.459975000000000023e+00,1.130400000000000027e+01,0.000000000000000000e+00,0.000000000000000000e+00,0.000000000000000000e+00,1.010275694262904977e+00
3.349000000000000199e+00,3.342999999999999972e+00,3.457350999999999175e+00,1.128999999999999915e+01,0.000000000000000000e+00,0.000000000000000000e+00,0.000000000000000000e+00,1.010232157434436173e+00
3.350000000000000089e+00,3.339999999999999858e+00,3.462400000000000588e+00,1.127800000000000047e+01,0.000000000000000000e+00,0.000000000000000000e+00,0.000000000000000000e+00,1.010972067840367306e+00
3.350999999999999979e+00,3.337000000000000188e+00,3.465430999999997042e+00,1.126399999999999935e+01,0.000000000000000000e+00,0.000000000000000000e+00,0.000000000000000000e+00,1.011533402558952854e+00
3.351999999999999869e+00,3.334999999999999964e+00,3.464774999999999494e+00,1.125200000000000067e+01,0.000000000000000000e+00,0.000000000000000000e+00,0.000000000000000000e+00,1.011668079003976262e+00
3.353000000000000203e+00,3.331999999999999851e+00,3.469775999999999527e+00,1.124000000000000021e+01,0.000000000000000000e+00,0.000000000000000000e+00,0.000000000000000000e+00,1.012409765827099184e+00
3.354000000000000092e+00,3.326999999999999957e+00,3.462071000000001675e+00,1.120400000000000063e+01,0.000000000000000000e+00,0.000000000000000000e+00,0.000000000000000000e+00,1.012202716270020453e+00
3.354999999999999982e+00,3.326000000000000068e+00,3.463723999999999137e+00,1.119999999999999929e+01,0.000000000000000000e+00,0.000000000000000000e+00,0.000000000000000000e+00,1.012449879211113402e+00
3.355999999999999872e+00,3.321000000000000174e+00,3.467958999999998682e+00,1.117600000000000016e+01,0.000000000000000000e+00,0.000000000000000000e+00,0.000000000000000000e+00,1.013324730590810185e+00
3.357000000000000206e+00,3.319999999999999840e+00,3.471600000000000463e+00,1.117399999999999949e+01,0.000000000000000000e+00,0.000000000000000000e+00,0.000000000000000000e+00,1.013753810422412638e+00
3.358000000000000096e+00,3.315999999999999837e+00,3.466144000000001668e+00,1.114600000000000080e+01,0.000000000000000000e+00,0.000000000000000000e+00,0.000000000000000000e+00,1.013654598605147505e+00
3.358999999999999986e+00,3.310000000000000053e+00,3.441899999999998627e+00,1.108799999999999919e+01,0.000000000000000000e+00,0.000000000000000000e+00,0.000000000000000000e+00,1.012038955467730039e+00
3.359999999999999876e+00,3.303999999999999826e+00,3.429584000000001964e+00,1.104199999999999982e+01,0.000000000000000000e+00,0.000000000000000000e+00,0.000000000000000000e+00,1.011504142018772701e+00
3.361000000000000210e+00,3.298000000000000043e+00,3.427196000000000353e+00,1.100600000000000023e+01,0.000000000000000000e+00,0.000000000000000000e+00,0.000000000000000000e+00,1.011878121551146759e+00
3.362000000000000099e+00,3.290999999999999925e+00,3.406318999999999875e+00,1.094599999999999973e+01,0.000000000000000000e+00,0.000000000000000000e+00,0.000000000000000000e+00,1.010647437589566211e+00
3.362999999999999989e+00,3.290999999999999925e+00,3.406318999999999875e+00,1.094599999999999973e+01,0.000000000000000000e+00,0.000000000000000000e+00,0.000000000000000000e+00,1.010647437589566211e+00
3.363999999999999879e+00,3.283999999999999808e+00,3.389344000000001245e+00,1.089000000000000057e+01,0.000000000000000000e+00,0.000000000000000000e+00,0.000000000000000000e+00,1.009767951801151753e+00
3.365000000000000213e+00,3.281000000000000139e+00,3.382038999999998907e+00,1.086599999999999966e+01,0.000000000000000000e+00,0.000000000000000000e+00,0.000000000000000000e+00,1.009385914170984666e+00
3.366000000000000103e+00,3.279999999999999805e+00,3.381600000000000605e+00,1.085999999999999943e+01,0.000000000000000000e+00,0.000000000000000000e+00,0.000000000000000000e+00,1.009443783462224964e+00
3.366999999999999993e+00,3.278999999999999915e+00,3.379159000000001356e+00,1.085200000000000031e+01,0.000000000000000000e+00,0.000000000000000000e+00,0.000000000000000000e+00,1.009315520941948652e+00
3.367999999999999883e+00,3.277000000000000135e+00,3.366270999999999347e+00,1.082799999999999940e+01,0.000000000000000000e+00,0.000000000000000000e+00,0.000000000000000000e+00,1.008312994954989383e+00
3.369000000000000217e+00,3.275999999999999801e+00,3.357824000000000808e+00,1.081400000000000006e+01,0.000000000000000000e+00,0.000000000000000000e+00,0.000000000000000000e+00,1.007624176122344783e+00
3.370000000000000107e+00,3.273000000000000131e+00,3.360470999999998654e+00,1.080000000000000071e+01,0.000000000000000000e+00,0.000000000000000000e+00,0.000000000000000000e+00,1.008165298782388364e+00
3.370999999999999996e+00,3.271999999999999797e+00,3.362016000000000560e+00,1.079599999999999937e+01,0.000000000000000000e+00,0.000000000000000000e+00,0.000000000000000000e+00,1.008408008082209095e+00
3.371999999999999886e+00,3.267999999999999794e+00,3.370176000000002503e+00,1.078200000000000003e+01,0.000000000000000000e+00,0.000000000000000000e+00,0.000000000000000000e+00,1.009567198860206183e+00
3.373000000000000220e+00,3.266000000000000014e+00,3.369244000000000128e+00,1.076999999999999957e+01,0.000000000000000000e+00,0.000000000000000000e+00,0.000000000000000000e+00,1.009679043938007004e+00
3.374000000000000110e+00,3.262999999999999901e+00,3.375830999999999804e+00,1.075999999999999979e+01,0.000000000000000000e+00,0.000000000000000000e+00,0.000000000000000000e+00,1.010597277079005707e+00
3.375000000000000000e+00,3.258000000000000007e+00,3.385436000000000334e+00,1.074200000000000088e+01,0.000000000000000000e+00,0.000000000000000000e+00,0.000000000000000000e+00,1.012005768677828099e+00
3.375999999999999890e+00,3.258000000000000007e+00,3.385436000000000334e+00,1.074200000000000088e+01,0.000000000000000000e+00,0.000000000000000000e+00,0.000000000000000000e+00,1.012005768677828099e+00
3.377000000000000224e+00,3.254999999999999893e+00,3.381975000000000620e+00,1.072199999999999953e+01,0.000000000000000000e+00,0.000000000000000000e+00,0.000000000000000000e+00,1.011984398337899105e+00
3.378000000000000114e+00,3.254000000000000004e+00,3.375484000000000151e+00,1.071000000000000085e+01,0.000000000000000000e+00,0.000000000000000000e+00,0.000000000000000000e+00,1.011473184722013974e+00
3.379000000000000004e+00,3.250999999999999890e+00,3.371998999999998858e+00,1.068999999999999950e+01,0.000000000000000000e+00,0.000000000000000000e+00,0.000000000000000000e+00,1.011448480324677712e+00
3.379999999999999893e+00,3.245000000000000107e+00,3.368975000000000719e+00,1.065399999999999991e+01,0.000000000000000000e+00,0.000000000000000000e+00,0.000000000000000000e+00,1.011773476321281340e+00
3.381000000000000227e+00,3.241999999999999993e+00,3.363435999999998316e+00,1.063199999999999967e+01,0.000000000000000000e+00,0.000000000000000000e+00,0.000000000000000000e+00,1.011553709201523210e+00
3.382000000000000117e+00,3.238999999999999879e+00,3.367878999999998513e+00,1.061999999999999922e+01,0.000000000000000000e+00,0.000000000000000000e+00,0.000000000000000000e+00,1.012284578549804026e+00
3.383000000000000007e+00,3.236000000000000210e+00,3.362303999999999959e+00,1.059800000000000075e+01,0.000000000000000000e+00,0.000000000000000000e+00,0.000000000000000000e+00,1.012061465497088530e+00
3.383999999999999897e+00,3.236000000000000210e+00,3.362303999999999959e+00,1.059800000000000075e+01,0.000000000000000000e+00,0.000000000000000000e+00,0.000000000000000000e+00,1.012061465497088530e+00
3.385000000000000231e+00,3.233999999999999986e+00,3.359244000000000341e+00,1.058399999999999963e+01,0.000000000000000000e+00,0.000000000000000000e+00,0.000000000000000000e+00,1.011975037949063960e+00
3.386000000000000121e+00,3.230999999999999872e+00,3.345639000000000252e+00,1.055400000000000027e+01,0.000000000000000000e+00,0.000000000000000000e+00,0.000000000000000000e+00,1.010981419265029713e+00
3.387000000000000011e+00,3.225999999999999979e+00,3.346924000000001342e+00,1.052800000000000047e+01,0.000000000000000000e+00,0.000000000000000000e+00,0.000000000000000000e+00,1.011619402029926507e+00
3.387999999999999901e+00,3.221999999999999975e+00,3.344716000000000022e+00,1.050399999999999956e+01,0.000000000000000000e+00,0.000000000000000000e+00,0.000000000000000000e+00,1.011820888437306998e+00
3.389000000000000234e+00,3.218999999999999861e+00,3.339038999999999646e+00,1.048199999999999932e+01,0.000000000000000000e+00,0.000000000000000000e+00,0.000000000000000000e+00,1.011584583265658033e+00
3.390000000000000124e+00,3.213000000000000078e+00,3.337631000000000014e+00,1.044800000000000040e+01,0.000000000000000000e+00,0.000000000000000000e+00,0.000000000000000000e+00,1.012072706109798048e+00
3.391000000000000014e+00,3.209999999999999964e+00,3.319899999999998741e+00,1.041399999999999970e+01,0.000000000000000000e+00,0.000000000000000000e+00,0.000000000000000000e+00,1.010665657359691716e+00
3.391999999999999904e+00,3.205999999999999961e+00,3.309563999999999950e+00,1.038199999999999967e+01,0.000000000000000000e+00,0.000000000000000000e+00,0.000000000000000000e+00,1.010075852007056296e+00
3.393000000000000238e+00,3.205000000000000071e+00,3.306974999999999554e+00,1.037400000000000055e+01,0.000000000000000000e+00,0.000000000000000000e+00,0.000000000000000000e+00,1.009927448580002496e+00
3.394000000000000128e+00,3.201000000000000068e+00,3.294598999999999833e+00,1.033999999999999986e+01,0.000000000000000000e+00,0.000000000000000000e+00,0.000000000000000000e+00,1.009134817190933564e+00
3.395000000000000018e+00,3.200000000000000178e+00,3.293999999999996930e+00,1.033399999999999963e+01,0.000000000000000000e+00,0.000000000000000000e+00,0.000000000000000000e+00,1.009179687499999867e+00
3.395999999999999908e+00,3.196000000000000174e+00,3.285583999999998284e+00,1.030400000000000027e+01,0.000000000000000000e+00,0.000000000000000000e+00,0.000000000000000000e+00,1.008770349670504718e+00
3.397000000000000242e+00,3.193000000000000060e+00,3.283750999999998754e+00,1.028599999999999959e+01,0.000000000000000000e+00,0.000000000000000000e+00,0.000000000000000000e+00,1.008901302950030887e+00
3.398000000000000131e+00,3.188000000000000167e+00,3.274656000000000233e+00,1.025000000000000000e+01,0.000000000000000000e+00,0.000000000000000000e+00,0.000000000000000000e+00,1.008526327555182567e+00
3.399000000000000021e+00,3.185000000000000053e+00,3.272774999999999324e+00,1.023199999999999932e+01,0.000000000000000000e+00,0.000000000000000000e+00,0.000000000000000000e+00,1.008652706342771266e+00
3.399999999999999911e+00,3.177999999999999936e+00,3.266315999999999775e+00,1.018800000000000061e+01,0.000000000000000000e+00,0.000000000000000000e+00,0.000000000000000000e+00,1.008744432004011315e+00
3.401000000000000245e+00,3.176000000000000156e+00,3.259023999999998367e+00,1.016999999999999993e+01,0.000000000000000000e+00,0.000000000000000000e+00,0.000000000000000000e+00,1.008230811692225615e+00
3.402000000000000135e+00,3.173999999999999932e+00,3.259724000000000288e+00,1.016000000000000014e+01,0.000000000000000000e+00,0.000000000000000000e+00,0.000000000000000000e+00,1.008509197087711362e+00
3.403000000000000025e+00,3.169999999999999929e+00,3.247099999999999653e+00,1.012599999999999945e+01,0.000000000000000000e+00,0.000000000000000000e+00,0.000000000000000000e+00,1.007672481565146327e+00
3.403999999999999915e+00,3.166999999999999815e+00,3.251111000000001638e+00,1.011400000000000077e+01,0.000000000000000000e+00,0.000000000000000000e+00,0.000000000000000000e+00,1.008386034980048418e+00
3.405000000000000249e+00,3.165999999999999925e+00,3.252444000000000557e+00,1.010999999999999943e+01,0.000000000000000000e+00,0.000000000000000000e+00,0.000000000000000000e+00,1.008624085105126467e+00
3.406000000000000139e+00,3.164000000000000146e+00,3.247103999999998436e+00,1.009399999999999942e+01,0.000000000000000000e+00,0.000000000000000000e+00,0.000000000000000000e+00,1.008301354843762043e+00
3.407000000000000028e+00,3.161999999999999922e+00,3.249756000000001421e+00,1.008600000000000030e+01,0.000000000000000000e+00,0.000000000000000000e+00,0.000000000000000000e+00,1.008777141266006483e+00
3.407999999999999918e+00,3.157999999999999918e+00,3.251036000000000925e+00,1.006600000000000072e+01,0.000000000000000000e+00,0.000000000000000000e+00,0.000000000000000000e+00,1.009328821401541454e+00
3.409000000000000252e+00,3.153999999999999915e+00,3.244284000000000390e+00,1.003800000000000026e+01,0.000000000000000000e+00,0.000000000000000000e+00,0.000000000000000000e+00,1.009075852185567168e+00
3.410000000000000142e+00,3.150999999999999801e+00,3.244199000000001831e+00,1.002200000000000024e+01,0.000000000000000000e+00,0.000000000000000000e+00,0.000000000000000000e+00,1.009386732597420622e+00
3.411000000000000032e+00,3.146999999999999797e+00,3.245391000000001469e+00,1.000200000000000067e+01,0.000000000000000000e+00,0.000000000000000000e+00,0.000000000000000000e+00,1.009934863139285932e+00
3.411999999999999922e+00,3.141999999999999904e+00,3.247835999999999501e+00,9.977999999999999758e+00,0.000000000000000000e+00,0.000000000000000000e+00,0.000000000000000000e+00,1.010720648481933548e+00
3.413000000000000256e+00,3.137999999999999901e+00,3.240956000000000614e+00,9.949999999999999289e+00,0.000000000000000000e+00,0.000000000000000000e+00,0.000000000000000000e+00,1.010455523505328079e+00
3.414000000000000146e+00,3.133999999999999897e+00,3.236043999999999699e+00,9.923999999999999488e+00,0.000000000000000000e+00,0.000000000000000000e+00,0.000000000000000000e+00,1.010389376617040424e+00
3.415000000000000036e+00,3.130999999999999783e+00,3.237839000000001022e+00,9.910000000000000142e+00,0.000000000000000000e+00,0.000000000000000000e+00,0.000000000000000000e+00,1.010898423477896602e+00
3.415999999999999925e+00,3.129000000000000004e+00,3.230358999999998204e+00,9.891999999999999460e+00,0.000000000000000000e+00,0.000000000000000000e+00,0.000000000000000000e+00,1.010352641875031265e+00
3.417000000000000259e+00,3.128000000000000114e+00,3.235615999999998493e+00,9.891999999999999460e+00,0.000000000000000000e+00,0.000000000000000000e+00,0.000000000000000000e+00,1.010998750662279733e+00
3.418000000000000149e+00,3.121999999999999886e+00,3.243116000000000554e+00,9.868000000000000327e+00,0.000000000000000000e+00,0.000000000000000000e+00,0.000000000000000000e+00,1.012426125108291108e+00
3.419000000000000039e+00,3.120000000000000107e+00,3.247599999999998488e+00,9.862000000000000099e+00,0.000000000000000000e+00,0.000000000000000000e+00,0.000000000000000000e+00,1.013108152531229322e+00
3.419999999999999929e+00,3.115000000000000213e+00,3.245774999999998300e+00,9.833999999999999631e+00,0.000000000000000000e+00,0.000000000000000000e+00,0.000000000000000000e+00,1.013477477848859332e+00
3.421000000000000263e+00,3.112999999999999989e+00,3.248231000000000535e+00,9.826000000000000512e+00,0.000000000000000000e+00,0.000000000000000000e+00,0.000000000000000000e+00,1.013954620113223237e+00
3.422000000000000153e+00,3.112000000000000099e+00,3.243456000000000117e+00,9.816000000000000725e+00,0.000000000000000000e+00,0.000000000000000000e+00,0.000000000000000000e+00,1.013573793458938388e+00
3.423000000000000043e+00,3.108999999999999986e+00,3.235118999999999190e+00,9.791999999999999815e+00,0.000000000000000000e+00,0.000000000000000000e+00,0.000000000000000000e+00,1.013047853578995960e+00
3.423999999999999932e+00,3.107000000000000206e+00,3.235550999999997401e+00,9.782000000000000028e+00,0.000000000000000000e+00,0.000000000000000000e+00,0.000000000000000000e+00,1.013316587677626668e+00
3.425000000000000266e+00,3.105999999999999872e+00,3.236764000000000863e+00,9.778000000000000469e+00,0.000000000000000000e+00,0.000000000000000000e+00,0.000000000000000000e+00,1.013554555937058232e+00
3.426000000000000156e+00,3.105999999999999872e+00,3.236764000000000863e+00,9.778000000000000469e+00,0.000000000000000000e+00,0.000000000000000000e+00,0.000000000000000000e+00,1.013554555937058232e+00
3.427000000000000046e+00,3.104000000000000092e+00,3.227183999999997610e+00,9.757999999999999119e+00,0.000000000000000000e+00,0.000000000000000000e+00,0.000000000000000000e+00,1.012785298650228372e+00
3.427999999999999936e+00,3.100999999999999979e+00,3.218799000000000632e+00,9.733999999999999986e+00,0.000000000000000000e+00,0.000000000000000000e+00,0.000000000000000000e+00,1.012250055921251946e+00
3.429000000000000270e+00,3.097999999999999865e+00,3.226396000000002928e+00,9.726000000000000867e+00,0.000000000000000000e+00,0.000000000000000000e+00,0.000000000000000000e+00,1.013377922239759199e+00
3.430000000000000160e+00,3.093999999999999861e+00,3.215164000000001465e+00,9.694000000000000838e+00,0.000000000000000000e+00,0.000000000000000000e+00,0.000000000000000000e+00,1.012657064217960201e+00
3.431000000000000050e+00,3.092999999999999972e+00,3.216350999999999516e+00,9.689999999999999503e+00,0.000000000000000000e+00,0.000000000000000000e+00,0.000000000000000000e+00,1.012893856563567896e+00
3.431999999999999940e+00,3.088999999999999968e+00,3.211078999999999795e+00,9.663999999999999702e+00,0.000000000000000000e+00,0.000000000000000000e+00,0.000000000000000000e+00,1.012793964653448731e+00
3.433000000000000274e+00,3.084000000000000075e+00,3.198943999999999122e+00,9.625999999999999446e+00,0.000000000000000000e+00,0.000000000000000000e+00,0.000000000000000000e+00,1.012085303671852898e+00
3.434000000000000163e+00,3.079000000000000181e+00,3.192758999999998792e+00,9.593999999999999417e+00,0.000000000000000000e+00,0.000000000000000000e+00,0.000000000000000000e+00,1.011999589461913374e+00
3.435000000000000053e+00,3.076999999999999957e+00,3.189071000000000211e+00,9.580000000000000071e+00,0.000000000000000000e+00,0.000000000000000000e+00,0.000000000000000000e+00,1.011836907522225770e+00
3.435999999999999943e+00,3.076000000000000068e+00,3.192223999999999506e+00,9.577999999999999403e+00,0.000000000000000000e+00,0.000000000000000000e+00,0.000000000000000000e+00,1.012283529011889449e+00
3.437000000000000277e+00,3.069999999999999840e+00,3.179100000000001813e+00,9.534000000000000696e+00,0.000000000000000000e+00,0.000000000000000000e+00,0.000000000000000000e+00,1.011575719636282678e+00
3.438000000000000167e+00,3.068000000000000060e+00,3.183375999999999095e+00,9.528000000000000469e+00,0.000000000000000000e+00,0.000000000000000000e+00,0.000000000000000000e+00,1.012257580882865327e+00
3.439000000000000057e+00,3.059000000000000163e+00,3.171518999999998201e+00,9.470000000000000639e+00,0.000000000000000000e+00,0.000000000000000000e+00,0.000000000000000000e+00,1.012024496763605397e+00
3.439999999999999947e+00,3.056000000000000050e+00,3.172864000000000573e+00,9.455999999999999517e+00,0.000000000000000000e+00,0.000000000000000000e+00,0.000000000000000000e+00,1.012513363120528531e+00
3.441000000000000281e+00,3.052000000000000046e+00,3.167295999999998557e+00,9.429999999999999716e+00,0.000000000000000000e+00,0.000000000000000000e+00,0.000000000000000000e+00,1.012377849043834210e+00
3.442000000000000171e+00,3.048999999999999932e+00,3.164599000000000828e+00,9.412000000000000810e+00,0.000000000000000000e+00,0.000000000000000000e+00,0.000000000000000000e+00,1.012434812138590212e+00
3.443000000000000060e+00,3.044000000000000039e+00,3.156064000000000647e+00,9.378000000000000114e+00,0.000000000000000000e+00,0.000000000000000000e+00,0.000000000000000000e+00,1.012094191023982903e+00
3.443999999999999950e+00,3.040999999999999925e+00,3.157319000000001097e+00,9.364000000000000767e+00,0.000000000000000000e+00,0.000000000000000000e+00,0.000000000000000000e+00,1.012578180410851125e+00
3.445000000000000284e+00,3.036000000000000032e+00,3.148703999999998615e+00,9.330000000000000071e+00,0.000000000000000000e+00,0.000000000000000000e+00,0.000000000000000000e+00,1.012227447181906603e+00
3.446000000000000174e+00,3.029999999999999805e+00,3.135099999999999554e+00,9.285999999999999588e+00,0.000000000000000000e+00,0.000000000000000000e+00,0.000000000000000000e+00,1.011447679421407564e+00
3.447000000000000064e+00,3.024000000000000021e+00,3.135424000000000433e+00,9.256000000000000227e+00,0.000000000000000000e+00,0.000000000000000000e+00,0.000000000000000000e+00,1.012184709274656313e+00
3.447999999999999954e+00,3.023000000000000131e+00,3.134470999999999563e+00,9.250000000000000000e+00,0.000000000000000000e+00,0.000000000000000000e+00,0.000000000000000000e+00,1.012197915003607340e+00
3.449000000000000288e+00,3.021999999999999797e+00,3.135516000000002634e+00,9.246000000000000441e+00,0.000000000000000000e+00,0.000000000000000000e+00,0.000000000000000000e+00,1.012429915015454984e+00
3.450000000000000178e+00,3.017999999999999794e+00,3.119676000000001892e+00,9.210000000000000853e+00,0.000000000000000000e+00,0.000000000000000000e+00,0.000000000000000000e+00,1.011162975757120774e+00
3.451000000000000068e+00,3.015000000000000124e+00,3.120775000000000077e+00,9.195999999999999730e+00,0.000000000000000000e+00,0.000000000000000000e+00,0.000000000000000000e+00,1.011636125618452731e+00
3.451999999999999957e+00,3.012000000000000011e+00,3.115856000000000847e+00,9.176000000000000156e+00,0.000000000000000000e+00,0.000000000000000000e+00,0.000000000000000000e+00,1.011447790070351571e+00
3.453000000000000291e+00,3.009999999999999787e+00,3.107900000000000773e+00,9.157999999999999474e+00,0.000000000000000000e+00,0.000000000000000000e+00,0.000000000000000000e+00,1.010805620247017256e+00
3.454000000000000181e+00,3.008999999999999897e+00,3.104919000000000651e+00,9.150000000000000355e+00,0.000000000000000000e+00,0.000000000000000000e+00,0.000000000000000000e+00,1.010594007276939488e+00
3.455000000000000071e+00,3.007000000000000117e+00,3.104950999999999794e+00,9.140000000000000568e+00,0.000000000000000000e+00,0.000000000000000000e+00,0.000000000000000000e+00,1.010832832248531377e+00
3.455999999999999961e+00,3.004999999999999893e+00,3.096974999999998701e+00,9.121999999999999886e+00,0.000000000000000000e+00,0.000000000000000000e+00,0.000000000000000000e+00,1.010185464602811223e+00
3.456999999999999851e+00,2.999000000000000110e+00,3.092998999999998944e+00,9.087999999999999190e+00,0.000000000000000000e+00,0.000000000000000000e+00,0.000000000000000000e+00,1.010451299705214412e+00
3.458000000000000185e+00,2.996999999999999886e+00,3.088991000000000042e+00,9.073999999999999844e+00,0.000000000000000000e+00,0.000000000000000000e+00,0.000000000000000000e+00,1.010241695371269399e+00
3.459000000000000075e+00,2.995000000000000107e+00,3.086974999999997138e+00,9.061999999999999389e+00,0.000000000000000000e+00,0.000000000000000000e+00,0.000000000000000000e+00,1.010253594610940109e+00
3.459999999999999964e+00,2.988999999999999879e+00,3.078878999999998811e+00,9.023999999999999133e+00,0.000000000000000000e+00,0.000000000000000000e+00,0.000000000000000000e+00,1.010060195065636490e+00
3.460999999999999854e+00,2.987999999999999989e+00,3.081856000000000151e+00,9.022000000000000242e+00,0.000000000000000000e+00,0.000000000000000000e+00,0.000000000000000000e+00,1.010512375248427963e+00
3.462000000000000188e+00,2.986000000000000210e+00,3.079803999999999320e+00,9.009999999999999787e+00,0.000000000000000000e+00,0.000000000000000000e+00,0.000000000000000000e+00,1.010520630098306283e+00
3.463000000000000078e+00,2.984999999999999876e+00,3.074775000000000702e+00,9.000000000000000000e+00,0.000000000000000000e+00,0.000000000000000000e+00,0.000000000000000000e+00,1.010075503143860187e+00
3.463999999999999968e+00,2.980999999999999872e+00,3.066639000000000337e+00,8.971999999999999531e+00,0.000000000000000000e+00,0.000000000000000000e+00,0.000000000000000000e+00,1.009637128178789922e+00
3.464999999999999858e+00,2.975999999999999979e+00,3.071424000000000376e+00,8.951999999999999957e+00,0.000000000000000000e+00,0.000000000000000000e+00,0.000000000000000000e+00,1.010774366978841377e+00
3.466000000000000192e+00,2.975000000000000089e+00,3.072374999999999190e+00,8.948000000000000398e+00,0.000000000000000000e+00,0.000000000000000000e+00,0.000000000000000000e+00,1.011002047877974652e+00
3.467000000000000082e+00,2.970000000000000195e+00,3.063099999999998602e+00,8.913999999999999702e+00,0.000000000000000000e+00,0.000000000000000000e+00,0.000000000000000000e+00,1.010554478567946335e+00
3.467999999999999972e+00,2.968999999999999861e+00,3.062039000000000399e+00,8.907999999999999474e+00,0.000000000000000000e+00,0.000000000000000000e+00,0.000000000000000000e+00,1.010554669498821445e+00
3.468999999999999861e+00,2.964999999999999858e+00,3.041775000000001228e+00,8.868000000000000327e+00,0.000000000000000000e+00,0.000000000000000000e+00,0.000000000000000000e+00,1.008733140148273089e+00
3.470000000000000195e+00,2.960999999999999854e+00,3.031479000000000923e+00,8.837999999999999190e+00,0.000000000000000000e+00,0.000000000000000000e+00,0.000000000000000000e+00,1.008038646271848249e+00
3.471000000000000085e+00,2.959999999999999964e+00,3.026400000000000645e+00,8.827999999999999403e+00,0.000000000000000000e+00,0.000000000000000000e+00,0.000000000000000000e+00,1.007578524470416292e+00
3.471999999999999975e+00,2.958000000000000185e+00,3.020235999999998810e+00,8.811999999999999389e+00,0.000000000000000000e+00,0.000000000000000000e+00,0.000000000000000000e+00,1.007112877558754560e+00
3.472999999999999865e+00,2.954000000000000181e+00,3.029883999999999133e+00,8.801999999999999602e+00,0.000000000000000000e+00,0.000000000000000000e+00,0.000000000000000000e+00,1.008696194274749436e+00
3.474000000000000199e+00,2.951999999999999957e+00,3.023695999999999273e+00,8.785999999999999588e+00,0.000000000000000000e+00,0.000000000000000000e+00,0.000000000000000000e+00,1.008227392572028647e+00
3.475000000000000089e+00,2.948999999999999844e+00,3.026398999999999617e+00,8.773999999999999133e+00,0.000000000000000000e+00,0.000000000000000000e+00,0.000000000000000000e+00,1.008899913885896282e+00
3.475999999999999979e+00,2.948999999999999844e+00,3.026398999999999617e+00,8.773999999999999133e+00,0.000000000000000000e+00,0.000000000000000000e+00,0.000000000000000000e+00,1.008899913885896282e+00
3.476999999999999869e+00,2.948999999999999844e+00,3.026398999999999617e+00,8.773999999999999133e+00,0.000000000000000000e+00,0.000000000000000000e+00,0.000000000000000000e+00,1.008899913885896282e+00
3.478000000000000203e+00,2.946000000000000174e+00,3.025083999999997886e+00,8.757999999999999119e+00,0.000000000000000000e+00,0.000000000000000000e+00,0.000000000000000000e+00,1.009112197882776840e+00
3.479000000000000092e+00,2.943000000000000060e+00,3.017751000000000516e+00,8.736000000000000654e+00,0.000000000000000000e+00,0.000000000000000000e+00,0.000000000000000000e+00,1.008630510449474604e+00
3.479999999999999982e+00,2.939999999999999947e+00,3.008399999999999963e+00,8.711999999999999744e+00,0.000000000000000000e+00,0.000000000000000000e+00,0.000000000000000000e+00,1.007913369429404460e+00
3.480999999999999872e+00,2.938000000000000167e+00,3.006155999999998940e+00,8.699999999999999289e+00,0.000000000000000000e+00,0.000000000000000000e+00,0.000000000000000000e+00,1.007895879489944191e+00
3.482000000000000206e+00,2.936999999999999833e+00,3.001030999999999338e+00,8.689999999999999503e+00,0.000000000000000000e+00,0.000000000000000000e+00,0.000000000000000000e+00,1.007423050094429895e+00
3.483000000000000096e+00,2.934000000000000163e+00,3.007643999999999096e+00,8.682000000000000384e+00,0.000000000000000000e+00,0.000000000000000000e+00,0.000000000000000000e+00,1.008554943592016917e+00
3.483999999999999986e+00,2.932999999999999829e+00,3.004511000000000820e+00,8.673999999999999488e+00,0.000000000000000000e+00,0.000000000000000000e+00,0.000000000000000000e+00,1.008312826671443618e+00
3.484999999999999876e+00,2.930000000000000160e+00,2.997099999999997877e+00,8.651999999999999247e+00,0.000000000000000000e+00,0.000000000000000000e+00,0.000000000000000000e+00,1.007816049109482748e+00
3.486000000000000210e+00,2.926000000000000156e+00,2.986523999999999290e+00,8.621999999999999886e+00,0.000000000000000000e+00,0.000000000000000000e+00,0.000000000000000000e+00,1.007069341781720695e+00
3.487000000000000099e+00,2.922000000000000153e+00,2.981916000000000011e+00,8.598000000000000753e+00,0.000000000000000000e+00,0.000000000000000000e+00,0.000000000000000000e+00,1.007017499476463351e+00
3.487999999999999989e+00,2.919999999999999929e+00,2.975600000000001799e+00,8.582000000000000739e+00,0.000000000000000000e+00,0.000000000000000000e+00,0.000000000000000000e+00,1.006520923250140864e+00
3.488999999999999879e+00,2.918000000000000149e+00,2.969276000000000693e+00,8.566000000000000725e+00,0.000000000000000000e+00,0.000000000000000000e+00,0.000000000000000000e+00,1.006022038999737411e+00
3.490000000000000213e+00,2.915000000000000036e+00,2.965775000000000716e+00,8.548000000000000043e+00,0.000000000000000000e+00,0.000000000000000000e+00,0.000000000000000000e+00,1.005975480230310470e+00
3.491000000000000103e+00,2.911000000000000032e+00,2.959078999999999127e+00,8.522000000000000242e+00,0.000000000000000000e+00,0.000000000000000000e+00,0.000000000000000000e+00,1.005673760706525366e+00
3.491999999999999993e+00,2.907999999999999918e+00,2.957536000000001053e+00,8.506000000000000227e+00,0.000000000000000000e+00,0.000000000000000000e+00,0.000000000000000000e+00,1.005857767501878053e+00
3.492999999999999883e+00,2.906000000000000139e+00,2.957164000000000570e+00,8.496000000000000441e+00,0.000000000000000000e+00,0.000000000000000000e+00,0.000000000000000000e+00,1.006058613808485935e+00
3.494000000000000217e+00,2.900999999999999801e+00,2.965199000000001917e+00,8.480000000000000426e+00,0.000000000000000000e+00,0.000000000000000000e+00,0.000000000000000000e+00,1.007628388551488063e+00
3.495000000000000107e+00,2.898000000000000131e+00,2.961595999999998341e+00,8.461999999999999744e+00,0.000000000000000000e+00,0.000000000000000000e+00,0.000000000000000000e+00,1.007572391135267864e+00
3.495999999999999996e+00,2.898000000000000131e+00,2.961595999999998341e+00,8.461999999999999744e+00,0.000000000000000000e+00,0.000000000000000000e+00,0.000000000000000000e+00,1.007572391135267864e+00
3.496999999999999886e+00,2.891999999999999904e+00,2.948335999999999402e+00,8.419999999999999929e+00,0.000000000000000000e+00,0.000000000000000000e+00,0.000000000000000000e+00,1.006735803829517772e+00
3.498000000000000220e+00,2.887999999999999901e+00,2.943456000000001183e+00,8.396000000000000796e+00,0.000000000000000000e+00,0.000000000000000000e+00,0.000000000000000000e+00,1.006648966782023091e+00
3.499000000000000110e+00,2.884999999999999787e+00,2.947775000000000034e+00,8.385999999999999233e+00,0.000000000000000000e+00,0.000000000000000000e+00,0.000000000000000000e+00,1.007542148626283662e+00
3.500000000000000000e+00,2.880999999999999783e+00,2.950839000000000212e+00,8.369999999999999218e+00,0.000000000000000000e+00,0.000000000000000000e+00,0.000000000000000000e+00,1.008414174134694585e+00
3.500999999999999890e+00,2.876999999999999780e+00,2.947871000000002795e+00,8.348000000000000753e+00,0.000000000000000000e+00,0.000000000000000000e+00,0.000000000000000000e+00,1.008562268390404748e+00
3.502000000000000224e+00,2.875000000000000000e+00,2.945375000000000298e+00,8.336000000000000298e+00,0.000000000000000000e+00,0.000000000000000000e+00,0.000000000000000000e+00,1.008514177693761837e+00
3.503000000000000114e+00,2.873000000000000220e+00,2.934870999999999341e+00,8.316000000000000725e+00,0.000000000000000000e+00,0.000000000000000000e+00,0.000000000000000000e+00,1.007495763635387842e+00
3.504000000000000004e+00,2.870999999999999996e+00,2.928359000000000378e+00,8.300000000000000711e+00,0.000000000000000000e+00,0.000000000000000000e+00,0.000000000000000000e+00,1.006958813322089252e+00
3.504999999999999893e+00,2.869000000000000217e+00,2.929838999999997640e+00,8.291999999999999815e+00,0.000000000000000000e+00,0.000000000000000000e+00,0.000000000000000000e+00,1.007391302393428889e+00
3.506000000000000227e+00,2.867999999999999883e+00,2.930576000000002068e+00,8.288000000000000256e+00,0.000000000000000000e+00,0.000000000000000000e+00,0.000000000000000000e+00,1.007607632141516607e+00
3.507000000000000117e+00,2.866999999999999993e+00,2.929311000000000220e+00,8.282000000000000028e+00,0.000000000000000000e+00,0.000000000000000000e+00,0.000000000000000000e+00,1.007580700437692878e+00
3.508000000000000007e+00,2.863999999999999879e+00,2.927503999999998996e+00,8.266000000000000014e+00,0.000000000000000000e+00,0.000000000000000000e+00,0.000000000000000000e+00,1.007742033644393187e+00
3.508999999999999897e+00,2.861000000000000210e+00,2.931678999999999036e+00,8.256000000000000227e+00,0.000000000000000000e+00,0.000000000000000000e+00,0.000000000000000000e+00,1.008634847674269475e+00
3.510000000000000231e+00,2.858000000000000096e+00,2.917835999999999430e+00,8.227999999999999758e+00,0.000000000000000000e+00,0.000000000000000000e+00,0.000000000000000000e+00,1.007325514032284319e+00
3.511000000000000121e+00,2.855999999999999872e+00,2.923264000000001417e+00,8.224000000000000199e+00,0.000000000000000000e+00,0.000000000000000000e+00,0.000000000000000000e+00,1.008246435829233789e+00
3.512000000000000011e+00,2.854999999999999982e+00,2.921974999999999767e+00,8.217999999999999972e+00,0.000000000000000000e+00,0.000000000000000000e+00,0.000000000000000000e+00,1.008216758015096248e+00
3.512999999999999901e+00,2.853000000000000203e+00,2.913390999999997177e+00,8.199999999999999289e+00,0.000000000000000000e+00,0.000000000000000000e+00,0.000000000000000000e+00,1.007419398155365631e+00
3.514000000000000234e+00,2.851999999999999869e+00,2.914096000000000686e+00,8.195999999999999730e+00,0.000000000000000000e+00,0.000000000000000000e+00,0.000000000000000000e+00,1.007634218451557873e+00
3.515000000000000124e+00,2.850000000000000089e+00,2.915499999999999758e+00,8.188000000000000611e+00,0.000000000000000000e+00,0.000000000000000000e+00,0.000000000000000000e+00,1.008064019698368785e+00
3.516000000000000014e+00,2.846999999999999975e+00,2.917590999999999823e+00,8.176000000000000156e+00,0.000000000000000000e+00,0.000000000000000000e+00,0.000000000000000000e+00,1.008709122513126832e+00
3.516999999999999904e+00,2.846000000000000085e+00,2.918283999999999878e+00,8.172000000000000597e+00,0.000000000000000000e+00,0.000000000000000000e+00,0.000000000000000000e+00,1.008924263517387399e+00
3.518000000000000238e+00,2.841000000000000192e+00,2.915719000000001060e+00,8.146000000000000796e+00,0.000000000000000000e+00,0.000000000000000000e+00,0.000000000000000000e+00,1.009257390493528916e+00
3.519000000000000128e+00,2.835999999999999854e+00,2.911104000000001690e+00,8.118000000000000327e+00,0.000000000000000000e+00,0.000000000000000000e+00,0.000000000000000000e+00,1.009337930019237106e+00
3.520000000000000018e+00,2.834000000000000075e+00,2.908443999999999363e+00,8.105999999999999872e+00,0.000000000000000000e+00,0.000000000000000000e+00,0.000000000000000000e+00,1.009268938671410654e+00
3.520999999999999908e+00,2.830999999999999961e+00,2.902438999999999325e+00,8.086000000000000298e+00,0.000000000000000000e+00,0.000000000000000000e+00,0.000000000000000000e+00,1.008913651040899140e+00
3.522000000000000242e+00,2.827999999999999847e+00,2.896416000000001212e+00,8.066000000000000725e+00,0.000000000000000000e+00,0.000000000000000000e+00,0.000000000000000000e+00,1.008554583484212452e+00
3.523000000000000131e+00,2.826000000000000068e+00,2.889724000000001070e+00,8.050000000000000711e+00,0.000000000000000000e+00,0.000000000000000000e+00,0.000000000000000000e+00,1.007979188297524420e+00
3.524000000000000021e+00,2.822000000000000064e+00,2.878315999999998098e+00,8.019999999999999574e+00,0.000000000000000000e+00,0.000000000000000000e+00,0.000000000000000000e+00,1.007071601535168837e+00
3.524999999999999911e+00,2.819999999999999840e+00,2.875600000000000378e+00,8.007999999999999119e+00,0.000000000000000000e+00,0.000000000000000000e+00,0.000000000000000000e+00,1.006991600020119781e+00
3.526000000000000245e+00,2.817000000000000171e+00,2.867510999999999477e+00,7.985999999999999766e+00,0.000000000000000000e+00,0.000000000000000000e+00,0.000000000000000000e+00,1.006365203202978176e+00
3.527000000000000135e+00,2.814000000000000057e+00,2.863404000000000060e+00,7.967999999999999972e+00,0.000000000000000000e+00,0.000000000000000000e+00,0.000000000000000000e+00,1.006238984789727953e+00
3.528000000000000025e+00,2.811999999999999833e+00,2.864656000000000979e+00,7.959999999999999964e+00,0.000000000000000000e+00,0.000000000000000000e+00,0.000000000000000000e+00,1.006659125997300785e+00
3.528999999999999915e+00,2.810000000000000053e+00,2.867899999999998784e+00,7.953999999999999737e+00,0.000000000000000000e+00,0.000000000000000000e+00,0.000000000000000000e+00,1.007332733881282971e+00
3.530000000000000249e+00,2.807999999999999829e+00,2.863136000000001680e+00,7.940000000000000391e+00,0.000000000000000000e+00,0.000000000000000000e+00,0.000000000000000000e+00,1.006992638046769306e+00
3.531000000000000139e+00,2.807999999999999829e+00,2.863136000000001680e+00,7.940000000000000391e+00,0.000000000000000000e+00,0.000000000000000000e+00,0.000000000000000000e+00,1.006992638046769306e+00
3.532000000000000028e+00,2.806000000000000050e+00,2.856364000000000125e+00,7.924000000000000377e+00,0.000000000000000000e+00,0.000000000000000000e+00,0.000000000000000000e+00,1.006396536492161875e+00
3.532999999999999918e+00,2.805000000000000160e+00,2.854974999999999596e+00,7.918000000000000149e+00,0.000000000000000000e+00,0.000000000000000000e+00,0.000000000000000000e+00,1.006351657499817254e+00
3.534000000000000252e+00,2.802999999999999936e+00,2.854191000000001033e+00,7.908000000000000362e+00,0.000000000000000000e+00,0.000000000000000000e+00,0.000000000000000000e+00,1.006515495031125473e+00
3.535000000000000142e+00,2.801000000000000156e+00,2.851398999999998018e+00,7.895999999999999908e+00,0.000000000000000000e+00,0.000000000000000000e+00,0.000000000000000000e+00,1.006423854590617006e+00
3.536000000000000032e+00,2.798000000000000043e+00,2.857196000000000069e+00,7.887999999999999901e+00,0.000000000000000000e+00,0.000000000000000000e+00,0.000000000000000000e+00,1.007561308215149998e+00
3.536999999999999922e+00,2.794999999999999929e+00,2.852974999999999817e+00,7.870000000000000107e+00,0.000000000000000000e+00,0.000000000000000000e+00,0.000000000000000000e+00,1.007421251212073710e+00
3.538000000000000256e+00,2.794999999999999929e+00,2.852974999999999817e+00,7.870000000000000107e+00,0.000000000000000000e+00,0.000000000000000000e+00,0.000000000000000000e+00,1.007421251212073710e+00
3.539000000000000146e+00,2.793000000000000149e+00,2.854150999999999883e+00,7.862000000000000099e+00,0.000000000000000000e+00,0.000000000000000000e+00,0.000000000000000000e+00,1.007839018547852739e+00
3.540000000000000036e+00,2.790999999999999925e+00,2.859318999999999278e+00,7.857999999999999652e+00,0.000000000000000000e+00,0.000000000000000000e+00,0.000000000000000000e+00,1.008770449008117298e+00
3.540999999999999925e+00,2.786999999999999922e+00,2.863631000000000704e+00,7.844000000000000306e+00,0.000000000000000000e+00,0.000000000000000000e+00,0.000000000000000000e+00,1.009865760207864671e+00
3.542000000000000259e+00,2.785000000000000142e+00,2.862774999999999181e+00,7.833999999999999631e+00,0.000000000000000000e+00,0.000000000000000000e+00,0.000000000000000000e+00,1.010027429580756086e+00
3.543000000000000149e+00,2.782999999999999918e+00,2.853911000000000975e+00,7.815999999999999837e+00,0.000000000000000000e+00,0.000000000000000000e+00,0.000000000000000000e+00,1.009155608153760486e+00
3.544000000000000039e+00,2.778999999999999915e+00,2.852158999999999445e+00,7.796000000000000263e+00,0.000000000000000000e+00,0.000000000000000000e+00,0.000000000000000000e+00,1.009473068265940077e+00
3.544999999999999929e+00,2.777000000000000135e+00,2.851270999999997890e+00,7.785999999999999588e+00,0.000000000000000000e+00,0.000000000000000000e+00,0.000000000000000000e+00,1.009630914156864012e+00
3.546000000000000263e+00,2.775999999999999801e+00,2.851824000000000581e+00,7.782000000000000028e+00,0.000000000000000000e+00,0.000000000000000000e+00,0.000000000000000000e+00,1.009839380777184603e+00
3.547000000000000153e+00,2.770999999999999908e+00,2.846558999999999173e+00,7.753999999999999559e+00,0.000000000000000000e+00,0.000000000000000000e+00,0.000000000000000000e+00,1.009840409010110296e+00
3.548000000000000043e+00,2.769000000000000128e+00,2.849638999999998923e+00,7.748000000000000220e+00,0.000000000000000000e+00,0.000000000000000000e+00,0.000000000000000000e+00,1.010517177944275646e+00
3.548999999999999932e+00,2.766999999999999904e+00,2.848711000000001548e+00,7.738000000000000433e+00,0.000000000000000000e+00,0.000000000000000000e+00,0.000000000000000000e+00,1.010672402778944434e+00
3.550000000000000266e+00,2.765000000000000124e+00,2.837774999999999714e+00,7.717999999999999972e+00,0.000000000000000000e+00,0.000000000000000000e+00,0.000000000000000000e+00,1.009519013501891660e+00
3.551000000000000156e+00,2.762999999999999901e+00,2.836831000000000991e+00,7.708000000000000185e+00,0.000000000000000000e+00,0.000000000000000000e+00,0.000000000000000000e+00,1.009671124650240337e+00
3.552000000000000046e+00,2.757000000000000117e+00,2.831950999999999219e+00,7.676000000000000156e+00,0.000000000000000000e+00,0.000000000000000000e+00,0.000000000000000000e+00,1.009860612660173462e+00
3.552999999999999936e+00,2.753000000000000114e+00,2.827990999999999033e+00,7.653999999999999915e+00,0.000000000000000000e+00,0.000000000000000000e+00,0.000000000000000000e+00,1.009894565371277197e+00
3.554000000000000270e+00,2.750999999999999890e+00,2.834999000000000713e+00,7.652000000000000135e+00,0.000000000000000000e+00,0.000000000000000000e+00,0.000000000000000000e+00,1.011099232148621629e+00
3.555000000000000160e+00,2.750000000000000000e+00,2.837500000000000355e+00,7.650000000000000355e+00,0.000000000000000000e+00,0.000000000000000000e+00,0.000000000000000000e+00,1.011570247933884392e+00
3.556000000000000050e+00,2.749000000000000110e+00,2.835999000000000159e+00,7.644000000000000128e+00,0.000000000000000000e+00,0.000000000000000000e+00,0.000000000000000000e+00,1.011512371111238373e+00
3.556999999999999940e+00,2.748000000000000220e+00,2.836495999999998574e+00,7.639999999999999680e+00,0.000000000000000000e+00,0.000000000000000000e+00,0.000000000000000000e+00,1.011718990018412034e+00
3.558000000000000274e+00,2.741000000000000103e+00,2.831919000000000075e+00,7.604000000000000092e+00,0.000000000000000000e+00,0.000000000000000000e+00,0.000000000000000000e+00,1.012101426831415685e+00
3.559000000000000163e+00,2.737000000000000099e+00,2.831831000000000209e+00,7.586000000000000298e+00,0.000000000000000000e+00,0.000000000000000000e+00,0.000000000000000000e+00,1.012659038929705213e+00
3.560000000000000053e+00,2.734999999999999876e+00,2.830775000000000929e+00,7.575999999999999623e+00,0.000000000000000000e+00,0.000000000000000000e+00,0.000000000000000000e+00,1.012803759245209934e+00
3.560999999999999943e+00,2.733000000000000096e+00,2.827710999999999864e+00,7.564000000000000057e+00,0.000000000000000000e+00,0.000000000000000000e+00,0.000000000000000000e+00,1.012680055625106990e+00
3.562000000000000277e+00,2.729999999999999982e+00,2.825100000000000833e+00,7.548000000000000043e+00,0.000000000000000000e+00,0.000000000000000000e+00,0.000000000000000000e+00,1.012760133639254656e+00
3.563000000000000167e+00,2.729000000000000092e+00,2.821558999999999706e+00,7.540000000000000036e+00,0.000000000000000000e+00,0.000000000000000000e+00,0.000000000000000000e+00,1.012428295840141601e+00
3.564000000000000057e+00,2.725000000000000089e+00,2.817375000000000185e+00,7.517999999999999794e+00,0.000000000000000000e+00,0.000000000000000000e+00,0.000000000000000000e+00,1.012440030300479687e+00
3.564999999999999947e+00,2.725000000000000089e+00,2.817375000000000185e+00,7.517999999999999794e+00,0.000000000000000000e+00,0.000000000000000000e+00,0.000000000000000000e+00,1.012440030300479687e+00
3.566000000000000281e+00,2.722999999999999865e+00,2.804271000000001735e+00,7.496000000000000441e+00,0.000000000000000000e+00,0.000000000000000000e+00,0.000000000000000000e+00,1.010960751229074139e+00
3.567000000000000171e+00,2.718999999999999861e+00,2.800038999999999945e+00,7.474000000000000199e+00,0.000000000000000000e+00,0.000000000000000000e+00,0.000000000000000000e+00,1.010961643108897912e+00
3.568000000000000060e+00,2.716000000000000192e+00,2.805343999999998950e+00,7.466000000000000192e+00,0.000000000000000000e+00,0.000000000000000000e+00,0.000000000000000000e+00,1.012111721083374105e+00
3.568999999999999950e+00,2.713999999999999968e+00,2.800204000000000804e+00,7.451999999999999957e+00,0.000000000000000000e+00,0.000000000000000000e+00,0.000000000000000000e+00,1.011703283664114661e+00
3.570000000000000284e+00,2.710999999999999854e+00,2.799478999999999829e+00,7.437999999999999723e+00,0.000000000000000000e+00,0.000000000000000000e+00,0.000000000000000000e+00,1.012038743749422709e+00
3.571000000000000174e+00,2.709999999999999964e+00,2.801900000000000723e+00,7.435999999999999943e+00,0.000000000000000000e+00,0.000000000000000000e+00,0.000000000000000000e+00,1.012513446167671916e+00
3.572000000000000064e+00,2.708000000000000185e+00,2.792736000000000551e+00,7.418000000000000149e+00,0.000000000000000000e+00,0.000000000000000000e+00,0.000000000000000000e+00,1.011555018338355039e+00
3.572999999999999954e+00,2.708000000000000185e+00,2.792736000000000551e+00,7.418000000000000149e+00,0.000000000000000000e+00,0.000000000000000000e+00,0.000000000000000000e+00,1.011555018338355039e+00
3.574000000000000288e+00,2.705000000000000071e+00,2.791974999999999874e+00,7.403999999999999915e+00,0.000000000000000000e+00,0.000000000000000000e+00,0.000000000000000000e+00,1.011886661587188652e+00
3.575000000000000178e+00,2.704000000000000181e+00,2.792384000000000199e+00,7.400000000000000355e+00,0.000000000000000000e+00,0.000000000000000000e+00,0.000000000000000000e+00,1.012088162179195283e+00
3.576000000000000068e+00,2.701000000000000068e+00,2.779598999999999265e+00,7.373999999999999666e+00,0.000000000000000000e+00,0.000000000000000000e+00,0.000000000000000000e+00,1.010773773778850471e+00
3.576999999999999957e+00,2.696000000000000174e+00,2.755583999999999811e+00,7.328000000000000291e+00,0.000000000000000000e+00,0.000000000000000000e+00,0.000000000000000000e+00,1.008197659572594551e+00
3.578000000000000291e+00,2.694999999999999840e+00,2.759975000000000733e+00,7.328000000000000291e+00,0.000000000000000000e+00,0.000000000000000000e+00,0.000000000000000000e+00,1.008945997019148555e+00
3.579000000000000181e+00,2.692000000000000171e+00,2.755135999999997587e+00,7.309999999999999609e+00,0.000000000000000000e+00,0.000000000000000000e+00,0.000000000000000000e+00,1.008712182262561985e+00
3.580000000000000071e+00,2.689000000000000057e+00,2.754278999999999478e+00,7.296000000000000263e+00,0.000000000000000000e+00,0.000000000000000000e+00,0.000000000000000000e+00,1.009028007027238383e+00
3.580999999999999961e+00,2.685999999999999943e+00,2.743404000000000842e+00,7.272000000000000242e+00,0.000000000000000000e+00,0.000000000000000000e+00,0.000000000000000000e+00,1.007956647884372225e+00
3.582000000000000295e+00,2.681000000000000050e+00,2.739238999999999535e+00,7.246000000000000441e+00,0.000000000000000000e+00,0.000000000000000000e+00,0.000000000000000000e+00,1.008102523164028375e+00
3.583000000000000185e+00,2.680000000000000160e+00,2.741599999999998261e+00,7.243999999999999773e+00,0.000000000000000000e+00,0.000000000000000000e+00,0.000000000000000000e+00,1.008576520383158703e+00
3.584000000000000075e+00,2.676000000000000156e+00,2.731023999999998786e+00,7.216000000000000192e+00,0.000000000000000000e+00,0.000000000000000000e+00,0.000000000000000000e+00,1.007683868791069859e+00
3.584999999999999964e+00,2.672000000000000153e+00,2.728415999999999286e+00,7.195999999999999730e+00,0.000000000000000000e+00,0.000000000000000000e+00,0.000000000000000000e+00,1.007901860948760886e+00
3.585999999999999854e+00,2.669000000000000039e+00,2.727439000000000391e+00,7.182000000000000384e+00,0.000000000000000000e+00,0.000000000000000000e+00,0.000000000000000000e+00,1.008203621756029067e+00
3.587000000000000188e+00,2.665999999999999925e+00,2.718444000000000749e+00,7.160000000000000142e+00,0.000000000000000000e+00,0.000000000000000000e+00,0.000000000000000000e+00,1.007378626352011919e+00
3.588000000000000078e+00,2.665000000000000036e+00,2.718774999999999942e+00,7.155999999999999694e+00,0.000000000000000000e+00,0.000000000000000000e+00,0.000000000000000000e+00,1.007571570880956280e+00
3.588999999999999968e+00,2.661999999999999922e+00,2.711756000000000277e+00,7.136000000000000121e+00,0.000000000000000000e+00,0.000000000000000000e+00,0.000000000000000000e+00,1.007021491215938980e+00
3.589999999999999858e+00,2.661000000000000032e+00,2.712078999999999240e+00,7.131999999999999673e+00,0.000000000000000000e+00,0.000000000000000000e+00,0.000000000000000000e+00,1.007213609642022556e+00
3.591000000000000192e+00,2.660000000000000142e+00,2.710400000000000809e+00,7.126000000000000334e+00,0.000000000000000000e+00,0.000000000000000000e+00,0.000000000000000000e+00,1.007123070834982093e+00
3.592000000000000082e+00,2.657000000000000028e+00,2.703350999999999615e+00,7.105999999999999872e+00,0.000000000000000000e+00,0.000000000000000000e+00,0.000000000000000000e+00,1.006565623871668258e+00
3.592999999999999972e+00,2.653000000000000025e+00,2.698591000000000406e+00,7.083999999999999631e+00,0.000000000000000000e+00,0.000000000000000000e+00,0.000000000000000000e+00,1.006477458186928242e+00
3.593999999999999861e+00,2.649000000000000021e+00,2.683799000000000490e+00,7.051999999999999602e+00,0.000000000000000000e+00,0.000000000000000000e+00,0.000000000000000000e+00,1.004959099789217936e+00
3.595000000000000195e+00,2.646999999999999797e+00,2.686391000000000417e+00,7.046000000000000263e+00,0.000000000000000000e+00,0.000000000000000000e+00,0.000000000000000000e+00,1.005621977764136865e+00
3.596000000000000085e+00,2.642999999999999794e+00,2.679551000000000016e+00,7.022000000000000242e+00,0.000000000000000000e+00,0.000000000000000000e+00,0.000000000000000000e+00,1.005232448193380534e+00
3.596999999999999975e+00,2.640000000000000124e+00,2.676400000000000112e+00,7.006000000000000227e+00,0.000000000000000000e+00,0.000000000000000000e+00,0.000000000000000000e+00,1.005222681359045023e+00
3.597999999999999865e+00,2.637999999999999901e+00,2.676955999999999669e+00,6.998000000000000220e+00,0.000000000000000000e+00,0.000000000000000000e+00,0.000000000000000000e+00,1.005597895343096182e+00
3.599000000000000199e+00,2.637000000000000011e+00,2.673231000000000357e+00,6.990000000000000213e+00,0.000000000000000000e+00,0.000000000000000000e+00,0.000000000000000000e+00,1.005210267985606087e+00
3.600000000000000089e+00,2.634999999999999787e+00,2.673775000000001789e+00,6.982000000000000206e+00,0.000000000000000000e+00,0.000000000000000000e+00,0.000000000000000000e+00,1.005584580652362670e+00
3.600999999999999979e+00,2.632000000000000117e+00,2.666575999999999169e+00,6.961999999999999744e+00,0.000000000000000000e+00,0.000000000000000000e+00,0.000000000000000000e+00,1.004991177095555299e+00
3.601999999999999869e+00,2.629000000000000004e+00,2.657359000000000471e+00,6.940000000000000391e+00,0.000000000000000000e+00,0.000000000000000000e+00,0.000000000000000000e+00,1.004103077691679946e+00
3.603000000000000203e+00,2.626999999999999780e+00,2.661870999999999654e+00,6.935999999999999943e+00,0.000000000000000000e+00,0.000000000000000000e+00,0.000000000000000000e+00,1.005052941337569727e+00
3.604000000000000092e+00,2.625000000000000000e+00,2.648374999999999702e+00,6.913999999999999702e+00,0.000000000000000000e+00,0.000000000000000000e+00,0.000000000000000000e+00,1.003392290249432994e+00
3.604999999999999982e+00,2.623000000000000220e+00,2.650870999999999533e+00,6.908000000000000362e+00,0.000000000000000000e+00,0.000000000000000000e+00,0.000000000000000000e+00,1.004050941486707593e+00
3.605999999999999872e+00,2.619000000000000217e+00,2.651838999999999835e+00,6.892000000000000348e+00,0.000000000000000000e+00,0.000000000000000000e+00,0.000000000000000000e+00,1.004787611779341505e+00
3.607000000000000206e+00,2.616000000000000103e+00,2.644543999999998896e+00,6.871999999999999886e+00,0.000000000000000000e+00,0.000000000000000000e+00,0.000000000000000000e+00,1.004170991966631954e+00
3.608000000000000096e+00,2.612999999999999989e+00,2.639231000000000549e+00,6.854000000000000092e+00,0.000000000000000000e+00,0.000000000000000000e+00,0.000000000000000000e+00,1.003841811285648422e+00
3.608999999999999986e+00,2.609999999999999876e+00,2.639900000000000801e+00,6.841999999999999638e+00,0.000000000000000000e+00,0.000000000000000000e+00,0.000000000000000000e+00,1.004389248543033686e+00
3.609999999999999876e+00,2.608999999999999986e+00,2.632119000000000320e+00,6.830000000000000071e+00,0.000000000000000000e+00,0.000000000000000000e+00,0.000000000000000000e+00,1.003396416067799723e+00
3.611000000000000210e+00,2.607000000000000206e+00,2.632550999999999419e+00,6.822000000000000064e+00,0.000000000000000000e+00,0.000000000000000000e+00,0.000000000000000000e+00,1.003759463213804715e+00
3.612000000000000099e+00,2.605999999999999872e+00,2.630764000000000991e+00,6.815999999999999837e+00,0.000000000000000000e+00,0.000000000000000000e+00,0.000000000000000000e+00,1.003646464354942092e+00
3.612999999999999989e+00,2.604000000000000092e+00,2.633183999999999081e+00,6.809999999999999609e+00,0.000000000000000000e+00,0.000000000000000000e+00,0.000000000000000000e+00,1.004303906786439660e+00
3.613999999999999879e+00,2.601999999999999869e+00,2.633596000000000714e+00,6.801999999999999602e+00,0.000000000000000000e+00,0.000000000000000000e+00,0.000000000000000000e+00,1.004666782070907427e+00
3.615000000000000213e+00,2.599000000000000199e+00,2.636198999999998627e+00,6.791999999999999815e+00,0.000000000000000000e+00,0.000000000000000000e+00,0.000000000000000000e+00,1.005507046025486018e+00
3.616000000000000103e+00,2.595000000000000195e+00,2.624974999999999170e+00,6.764000000000000234e+00,0.000000000000000000e+00,0.000000000000000000e+00,0.000000000000000000e+00,1.004451275425915391e+00
3.616999999999999993e+00,2.592999999999999972e+00,2.629350999999999772e+00,6.759999999999999787e+00,0.000000000000000000e+00,0.000000000000000000e+00,0.000000000000000000e+00,1.005406439271294472e+00
3.617999999999999883e+00,2.592999999999999972e+00,2.629350999999999772e+00,6.759999999999999787e+00,0.000000000000000000e+00,0.000000000000000000e+00,0.000000000000000000e+00,1.005406439271294472e+00
3.619000000000000217e+00,2.589999999999999858e+00,2.631900000000000794e+00,6.750000000000000000e+00,0.000000000000000000e+00,0.000000000000000000e+00,0.000000000000000000e+00,1.006246179991353795e+00
3.620000000000000107e+00,2.587000000000000188e+00,2.634430999999999301e+00,6.740000000000000213e+00,0.000000000000000000e+00,0.000000000000000000e+00,0.000000000000000000e+00,1.007087114081304247e+00
3.620999999999999996e+00,2.583000000000000185e+00,2.635110999999999315e+00,6.724000000000000199e+00,0.000000000000000000e+00,0.000000000000000000e+00,0.000000000000000000e+00,1.007810531620055405e+00
3.621999999999999886e+00,2.580000000000000071e+00,2.627599999999998381e+00,6.703999999999999737e+00,0.000000000000000000e+00,0.000000000000000000e+00,0.000000000000000000e+00,1.007151012559341252e+00
3.623000000000000220e+00,2.576000000000000068e+00,2.632223999999999897e+00,6.692000000000000171e+00,0.000000000000000000e+00,0.000000000000000000e+00,0.000000000000000000e+00,1.008472859843370095e+00
3.624000000000000110e+00,2.569999999999999840e+00,2.621100000000000207e+00,6.655999999999999694e+00,0.000000000000000000e+00,0.000000000000000000e+00,0.000000000000000000e+00,1.007736680343381597e+00
3.625000000000000000e+00,2.568000000000000060e+00,2.613375999999999699e+00,6.639999999999999680e+00,0.000000000000000000e+00,0.000000000000000000e+00,0.000000000000000000e+00,1.006880756203841099e+00
3.625999999999999890e+00,2.565999999999999837e+00,2.611644000000000965e+00,6.629999999999999893e+00,0.000000000000000000e+00,0.000000000000000000e+00,0.000000000000000000e+00,1.006932188964266395e+00
3.627000000000000224e+00,2.563000000000000167e+00,2.610030999999999324e+00,6.615999999999999659e+00,0.000000000000000000e+00,0.000000000000000000e+00,0.000000000000000000e+00,1.007159571007261389e+00
3.628000000000000114e+00,2.560000000000000053e+00,2.602400000000000269e+00,6.596000000000000085e+00,0.000000000000000000e+00,0.000000000000000000e+00,0.000000000000000000e+00,1.006469726562500000e+00
3.629000000000000004e+00,2.556999999999999940e+00,2.596751000000000253e+00,6.578000000000000291e+00,0.000000000000000000e+00,0.000000000000000000e+00,0.000000000000000000e+00,1.006079762333921712e+00
3.629999999999999893e+00,2.555000000000000160e+00,2.592975000000000030e+00,6.565999999999999837e+00,0.000000000000000000e+00,0.000000000000000000e+00,0.000000000000000000e+00,1.005817226496528383e+00
3.631000000000000227e+00,2.555000000000000160e+00,2.592975000000000030e+00,6.565999999999999837e+00,0.000000000000000000e+00,0.000000000000000000e+00,0.000000000000000000e+00,1.005817226496528383e+00
3.632000000000000117e+00,2.552000000000000046e+00,2.587295999999999374e+00,6.548000000000000043e+00,0.000000000000000000e+00,0.000000000000000000e+00,0.000000000000000000e+00,1.005419561521604610e+00
3.633000000000000007e+00,2.549999999999999822e+00,2.585500000000001464e+00,6.538000000000000256e+00,0.000000000000000000e+00,0.000000000000000000e+00,0.000000000000000000e+00,1.005459438677431816e+00
3.633999999999999897e+00,2.548999999999999932e+00,2.583598999999999535e+00,6.532000000000000028e+00,0.000000000000000000e+00,0.000000000000000000e+00,0.000000000000000000e+00,1.005325052278595699e+00
3.635000000000000231e+00,2.545999999999999819e+00,2.587884000000001627e+00,6.524000000000000021e+00,0.000000000000000000e+00,0.000000000000000000e+00,0.000000000000000000e+00,1.006461470297662197e+00
3.636000000000000121e+00,2.545999999999999819e+00,2.587884000000001627e+00,6.524000000000000021e+00,0.000000000000000000e+00,0.000000000000000000e+00,0.000000000000000000e+00,1.006461470297662197e+00
3.637000000000000011e+00,2.544999999999999929e+00,2.585974999999999469e+00,6.517999999999999794e+00,0.000000000000000000e+00,0.000000000000000000e+00,0.000000000000000000e+00,1.006326206861946737e+00
3.637999999999999901e+00,2.541999999999999815e+00,2.592235999999999763e+00,6.511999999999999567e+00,0.000000000000000000e+00,0.000000000000000000e+00,0.000000000000000000e+00,1.007774347685864269e+00
3.639000000000000234e+00,2.540000000000000036e+00,2.590399999999999814e+00,6.501999999999999780e+00,0.000000000000000000e+00,0.000000000000000000e+00,0.000000000000000000e+00,1.007812015624031110e+00
3.640000000000000124e+00,2.536999999999999922e+00,2.590631000000001016e+00,6.490000000000000213e+00,0.000000000000000000e+00,0.000000000000000000e+00,0.000000000000000000e+00,1.008332493056255830e+00
3.641000000000000014e+00,2.532999999999999918e+00,2.590911000000000186e+00,6.474000000000000199e+00,0.000000000000000000e+00,0.000000000000000000e+00,0.000000000000000000e+00,1.009025903474842778e+00
3.641999999999999904e+00,2.531000000000000139e+00,2.589039000000000534e+00,6.464000000000000412e+00,0.000000000000000000e+00,0.000000000000000000e+00,0.000000000000000000e+00,1.009060155064946507e+00
3.643000000000000238e+00,2.528000000000000025e+00,2.587215999999999738e+00,6.450000000000000178e+00,0.000000000000000000e+00,0.000000000000000000e+00,0.000000000000000000e+00,1.009265842813651615e+00
3.644000000000000128e+00,2.524999999999999911e+00,2.589375000000000426e+00,6.440000000000000391e+00,0.000000000000000000e+00,0.000000000000000000e+00,0.000000000000000000e+00,1.010097049308891437e+00
3.645000000000000018e+00,2.521999999999999797e+00,2.589516000000000595e+00,6.427999999999999936e+00,0.000000000000000000e+00,0.000000000000000000e+00,0.000000000000000000e+00,1.010614915468697195e+00
3.645999999999999908e+00,2.519000000000000128e+00,2.579639000000000237e+00,6.405999999999999694e+00,0.000000000000000000e+00,0.000000000000000000e+00,0.000000000000000000e+00,1.009556430280325934e+00
3.647000000000000242e+00,2.516999999999999904e+00,2.585710999999999871e+00,6.403999999999999915e+00,0.000000000000000000e+00,0.000000000000000000e+00,0.000000000000000000e+00,1.010845756207806811e+00
3.648000000000000131e+00,2.515000000000000124e+00,2.577774999999999928e+00,6.387999999999999901e+00,0.000000000000000000e+00,0.000000000000000000e+00,0.000000000000000000e+00,1.009924548138603662e+00
3.649000000000000021e+00,2.511000000000000121e+00,2.577878999999998477e+00,6.371999999999999886e+00,0.000000000000000000e+00,0.000000000000000000e+00,0.000000000000000000e+00,1.010607092235025872e+00
3.649999999999999911e+00,2.511000000000000121e+00,2.577878999999998477e+00,6.371999999999999886e+00,0.000000000000000000e+00,0.000000000000000000e+00,0.000000000000000000e+00,1.010607092235025872e+00
3.651000000000000245e+00,2.505999999999999783e+00,2.563964000000000354e+00,6.338000000000000078e+00,0.000000000000000000e+00,0.000000000000000000e+00,0.000000000000000000e+00,1.009229883395573069e+00
3.652000000000000135e+00,2.504000000000000004e+00,2.559984000000000037e+00,6.325999999999999623e+00,0.000000000000000000e+00,0.000000000000000000e+00,0.000000000000000000e+00,1.008928844838673289e+00
3.653000000000000025e+00,2.500000000000000000e+00,2.556000000000000938e+00,6.306000000000000050e+00,0.000000000000000000e+00,0.000000000000000000e+00,0.000000000000000000e+00,1.008960000000000079e+00
3.653999999999999915e+00,2.499000000000000110e+00,2.553998999999999242e+00,6.299999999999999822e+00,0.000000000000000000e+00,0.000000000000000000e+00,0.000000000000000000e+00,1.008806884098176981e+00
3.655000000000000249e+00,2.492999999999999883e+00,2.555950999999999418e+00,6.277999999999999581e+00,0.000000000000000000e+00,0.000000000000000000e+00,0.000000000000000000e+00,1.010128801880725291e+00
3.656000000000000139e+00,2.491999999999999993e+00,2.549935999999999758e+00,6.267999999999999794e+00,0.000000000000000000e+00,0.000000000000000000e+00,0.000000000000000000e+00,1.009329372450911810e+00
3.657000000000000028e+00,2.491000000000000103e+00,2.545918999999998711e+00,6.259999999999999787e+00,0.000000000000000000e+00,0.000000000000000000e+00,0.000000000000000000e+00,1.008850649975399083e+00
3.657999999999999918e+00,2.488999999999999879e+00,2.537879000000001106e+00,6.243999999999999773e+00,0.000000000000000000e+00,0.000000000000000000e+00,0.000000000000000000e+00,1.007889918534278895e+00
3.659000000000000252e+00,2.484999999999999876e+00,2.535775000000001000e+00,6.225999999999999979e+00,0.000000000000000000e+00,0.000000000000000000e+00,0.000000000000000000e+00,1.008222372464161243e+00
3.660000000000000142e+00,2.483000000000000096e+00,2.531711000000000489e+00,6.214000000000000412e+00,0.000000000000000000e+00,0.000000000000000000e+00,0.000000000000000000e+00,1.007900846172823384e+00
3.661000000000000032e+00,2.482000000000000206e+00,2.533675999999998041e+00,6.211999999999999744e+00,0.000000000000000000e+00,0.000000000000000000e+00,0.000000000000000000e+00,1.008388519824606311e+00
3.661999999999999922e+00,2.479999999999999982e+00,2.529599999999999405e+00,6.200000000000000178e+00,0.000000000000000000e+00,0.000000000000000000e+00,0.000000000000000000e+00,1.008064516129032251e+00
3.663000000000000256e+00,2.478000000000000203e+00,2.527516000000000318e+00,6.190000000000000391e+00,0.000000000000000000e+00,0.000000000000000000e+00,0.000000000000000000e+00,1.008063859461241218e+00
3.664000000000000146e+00,2.475000000000000089e+00,2.531374999999999709e+00,6.182000000000000384e+00,0.000000000000000000e+00,0.000000000000000000e+00,0.000000000000000000e+00,1.009203142536475806e+00
3.665000000000000036e+00,2.472999999999999865e+00,2.529271000000000491e+00,6.171999999999999709e+00,0.000000000000000000e+00,0.000000000000000000e+00,0.000000000000000000e+00,1.009201029018780948e+00
3.665999999999999925e+00,2.467999999999999972e+00,2.528976000000001001e+00,6.152000000000000135e+00,0.000000000000000000e+00,0.000000000000000000e+00,0.000000000000000000e+00,1.010010796214232620e+00
3.667000000000000259e+00,2.463999999999999968e+00,2.524703999999999837e+00,6.131999999999999673e+00,0.000000000000000000e+00,0.000000000000000000e+00,0.000000000000000000e+00,1.009998524203069570e+00
3.668000000000000149e+00,2.463000000000000078e+00,2.524631000000000292e+00,6.128000000000000114e+00,0.000000000000000000e+00,0.000000000000000000e+00,0.000000000000000000e+00,1.010159454527082001e+00
3.669000000000000039e+00,2.459000000000000075e+00,2.510318999999999967e+00,6.097999999999999865e+00,0.000000000000000000e+00,0.000000000000000000e+00,0.000000000000000000e+00,1.008487135339205087e+00
3.669999999999999929e+00,2.459000000000000075e+00,2.510318999999999967e+00,6.097999999999999865e+00,0.000000000000000000e+00,0.000000000000000000e+00,0.000000000000000000e+00,1.008487135339205087e+00
3.671000000000000263e+00,2.458000000000000185e+00,2.508236000000000132e+00,6.091999999999999638e+00,0.000000000000000000e+00,0.000000000000000000e+00,0.000000000000000000e+00,1.008314790183793885e+00
3.672000000000000153e+00,2.456999999999999851e+00,2.502151000000000458e+00,6.081999999999999851e+00,0.000000000000000000e+00,0.000000000000000000e+00,0.000000000000000000e+00,1.007479232957458448e+00
3.673000000000000043e+00,2.455000000000000071e+00,2.493975000000000719e+00,6.065999999999999837e+00,0.000000000000000000e+00,0.000000000000000000e+00,0.000000000000000000e+00,1.006466706210775497e+00
3.673999999999999932e+00,2.454000000000000181e+00,2.495884000000000214e+00,6.064000000000000057e+00,0.000000000000000000e+00,0.000000000000000000e+00,0.000000000000000000e+00,1.006955030424521835e+00
3.675000000000000266e+00,2.451000000000000068e+00,2.497599000000000125e+00,6.054000000000000270e+00,0.000000000000000000e+00,0.000000000000000000e+00,0.000000000000000000e+00,1.007756931824594249e+00
3.676000000000000156e+00,2.446000000000000174e+00,2.501083999999998753e+00,6.038000000000000256e+00,0.000000000000000000e+00,0.000000000000000000e+00,0.000000000000000000e+00,1.009206881727906513e+00
3.677000000000000046e+00,2.444999999999999840e+00,2.492975000000001273e+00,6.025999999999999801e+00,0.000000000000000000e+00,0.000000000000000000e+00,0.000000000000000000e+00,1.008025225722542384e+00
3.677999999999999936e+00,2.443999999999999950e+00,2.492864000000001745e+00,6.022000000000000242e+00,0.000000000000000000e+00,0.000000000000000000e+00,0.000000000000000000e+00,1.008180627395726559e+00
3.679000000000000270e+00,2.439000000000000057e+00,2.488279000000001240e+00,5.998000000000000220e+00,0.000000000000000000e+00,0.000000000000000000e+00,0.000000000000000000e+00,1.008283965578483210e+00
3.680000000000000160e+00,2.435999999999999943e+00,2.483903999999999890e+00,5.982000000000000206e+00,0.000000000000000000e+00,0.000000000000000000e+00,0.000000000000000000e+00,1.008072670209582133e+00
3.681000000000000050e+00,2.434000000000000163e+00,2.481644000000000183e+00,5.972000000000000419e+00,0.000000000000000000e+00,0.000000000000000000e+00,0.000000000000000000e+00,1.008042055541564341e+00
3.681999999999999940e+00,2.431999999999999940e+00,2.469376000000000460e+00,5.951999999999999957e+00,0.000000000000000000e+00,0.000000000000000000e+00,0.000000000000000000e+00,1.006319252077562343e+00
3.683000000000000274e+00,2.430000000000000160e+00,2.471099999999998964e+00,5.945999999999999730e+00,0.000000000000000000e+00,0.000000000000000000e+00,0.000000000000000000e+00,1.006960321089264809e+00
3.684000000000000163e+00,2.427999999999999936e+00,2.464815999999999896e+00,5.932000000000000384e+00,0.000000000000000000e+00,0.000000000000000000e+00,0.000000000000000000e+00,1.006245097693303725e+00
3.685000000000000053e+00,2.427000000000000046e+00,2.464671000000000056e+00,5.927999999999999936e+00,0.000000000000000000e+00,0.000000000000000000e+00,0.000000000000000000e+00,1.006395398287599718e+00
3.685999999999999943e+00,2.427000000000000046e+00,2.464671000000000056e+00,5.927999999999999936e+00,0.000000000000000000e+00,0.000000000000000000e+00,0.000000000000000000e+00,1.006395398287599718e+00
3.687000000000000277e+00,2.427000000000000046e+00,2.464671000000000056e+00,5.927999999999999936e+00,0.000000000000000000e+00,0.000000000000000000e+00,0.000000000000000000e+00,1.006395398287599718e+00
3.688000000000000167e+00,2.423000000000000043e+00,2.456070999999999671e+00,5.903999999999999915e+00,0.000000000000000000e+00,0.000000000000000000e+00,0.000000000000000000e+00,1.005633009699146374e+00
3.689000000000000057e+00,2.419999999999999929e+00,2.459599999999999120e+00,5.895999999999999908e+00,0.000000000000000000e+00,0.000000000000000000e+00,0.000000000000000000e+00,1.006761833208114298e+00
3.689999999999999947e+00,2.416999999999999815e+00,2.457111000000000267e+00,5.881999999999999673e+00,0.000000000000000000e+00,0.000000000000000000e+00,0.000000000000000000e+00,1.006866101016298032e+00
3.691000000000000281e+00,2.415000000000000036e+00,2.462774999999999714e+00,5.879999999999999893e+00,0.000000000000000000e+00,0.000000000000000000e+00,0.000000000000000000e+00,1.008191556395715116e+00
3.692000000000000171e+00,2.414000000000000146e+00,2.464603999999998685e+00,5.878000000000000114e+00,0.000000000000000000e+00,0.000000000000000000e+00,0.000000000000000000e+00,1.008683810058557784e+00
3.693000000000000060e+00,2.412999999999999812e+00,2.464431000000000260e+00,5.873999999999999666e+00,0.000000000000000000e+00,0.000000000000000000e+00,0.000000000000000000e+00,1.008833042596833263e+00
3.693999999999999950e+00,2.411999999999999922e+00,2.464256000000000668e+00,5.870000000000000107e+00,0.000000000000000000e+00,0.000000000000000000e+00,0.000000000000000000e+00,1.008982175908737178e+00
3.695000000000000284e+00,2.408999999999999808e+00,2.459719000000000655e+00,5.854000000000000092e+00,0.000000000000000000e+00,0.000000000000000000e+00,0.000000000000000000e+00,1.008739711208194167e+00
3.696000000000000174e+00,2.407999999999999918e+00,2.457536000000001053e+00,5.847999999999999865e+00,0.000000000000000000e+00,0.000000000000000000e+00,0.000000000000000000e+00,1.008542952064546805e+00
3.697000000000000064e+00,2.406000000000000139e+00,2.461163999999999241e+00,5.844000000000000306e+00,0.000000000000000000e+00,0.000000000000000000e+00,0.000000000000000000e+00,1.009529376890276220e+00
3.697999999999999954e+00,2.403000000000000025e+00,2.458591000000000193e+00,5.830000000000000071e+00,0.000000000000000000e+00,0.000000000000000000e+00,0.000000000000000000e+00,1.009627132404372407e+00
3.699000000000000288e+00,2.402000000000000135e+00,2.452396000000000242e+00,5.820000000000000284e+00,0.000000000000000000e+00,0.000000000000000000e+00,0.000000000000000000e+00,1.008734741587117512e+00
3.700000000000000178e+00,2.396999999999999797e+00,2.459391000000000993e+00,5.807999999999999829e+00,0.000000000000000000e+00,0.000000000000000000e+00,0.000000000000000000e+00,1.010858901119098263e+00
3.701000000000000068e+00,2.395000000000000018e+00,2.454975000000001017e+00,5.796000000000000263e+00,0.000000000000000000e+00,0.000000000000000000e+00,0.000000000000000000e+00,1.010455847036928922e+00
3.701999999999999957e+00,2.390000000000000124e+00,2.457899999999999530e+00,5.780000000000000249e+00,0.000000000000000000e+00,0.000000000000000000e+00,0.000000000000000000e+00,1.011887046795399314e+00
3.703000000000000291e+00,2.387999999999999901e+00,2.455455999999999861e+00,5.769999999999999574e+00,0.000000000000000000e+00,0.000000000000000000e+00,0.000000000000000000e+00,1.011829106447929227e+00
3.704000000000000181e+00,2.384999999999999787e+00,2.460775000000001711e+00,5.764000000000000234e+00,0.000000000000000000e+00,0.000000000000000000e+00,0.000000000000000000e+00,1.013321378813250462e+00
3.705000000000000071e+00,2.380999999999999783e+00,2.455839000000000993e+00,5.743999999999999773e+00,0.000000000000000000e+00,0.000000000000000000e+00,0.000000000000000000e+00,1.013201071551857568e+00
3.705999999999999961e+00,2.376999999999999780e+00,2.442871000000001125e+00,5.716000000000000192e+00,0.000000000000000000e+00,0.000000000000000000e+00,0.000000000000000000e+00,1.011658317889733372e+00
3.707000000000000295e+00,2.374000000000000110e+00,2.442123999999998851e+00,5.703999999999999737e+00,0.000000000000000000e+00,0.000000000000000000e+00,0.000000000000000000e+00,1.012087561898096899e+00
3.708000000000000185e+00,2.370999999999999996e+00,2.435359000000000052e+00,5.685999999999999943e+00,0.000000000000000000e+00,0.000000000000000000e+00,0.000000000000000000e+00,1.011448436497456749e+00
3.709000000000000075e+00,2.366999999999999993e+00,2.432311000000000334e+00,5.668000000000000149e+00,0.000000000000000000e+00,0.000000000000000000e+00,0.000000000000000000e+00,1.011657081090883370e+00
3.709999999999999964e+00,2.363999999999999879e+00,2.433504000000001000e+00,5.658000000000000362e+00,0.000000000000000000e+00,0.000000000000000000e+00,0.000000000000000000e+00,1.012436977676999472e+00
3.711000000000000298e+00,2.361000000000000210e+00,2.434678999999999149e+00,5.647999999999999687e+00,0.000000000000000000e+00,0.000000000000000000e+00,0.000000000000000000e+00,1.013217573943086203e+00
3.712000000000000188e+00,2.358999999999999986e+00,2.430119000000000362e+00,5.636000000000000121e+00,0.000000000000000000e+00,0.000000000000000000e+00,0.000000000000000000e+00,1.012779967801647585e+00
3.713000000000000078e+00,2.358000000000000096e+00,2.431836000000000553e+00,5.634000000000000341e+00,0.000000000000000000e+00,0.000000000000000000e+00,0.000000000000000000e+00,1.013279464418675335e+00
3.713999999999999968e+00,2.355999999999999872e+00,2.435264000000000095e+00,5.629999999999999893e+00,0.000000000000000000e+00,0.000000000000000000e+00,0.000000000000000000e+00,1.014279908105879979e+00
3.714999999999999858e+00,2.354999999999999982e+00,2.434974999999999667e+00,5.626000000000000334e+00,0.000000000000000000e+00,0.000000000000000000e+00,0.000000000000000000e+00,1.014420237918148615e+00
3.716000000000000192e+00,2.354000000000000092e+00,2.432684000000000069e+00,5.620000000000000107e+00,0.000000000000000000e+00,0.000000000000000000e+00,0.000000000000000000e+00,1.014199515061043222e+00
3.717000000000000082e+00,2.354000000000000092e+00,2.432684000000000069e+00,5.620000000000000107e+00,0.000000000000000000e+00,0.000000000000000000e+00,0.000000000000000000e+00,1.014199515061043222e+00
3.717999999999999972e+00,2.353000000000000203e+00,2.424390999999999075e+00,5.607999999999999652e+00,0.000000000000000000e+00,0.000000000000000000e+00,0.000000000000000000e+00,1.012894354649208184e+00
3.718999999999999861e+00,2.351999999999999869e+00,2.424096000000000473e+00,5.604000000000000092e+00,0.000000000000000000e+00,0.000000000000000000e+00,0.000000000000000000e+00,1.013032764126058805e+00
3.720000000000000195e+00,2.350000000000000089e+00,2.419499999999999318e+00,5.591999999999999638e+00,0.000000000000000000e+00,0.000000000000000000e+00,0.000000000000000000e+00,1.012584880036215162e+00
3.721000000000000085e+00,2.349000000000000199e+00,2.417198999999999209e+00,5.586000000000000298e+00,0.000000000000000000e+00,0.000000000000000000e+00,0.000000000000000000e+00,1.012359815078506697e+00
3.721999999999999975e+00,2.346999999999999975e+00,2.414591000000000598e+00,5.575999999999999623e+00,0.000000000000000000e+00,0.000000000000000000e+00,0.000000000000000000e+00,1.012270512229574759e+00
3.722999999999999865e+00,2.345000000000000195e+00,2.409975000000000200e+00,5.564000000000000057e+00,0.000000000000000000e+00,0.000000000000000000e+00,0.000000000000000000e+00,1.011815730970490046e+00
3.724000000000000199e+00,2.339999999999999858e+00,2.398400000000000531e+00,5.533999999999999808e+00,0.000000000000000000e+00,0.000000000000000000e+00,0.000000000000000000e+00,1.010665497844985161e+00
3.725000000000000089e+00,2.334000000000000075e+00,2.388443999999999789e+00,5.501999999999999780e+00,0.000000000000000000e+00,0.000000000000000000e+00,0.000000000000000000e+00,1.009994206576306786e+00
3.725999999999999979e+00,2.331999999999999851e+00,2.379776000000000558e+00,5.485999999999999766e+00,0.000000000000000000e+00,0.000000000000000000e+00,0.000000000000000000e+00,1.008785221057463044e+00
3.726999999999999869e+00,2.327999999999999847e+00,2.382416000000000089e+00,5.474000000000000199e+00,0.000000000000000000e+00,0.000000000000000000e+00,0.000000000000000000e+00,1.010040623044130559e+00
3.728000000000000203e+00,2.322000000000000064e+00,2.374315999999999427e+00,5.443999999999999950e+00,0.000000000000000000e+00,0.000000000000000000e+00,0.000000000000000000e+00,1.009703090908146583e+00
3.729000000000000092e+00,2.318999999999999950e+00,2.371239000000000097e+00,5.429999999999999716e+00,0.000000000000000000e+00,0.000000000000000000e+00,0.000000000000000000e+00,1.009713893942107088e+00
3.729999999999999982e+00,2.317000000000000171e+00,2.364510999999999363e+00,5.416000000000000369e+00,0.000000000000000000e+00,0.000000000000000000e+00,0.000000000000000000e+00,1.008849976222359723e+00
3.730999999999999872e+00,2.317000000000000171e+00,2.364510999999999363e+00,5.416000000000000369e+00,0.000000000000000000e+00,0.000000000000000000e+00,0.000000000000000000e+00,1.008849976222359723e+00
3.732000000000000206e+00,2.314000000000000057e+00,2.365403999999999840e+00,5.405999999999999694e+00,0.000000000000000000e+00,0.000000000000000000e+00,0.000000000000000000e+00,1.009599977290536854e+00
3.733000000000000096e+00,2.313000000000000167e+00,2.369030999999998777e+00,5.405999999999999694e+00,0.000000000000000000e+00,0.000000000000000000e+00,0.000000000000000000e+00,1.010473144797661371e+00
3.733999999999999986e+00,2.310999999999999943e+00,2.364279000000000686e+00,5.394000000000000128e+00,0.000000000000000000e+00,0.000000000000000000e+00,0.000000000000000000e+00,1.009975993877980205e+00
3.734999999999999876e+00,2.309000000000000163e+00,2.361518999999999480e+00,5.384000000000000341e+00,0.000000000000000000e+00,0.000000000000000000e+00,0.000000000000000000e+00,1.009850733782976961e+00
3.736000000000000210e+00,2.303999999999999826e+00,2.355584000000000344e+00,5.360000000000000320e+00,0.000000000000000000e+00,0.000000000000000000e+00,0.000000000000000000e+00,1.009717399691358208e+00
3.737000000000000099e+00,2.302999999999999936e+00,2.353191000000000699e+00,5.354000000000000092e+00,0.000000000000000000e+00,0.000000000000000000e+00,0.000000000000000000e+00,1.009463198995288247e+00
3.737999999999999989e+00,2.301000000000000156e+00,2.350398999999999461e+00,5.344000000000000306e+00,0.000000000000000000e+00,0.000000000000000000e+00,0.000000000000000000e+00,1.009330070386795786e+00
3.738999999999999879e+00,2.299999999999999822e+00,2.350000000000000533e+00,5.339999999999999858e+00,0.000000000000000000e+00,0.000000000000000000e+00,0.000000000000000000e+00,1.009451795841209920e+00
3.740000000000000213e+00,2.298999999999999932e+00,2.349599000000000437e+00,5.336000000000000298e+00,0.000000000000000000e+00,0.000000000000000000e+00,0.000000000000000000e+00,1.009573351198896907e+00
3.741000000000000103e+00,2.297000000000000153e+00,2.350791000000000075e+00,5.330000000000000071e+00,0.000000000000000000e+00,0.000000000000000000e+00,0.000000000000000000e+00,1.010195009333405780e+00
3.741999999999999993e+00,2.295999999999999819e+00,2.350384000000000917e+00,5.325999999999999623e+00,0.000000000000000000e+00,0.000000000000000000e+00,0.000000000000000000e+00,1.010316381162816191e+00
3.742999999999999883e+00,2.294000000000000039e+00,2.343563999999999758e+00,5.312000000000000277e+00,0.000000000000000000e+00,0.000000000000000000e+00,0.000000000000000000e+00,1.009418451834853681e+00
3.744000000000000217e+00,2.294000000000000039e+00,2.343563999999999758e+00,5.312000000000000277e+00,0.000000000000000000e+00,0.000000000000000000e+00,0.000000000000000000e+00,1.009418451834853681e+00
3.745000000000000107e+00,2.290000000000000036e+00,2.333899999999999864e+00,5.288000000000000256e+00,0.000000000000000000e+00,0.000000000000000000e+00,0.000000000000000000e+00,1.008371312522644558e+00
3.745999999999999996e+00,2.285000000000000142e+00,2.323774999999999480e+00,5.259999999999999787e+00,0.000000000000000000e+00,0.000000000000000000e+00,0.000000000000000000e+00,1.007426418129844903e+00
3.746999999999999886e+00,2.282000000000000028e+00,2.320476000000000205e+00,5.246000000000000441e+00,0.000000000000000000e+00,0.000000000000000000e+00,0.000000000000000000e+00,1.007388540120026432e+00
3.748000000000000220e+00,2.281000000000000139e+00,2.320038999999998630e+00,5.241999999999999993e+00,0.000000000000000000e+00,0.000000000000000000e+00,0.000000000000000000e+00,1.007503227489116027e+00
3.749000000000000110e+00,2.278999999999999915e+00,2.317159000000000191e+00,5.232000000000000206e+00,0.000000000000000000e+00,0.000000000000000000e+00,0.000000000000000000e+00,1.007346971152948356e+00
3.750000000000000000e+00,2.274999999999999911e+00,2.303374999999999950e+00,5.203999999999999737e+00,0.000000000000000000e+00,0.000000000000000000e+00,0.000000000000000000e+00,1.005482429658253851e+00
3.750999999999999890e+00,2.274000000000000021e+00,2.302923999999999971e+00,5.200000000000000178e+00,0.000000000000000000e+00,0.000000000000000000e+00,0.000000000000000000e+00,1.005593420015486128e+00
3.752000000000000224e+00,2.273000000000000131e+00,2.304470999999999492e+00,5.198000000000000398e+00,0.000000000000000000e+00,0.000000000000000000e+00,0.000000000000000000e+00,1.006091323594622278e+00
3.753000000000000114e+00,2.271999999999999797e+00,2.306016000000000510e+00,5.195999999999999730e+00,0.000000000000000000e+00,0.000000000000000000e+00,0.000000000000000000e+00,1.006589714342392528e+00
3.754000000000000004e+00,2.270000000000000018e+00,2.297099999999999476e+00,5.179999999999999716e+00,0.000000000000000000e+00,0.000000000000000000e+00,0.000000000000000000e+00,1.005259174445457981e+00
3.754999999999999893e+00,2.269000000000000128e+00,2.290638999999999648e+00,5.169999999999999929e+00,0.000000000000000000e+00,0.000000000000000000e+00,0.000000000000000000e+00,1.004203085214886659e+00
3.756000000000000227e+00,2.263999999999999790e+00,2.280304000000001885e+00,5.142000000000000348e+00,0.000000000000000000e+00,0.000000000000000000e+00,0.000000000000000000e+00,1.003180836319594871e+00
3.757000000000000117e+00,2.259999999999999787e+00,2.278400000000001313e+00,5.126000000000000334e+00,0.000000000000000000e+00,0.000000000000000000e+00,0.000000000000000000e+00,1.003602474743519712e+00
3.758000000000000007e+00,2.255999999999999783e+00,2.284464000000001604e+00,5.118000000000000327e+00,0.000000000000000000e+00,0.000000000000000000e+00,0.000000000000000000e+00,1.005592651275087013e+00
3.758999999999999897e+00,2.254000000000000004e+00,2.281483999999999845e+00,5.107999999999999652e+00,0.000000000000000000e+00,0.000000000000000000e+00,0.000000000000000000e+00,1.005409686732607444e+00
3.760000000000000231e+00,2.253000000000000114e+00,2.278990999999999545e+00,5.102000000000000313e+00,0.000000000000000000e+00,0.000000000000000000e+00,0.000000000000000000e+00,1.005120361291715447e+00
3.761000000000000121e+00,2.253000000000000114e+00,2.278990999999999545e+00,5.102000000000000313e+00,0.000000000000000000e+00,0.000000000000000000e+00,0.000000000000000000e+00,1.005120361291715447e+00
3.762000000000000011e+00,2.249000000000000110e+00,2.280998999999999555e+00,5.089999999999999858e+00,0.000000000000000000e+00,0.000000000000000000e+00,0.000000000000000000e+00,1.006326412351440602e+00
3.762999999999999901e+00,2.244000000000000217e+00,2.274463999999999153e+00,5.065999999999999837e+00,0.000000000000000000e+00,0.000000000000000000e+00,0.000000000000000000e+00,1.006049802841246343e+00
3.764000000000000234e+00,2.241999999999999993e+00,2.273436000000000234e+00,5.057999999999999829e+00,0.000000000000000000e+00,0.000000000000000000e+00,0.000000000000000000e+00,1.006253973887530462e+00
3.765000000000000124e+00,2.237999999999999989e+00,2.265355999999998815e+00,5.035999999999999588e+00,0.000000000000000000e+00,0.000000000000000000e+00,0.000000000000000000e+00,1.005461757713265181e+00
3.766000000000000014e+00,2.233999999999999986e+00,2.265244000000000035e+00,5.022000000000000242e+00,0.000000000000000000e+00,0.000000000000000000e+00,0.000000000000000000e+00,1.006260374179783534e+00
3.766999999999999904e+00,2.230999999999999872e+00,2.259639000000000841e+00,5.006000000000000227e+00,0.000000000000000000e+00,0.000000000000000000e+00,0.000000000000000000e+00,1.005753852292409878e+00
3.768000000000000238e+00,2.228000000000000203e+00,2.250015999999999572e+00,4.985999999999999766e+00,0.000000000000000000e+00,0.000000000000000000e+00,0.000000000000000000e+00,1.004435147252690452e+00
3.769000000000000128e+00,2.224000000000000199e+00,2.245823999999998932e+00,4.967999999999999972e+00,0.000000000000000000e+00,0.000000000000000000e+00,0.000000000000000000e+00,1.004412297500129059e+00
3.770000000000000018e+00,2.221000000000000085e+00,2.238158999999999565e+00,4.950000000000000178e+00,0.000000000000000000e+00,0.000000000000000000e+00,0.000000000000000000e+00,1.003478522822851771e+00
3.770999999999999908e+00,2.217999999999999972e+00,2.234475999999999907e+00,4.935999999999999943e+00,0.000000000000000000e+00,0.000000000000000000e+00,0.000000000000000000e+00,1.003349104506858769e+00
3.772000000000000242e+00,2.213000000000000078e+00,2.227630999999999695e+00,4.911999999999999922e+00,0.000000000000000000e+00,0.000000000000000000e+00,0.000000000000000000e+00,1.002987522484011240e+00
3.773000000000000131e+00,2.213000000000000078e+00,2.227630999999999695e+00,4.911999999999999922e+00,0.000000000000000000e+00,0.000000000000000000e+00,0.000000000000000000e+00,1.002987522484011240e+00
3.774000000000000021e+00,2.210999999999999854e+00,2.212479000000000084e+00,4.889999999999999680e+00,0.000000000000000000e+00,0.000000000000000000e+00,0.000000000000000000e+00,1.000302545493821249e+00
3.774999999999999911e+00,2.209000000000000075e+00,2.209318999999999811e+00,4.879999999999999893e+00,0.000000000000000000e+00,0.000000000000000000e+00,0.000000000000000000e+00,1.000065373125825108e+00
3.776000000000000245e+00,2.209000000000000075e+00,2.209318999999999811e+00,4.879999999999999893e+00,0.000000000000000000e+00,0.000000000000000000e+00,0.000000000000000000e+00,1.000065373125825108e+00
3.777000000000000135e+00,2.208000000000000185e+00,2.208736000000000033e+00,4.876000000000000334e+00,0.000000000000000000e+00,0.000000000000000000e+00,0.000000000000000000e+00,1.000150966183574797e+00
3.778000000000000025e+00,2.205999999999999961e+00,2.207563999999999638e+00,4.868000000000000327e+00,0.000000000000000000e+00,0.000000000000000000e+00,0.000000000000000000e+00,1.000321385095786830e+00
3.778999999999999915e+00,2.204000000000000181e+00,2.208383999999999681e+00,4.862000000000000099e+00,0.000000000000000000e+00,0.000000000000000000e+00,0.000000000000000000e+00,1.000902500321144917e+00
3.780000000000000249e+00,2.202999999999999847e+00,2.205790999999999613e+00,4.855999999999999872e+00,0.000000000000000000e+00,0.000000000000000000e+00,0.000000000000000000e+00,1.000575083413881350e+00
3.781000000000000139e+00,2.198999999999999844e+00,2.199399000000000548e+00,4.836000000000000298e+00,0.000000000000000000e+00,0.000000000000000000e+00,0.000000000000000000e+00,1.000082513011309349e+00
3.782000000000000028e+00,2.197999999999999954e+00,2.198795999999999751e+00,4.831999999999999851e+00,0.000000000000000000e+00,0.000000000000000000e+00,0.000000000000000000e+00,1.000164762241462002e+00
3.782999999999999918e+00,2.194999999999999840e+00,2.200975000000000570e+00,4.823999999999999844e+00,0.000000000000000000e+00,0.000000000000000000e+00,0.000000000000000000e+00,1.001240134702497508e+00
3.784000000000000252e+00,2.193999999999999950e+00,2.198363999999999763e+00,4.817999999999999616e+00,0.000000000000000000e+00,0.000000000000000000e+00,0.000000000000000000e+00,1.000906591192188166e+00
3.785000000000000142e+00,2.193999999999999950e+00,2.198363999999999763e+00,4.817999999999999616e+00,0.000000000000000000e+00,0.000000000000000000e+00,0.000000000000000000e+00,1.000906591192188166e+00
3.786000000000000032e+00,2.189999999999999947e+00,2.195899999999999075e+00,4.801999999999999602e+00,0.000000000000000000e+00,0.000000000000000000e+00,0.000000000000000000e+00,1.001230166176685143e+00
3.786999999999999922e+00,2.188000000000000167e+00,2.190655999999998826e+00,4.790000000000000036e+00,0.000000000000000000e+00,0.000000000000000000e+00,0.000000000000000000e+00,1.000554796145837644e+00
3.788000000000000256e+00,2.184000000000000163e+00,2.194143999999999650e+00,4.780000000000000249e+00,0.000000000000000000e+00,0.000000000000000000e+00,0.000000000000000000e+00,1.002126688939875665e+00
3.789000000000000146e+00,2.180000000000000160e+00,2.195599999999999774e+00,4.767999999999999794e+00,0.000000000000000000e+00,0.000000000000000000e+00,0.000000000000000000e+00,1.003282551973739389e+00
3.790000000000000036e+00,2.177000000000000046e+00,2.197670999999998820e+00,4.759999999999999787e+00,0.000000000000000000e+00,0.000000000000000000e+00,0.000000000000000000e+00,1.004361587895670205e+00
3.790999999999999925e+00,2.174999999999999822e+00,2.194375000000000853e+00,4.750000000000000000e+00,0.000000000000000000e+00,0.000000000000000000e+00,0.000000000000000000e+00,1.004095653322764070e+00
3.792000000000000259e+00,2.172000000000000153e+00,2.184416000000000579e+00,4.730000000000000426e+00,0.000000000000000000e+00,0.000000000000000000e+00,0.000000000000000000e+00,1.002631855627795998e+00
3.793000000000000149e+00,2.169000000000000039e+00,2.188439000000000689e+00,4.724000000000000199e+00,0.000000000000000000e+00,0.000000000000000000e+00,0.000000000000000000e+00,1.004131947699264726e+00
3.794000000000000039e+00,2.168000000000000149e+00,2.187775999999999499e+00,4.719999999999999751e+00,0.000000000000000000e+00,0.000000000000000000e+00,0.000000000000000000e+00,1.004207459048760187e+00
3.794999999999999929e+00,2.164000000000000146e+00,2.191104000000000163e+00,4.709999999999999964e+00,0.000000000000000000e+00,0.000000000000000000e+00,0.000000000000000000e+00,1.005787871436820247e+00
3.796000000000000263e+00,2.158999999999999808e+00,2.185719000000000634e+00,4.687999999999999723e+00,0.000000000000000000e+00,0.000000000000000000e+00,0.000000000000000000e+00,1.005732115270459026e+00
3.797000000000000153e+00,2.153999999999999915e+00,2.176283999999999885e+00,4.661999999999999922e+00,0.000000000000000000e+00,0.000000000000000000e+00,0.000000000000000000e+00,1.004802880176286717e+00
3.798000000000000043e+00,2.150999999999999801e+00,2.170199000000000211e+00,4.645999999999999908e+00,0.000000000000000000e+00,0.000000000000000000e+00,0.000000000000000000e+00,1.004149519289893933e+00
3.798999999999999932e+00,2.148000000000000131e+00,2.164095999999999798e+00,4.629999999999999893e+00,0.000000000000000000e+00,0.000000000000000000e+00,0.000000000000000000e+00,1.003488585804992672e+00
3.800000000000000266e+00,2.145999999999999908e+00,2.162684000000000495e+00,4.621999999999999886e+00,0.000000000000000000e+00,0.000000000000000000e+00,0.000000000000000000e+00,1.003622769859875197e+00
3.801000000000000156e+00,2.145000000000000018e+00,2.157975000000000421e+00,4.613999999999999879e+00,0.000000000000000000e+00,0.000000000000000000e+00,0.000000000000000000e+00,1.002820023799044780e+00
3.802000000000000046e+00,2.141999999999999904e+00,2.151836000000000304e+00,4.597999999999999865e+00,0.000000000000000000e+00,0.000000000000000000e+00,0.000000000000000000e+00,1.002143776900738414e+00
3.802999999999999936e+00,2.138999999999999790e+00,2.157679000000001679e+00,4.594000000000000306e+00,0.000000000000000000e+00,0.000000000000000000e+00,0.000000000000000000e+00,1.004082555081927897e+00
3.804000000000000270e+00,2.134999999999999787e+00,2.154775000000000773e+00,4.578000000000000291e+00,0.000000000000000000e+00,0.000000000000000000e+00,0.000000000000000000e+00,1.004338311513802262e+00
3.805000000000000160e+00,2.132000000000000117e+00,2.152575999999999823e+00,4.565999999999999837e+00,0.000000000000000000e+00,0.000000000000000000e+00,0.000000000000000000e+00,1.004526750419762582e+00
3.806000000000000050e+00,2.130999999999999783e+00,2.153839000000001391e+00,4.564000000000000057e+00,0.000000000000000000e+00,0.000000000000000000e+00,0.000000000000000000e+00,1.005029330605103244e+00
3.806999999999999940e+00,2.129000000000000004e+00,2.152359000000000577e+00,4.556000000000000050e+00,0.000000000000000000e+00,0.000000000000000000e+00,0.000000000000000000e+00,1.005153507634952703e+00
3.808000000000000274e+00,2.125000000000000000e+00,2.141375000000000028e+00,4.532000000000000028e+00,0.000000000000000000e+00,0.000000000000000000e+00,0.000000000000000000e+00,1.003626297577854709e+00
3.809000000000000163e+00,2.124000000000000110e+00,2.140623999999998972e+00,4.527999999999999581e+00,0.000000000000000000e+00,0.000000000000000000e+00,0.000000000000000000e+00,1.003684906777887464e+00
3.810000000000000053e+00,2.121999999999999886e+00,2.131115999999999566e+00,4.511999999999999567e+00,0.000000000000000000e+00,0.000000000000000000e+00,0.000000000000000000e+00,1.002024480310840682e+00
3.810999999999999943e+00,2.120999999999999996e+00,2.134358999999999007e+00,4.511999999999999567e+00,0.000000000000000000e+00,0.000000000000000000e+00,0.000000000000000000e+00,1.002969563474835901e+00
3.812000000000000277e+00,2.120000000000000107e+00,2.137599999999999056e+00,4.511999999999999567e+00,0.000000000000000000e+00,0.000000000000000000e+00,0.000000000000000000e+00,1.003915984336062328e+00
3.813000000000000167e+00,2.120000000000000107e+00,2.137599999999999056e+00,4.511999999999999567e+00,0.000000000000000000e+00,0.000000000000000000e+00,0.000000000000000000e+00,1.003915984336062328e+00
3.814000000000000057e+00,2.120000000000000107e+00,2.137599999999999056e+00,4.511999999999999567e+00,0.000000000000000000e+00,0.000000000000000000e+00,0.000000000000000000e+00,1.003915984336062328e+00
3.814999999999999947e+00,2.119000000000000217e+00,2.138838999999999047e+00,4.509999999999999787e+00,0.000000000000000000e+00,0.000000000000000000e+00,0.000000000000000000e+00,1.004418327093393515e+00
3.816000000000000281e+00,2.119000000000000217e+00,2.138838999999999047e+00,4.509999999999999787e+00,0.000000000000000000e+00,0.000000000000000000e+00,0.000000000000000000e+00,1.004418327093393515e+00
3.817000000000000171e+00,2.116999999999999993e+00,2.135310999999999737e+00,4.500000000000000000e+00,0.000000000000000000e+00,0.000000000000000000e+00,0.000000000000000000e+00,1.004085736426601594e+00
3.818000000000000060e+00,2.116000000000000103e+00,2.134543999999999997e+00,4.496000000000000441e+00,0.000000000000000000e+00,0.000000000000000000e+00,0.000000000000000000e+00,1.004141637572764534e+00
3.818999999999999950e+00,2.113999999999999879e+00,2.131003999999999898e+00,4.485999999999999766e+00,0.000000000000000000e+00,0.000000000000000000e+00,0.000000000000000000e+00,1.003804881454358089e+00
3.820000000000000284e+00,2.112999999999999989e+00,2.130231000000001096e+00,4.482000000000000206e+00,0.000000000000000000e+00,0.000000000000000000e+00,0.000000000000000000e+00,1.003859326204782576e+00
3.821000000000000174e+00,2.108999999999999986e+00,2.133119000000000653e+00,4.472000000000000419e+00,0.000000000000000000e+00,0.000000000000000000e+00,0.000000000000000000e+00,1.005422582123937314e+00
3.822000000000000064e+00,2.108000000000000096e+00,2.132336000000000453e+00,4.467999999999999972e+00,0.000000000000000000e+00,0.000000000000000000e+00,0.000000000000000000e+00,1.005476561684231829e+00
3.822999999999999954e+00,2.103000000000000203e+00,2.132390999999999259e+00,4.451999999999999957e+00,0.000000000000000000e+00,0.000000000000000000e+00,0.000000000000000000e+00,1.006645624788444993e+00
3.824000000000000288e+00,2.099000000000000199e+00,2.123198999999998726e+00,4.429999999999999716e+00,0.000000000000000000e+00,0.000000000000000000e+00,0.000000000000000000e+00,1.005492531324042593e+00
3.825000000000000178e+00,2.096000000000000085e+00,2.124783999999999118e+00,4.421999999999999709e+00,0.000000000000000000e+00,0.000000000000000000e+00,0.000000000000000000e+00,1.006551920051278914e+00
3.826000000000000068e+00,2.095000000000000195e+00,2.125974999999999504e+00,4.419999999999999929e+00,0.000000000000000000e+00,0.000000000000000000e+00,0.000000000000000000e+00,1.007057376068716703e+00
3.826999999999999957e+00,2.093999999999999861e+00,2.127164000000001387e+00,4.418000000000000149e+00,0.000000000000000000e+00,0.000000000000000000e+00,0.000000000000000000e+00,1.007563338742885950e+00
3.828000000000000291e+00,2.092999999999999972e+00,2.126350999999999658e+00,4.413999999999999702e+00,0.000000000000000000e+00,0.000000000000000000e+00,0.000000000000000000e+00,1.007613255478811309e+00
3.829000000000000181e+00,2.088000000000000078e+00,2.114256000000000135e+00,4.386000000000000121e+00,0.000000000000000000e+00,0.000000000000000000e+00,0.000000000000000000e+00,1.006022371955784589e+00
3.830000000000000071e+00,2.088000000000000078e+00,2.114256000000000135e+00,4.386000000000000121e+00,0.000000000000000000e+00,0.000000000000000000e+00,0.000000000000000000e+00,1.006022371955784589e+00
3.830999999999999961e+00,2.088000000000000078e+00,2.114256000000000135e+00,4.386000000000000121e+00,0.000000000000000000e+00,0.000000000000000000e+00,0.000000000000000000e+00,1.006022371955784589e+00
3.832000000000000295e+00,2.084999999999999964e+00,2.111774999999999736e+00,4.373999999999999666e+00,0.000000000000000000e+00,0.000000000000000000e+00,0.000000000000000000e+00,1.006159101495781805e+00
3.833000000000000185e+00,2.081999999999999851e+00,2.109276000000000373e+00,4.362000000000000099e+00,0.000000000000000000e+00,0.000000000000000000e+00,0.000000000000000000e+00,1.006292442148565947e+00
3.834000000000000075e+00,2.080000000000000071e+00,2.109599999999999476e+00,4.355999999999999872e+00,0.000000000000000000e+00,0.000000000000000000e+00,0.000000000000000000e+00,1.006841715976331209e+00
3.834999999999999964e+00,2.080000000000000071e+00,2.109599999999999476e+00,4.355999999999999872e+00,0.000000000000000000e+00,0.000000000000000000e+00,0.000000000000000000e+00,1.006841715976331209e+00
3.836000000000000298e+00,2.079000000000000181e+00,2.106758999999999382e+00,4.349999999999999645e+00,0.000000000000000000e+00,0.000000000000000000e+00,0.000000000000000000e+00,1.006422362843718998e+00
3.837000000000000188e+00,2.077999999999999847e+00,2.109916000000000125e+00,4.349999999999999645e+00,0.000000000000000000e+00,0.000000000000000000e+00,0.000000000000000000e+00,1.007391241115272562e+00
3.838000000000000078e+00,2.076999999999999957e+00,2.111070999999999920e+00,4.347999999999999865e+00,0.000000000000000000e+00,0.000000000000000000e+00,0.000000000000000000e+00,1.007897904671124722e+00
3.838999999999999968e+00,2.075000000000000178e+00,2.115374999999999339e+00,4.346000000000000085e+00,0.000000000000000000e+00,0.000000000000000000e+00,0.000000000000000000e+00,1.009377268108578640e+00
3.839999999999999858e+00,2.071000000000000174e+00,2.117958999999999037e+00,4.336000000000000298e+00,0.000000000000000000e+00,0.000000000000000000e+00,0.000000000000000000e+00,1.010948601330693641e+00
3.841000000000000192e+00,2.068000000000000060e+00,2.115375999999999479e+00,4.323999999999999844e+00,0.000000000000000000e+00,0.000000000000000000e+00,0.000000000000000000e+00,1.011077896957974342e+00
3.842000000000000082e+00,2.067000000000000171e+00,2.114510999999999363e+00,4.320000000000000284e+00,0.000000000000000000e+00,0.000000000000000000e+00,0.000000000000000000e+00,1.011120215874165895e+00
3.842999999999999972e+00,2.057999999999999829e+00,2.116635999999999740e+00,4.293999999999999595e+00,0.000000000000000000e+00,0.000000000000000000e+00,0.000000000000000000e+00,1.013844382678796840e+00
3.843999999999999861e+00,2.056999999999999940e+00,2.119750999999999053e+00,4.293999999999999595e+00,0.000000000000000000e+00,0.000000000000000000e+00,0.000000000000000000e+00,1.014830372781181156e+00
3.845000000000000195e+00,2.055000000000000160e+00,2.111975000000000158e+00,4.280000000000000249e+00,0.000000000000000000e+00,0.000000000000000000e+00,0.000000000000000000e+00,1.013491513784550158e+00
3.846000000000000085e+00,2.052999999999999936e+00,2.112191000000000152e+00,4.274000000000000021e+00,0.000000000000000000e+00,0.000000000000000000e+00,0.000000000000000000e+00,1.014043578249927968e+00
3.846999999999999975e+00,2.049999999999999822e+00,2.105500000000000149e+00,4.258000000000000007e+00,0.000000000000000000e+00,0.000000000000000000e+00,0.000000000000000000e+00,1.013206424747174372e+00
3.847999999999999865e+00,2.048000000000000043e+00,2.099696000000000673e+00,4.246000000000000441e+00,0.000000000000000000e+00,0.000000000000000000e+00,0.000000000000000000e+00,1.012325286865234597e+00
3.849000000000000199e+00,2.044999999999999929e+00,2.096975000000000477e+00,4.233999999999999986e+00,0.000000000000000000e+00,0.000000000000000000e+00,0.000000000000000000e+00,1.012428189692792468e+00
3.850000000000000089e+00,2.043000000000000149e+00,2.095150999999999542e+00,4.225999999999999979e+00,0.000000000000000000e+00,0.000000000000000000e+00,0.000000000000000000e+00,1.012494702132252344e+00
3.850999999999999979e+00,2.040999999999999925e+00,2.099319000000001267e+00,4.224000000000000199e+00,0.000000000000000000e+00,0.000000000000000000e+00,0.000000000000000000e+00,1.013999871809675435e+00
3.851999999999999869e+00,2.040000000000000036e+00,2.100400000000000489e+00,4.222000000000000419e+00,0.000000000000000000e+00,0.000000000000000000e+00,0.000000000000000000e+00,1.014513648596693685e+00
3.853000000000000203e+00,2.036000000000000032e+00,2.088703999999999894e+00,4.198000000000000398e+00,0.000000000000000000e+00,0.000000000000000000e+00,0.000000000000000000e+00,1.012714170471783026e+00
3.854000000000000092e+00,2.033999999999999808e+00,2.086844000000001031e+00,4.190000000000000391e+00,0.000000000000000000e+00,0.000000000000000000e+00,0.000000000000000000e+00,1.012773025721051212e+00
3.854999999999999982e+00,2.033999999999999808e+00,2.086844000000001031e+00,4.190000000000000391e+00,0.000000000000000000e+00,0.000000000000000000e+00,0.000000000000000000e+00,1.012773025721051212e+00
3.855999999999999872e+00,2.032999999999999918e+00,2.089911000000000740e+00,4.190000000000000391e+00,0.000000000000000000e+00,0.000000000000000000e+00,0.000000000000000000e+00,1.013769604283866199e+00
3.857000000000000206e+00,2.028999999999999915e+00,2.076158999999999644e+00,4.163999999999999702e+00,0.000000000000000000e+00,0.000000000000000000e+00,0.000000000000000000e+00,1.011455142425952358e+00
3.858000000000000096e+00,2.028000000000000025e+00,2.077215999999999063e+00,4.161999999999999922e+00,0.000000000000000000e+00,0.000000000000000000e+00,0.000000000000000000e+00,1.011966590027582269e+00
3.858999999999999986e+00,2.025999999999999801e+00,2.079324000000000616e+00,4.158000000000000362e+00,0.000000000000000000e+00,0.000000000000000000e+00,0.000000000000000000e+00,1.012991037538651273e+00
3.859999999999999876e+00,2.024000000000000021e+00,2.073424000000000156e+00,4.145999999999999908e+00,0.000000000000000000e+00,0.000000000000000000e+00,0.000000000000000000e+00,1.012064709650205563e+00
3.861000000000000210e+00,2.021999999999999797e+00,2.073515999999999693e+00,4.139999999999999680e+00,0.000000000000000000e+00,0.000000000000000000e+00,0.000000000000000000e+00,1.012600269439724032e+00
3.862000000000000099e+00,2.017999999999999794e+00,2.073676000000000741e+00,4.128000000000000114e+00,0.000000000000000000e+00,0.000000000000000000e+00,0.000000000000000000e+00,1.013671800180928839e+00
3.862999999999999989e+00,2.015000000000000124e+00,2.072775000000000034e+00,4.118000000000000327e+00,0.000000000000000000e+00,0.000000000000000000e+00,0.000000000000000000e+00,1.014229506985450113e+00
3.863999999999999879e+00,2.013999999999999790e+00,2.071804000000001089e+00,4.113999999999999879e+00,0.000000000000000000e+00,0.000000000000000000e+00,0.000000000000000000e+00,1.014250790642267086e+00
3.865000000000000213e+00,2.012000000000000011e+00,2.071855999999999476e+00,4.107999999999999652e+00,0.000000000000000000e+00,0.000000000000000000e+00,0.000000000000000000e+00,1.014786035279377385e+00
3.866000000000000103e+00,2.011000000000000121e+00,2.068878999999999913e+00,4.102000000000000313e+00,0.000000000000000000e+00,0.000000000000000000e+00,0.000000000000000000e+00,1.014311886315963251e+00
3.866999999999999993e+00,2.008999999999999897e+00,2.068919000000001063e+00,4.096000000000000085e+00,0.000000000000000000e+00,0.000000000000000000e+00,0.000000000000000000e+00,1.014845836840241988e+00
3.867999999999999883e+00,2.008000000000000007e+00,2.067935999999999552e+00,4.091999999999999638e+00,0.000000000000000000e+00,0.000000000000000000e+00,0.000000000000000000e+00,1.014864843415183682e+00
3.869000000000000217e+00,2.008000000000000007e+00,2.067935999999999552e+00,4.091999999999999638e+00,0.000000000000000000e+00,0.000000000000000000e+00,0.000000000000000000e+00,1.014864843415183682e+00
3.870000000000000107e+00,2.005999999999999783e+00,2.065964000000001022e+00,4.083999999999999631e+00,0.000000000000000000e+00,0.000000000000000000e+00,0.000000000000000000e+00,1.014901457144021801e+00
3.870999999999999996e+00,2.004999999999999893e+00,2.068975000000000009e+00,4.083999999999999631e+00,0.000000000000000000e+00,0.000000000000000000e+00,0.000000000000000000e+00,1.015914080136317565e+00
3.871999999999999886e+00,2.000999999999999890e+00,2.058999000000000912e+00,4.062000000000000277e+00,0.000000000000000000e+00,0.000000000000000000e+00,0.000000000000000000e+00,1.014485261117567205e+00
3.873000000000000220e+00,1.999000000000000110e+00,2.058998999999999135e+00,4.056000000000000050e+00,0.000000000000000000e+00,0.000000000000000000e+00,0.000000000000000000e+00,1.015014761007317023e+00
3.874000000000000110e+00,1.995000000000000107e+00,2.052974999999999994e+00,4.038000000000000256e+00,0.000000000000000000e+00,0.000000000000000000e+00,0.000000000000000000e+00,1.014566491416511118e+00
3.875000000000000000e+00,1.991999999999999993e+00,2.049935999999999758e+00,4.025999999999999801e+00,0.000000000000000000e+00,0.000000000000000000e+00,0.000000000000000000e+00,1.014600570958532844e+00
3.875999999999999890e+00,1.991000000000000103e+00,2.048918999999999269e+00,4.022000000000000242e+00,0.000000000000000000e+00,0.000000000000000000e+00,0.000000000000000000e+00,1.014610952702530433e+00
3.877000000000000224e+00,1.989000000000000101e+00,2.048878999999999451e+00,4.016000000000000014e+00,0.000000000000000000e+00,0.000000000000000000e+00,0.000000000000000000e+00,1.015135785786127176e+00
3.878000000000000114e+00,1.985000000000000098e+00,2.038774999999999782e+00,3.994000000000000217e+00,0.000000000000000000e+00,0.000000000000000000e+00,0.000000000000000000e+00,1.013647697783756074e+00
3.879000000000000004e+00,1.981999999999999984e+00,2.039676000000000045e+00,3.986000000000000210e+00,0.000000000000000000e+00,0.000000000000000000e+00,0.000000000000000000e+00,1.014682088340982169e+00
3.879999999999999893e+00,1.981999999999999984e+00,2.039676000000000045e+00,3.986000000000000210e+00,0.000000000000000000e+00,0.000000000000000000e+00,0.000000000000000000e+00,1.014682088340982169e+00
3.881000000000000227e+00,1.981000000000000094e+00,2.038638999999999868e+00,3.982000000000000206e+00,0.000000000000000000e+00,0.000000000000000000e+00,0.000000000000000000e+00,1.014687486701656649e+00
3.882000000000000117e+00,1.979000000000000092e+00,2.036559000000000008e+00,3.974000000000000199e+00,0.000000000000000000e+00,0.000000000000000000e+00,0.000000000000000000e+00,1.014696761677247316e+00
3.883000000000000007e+00,1.977999999999999980e+00,2.037516000000000105e+00,3.971999999999999975e+00,0.000000000000000000e+00,0.000000000000000000e+00,0.000000000000000000e+00,1.015211819396577786e+00
3.883999999999999897e+00,1.975999999999999979e+00,2.033424000000000564e+00,3.962000000000000188e+00,0.000000000000000000e+00,0.000000000000000000e+00,0.000000000000000000e+00,1.014706846530839757e+00
3.885000000000000231e+00,1.975999999999999979e+00,2.033424000000000564e+00,3.962000000000000188e+00,0.000000000000000000e+00,0.000000000000000000e+00,0.000000000000000000e+00,1.014706846530839757e+00
3.886000000000000121e+00,1.973999999999999977e+00,2.037324000000000357e+00,3.959999999999999964e+00,0.000000000000000000e+00,0.000000000000000000e+00,0.000000000000000000e+00,1.016250773736384616e+00
3.887000000000000011e+00,1.973000000000000087e+00,2.038270999999999500e+00,3.958000000000000185e+00,0.000000000000000000e+00,0.000000000000000000e+00,0.000000000000000000e+00,1.016767414325528307e+00
3.887999999999999901e+00,1.967000000000000082e+00,2.041910999999999365e+00,3.943999999999999950e+00,0.000000000000000000e+00,0.000000000000000000e+00,0.000000000000000000e+00,1.019361405230016615e+00
3.889000000000000234e+00,1.965999999999999970e+00,2.044844000000000328e+00,3.943999999999999950e+00,0.000000000000000000e+00,0.000000000000000000e+00,0.000000000000000000e+00,1.020398659200301372e+00
3.890000000000000124e+00,1.963000000000000078e+00,2.039631000000000416e+00,3.930000000000000160e+00,0.000000000000000000e+00,0.000000000000000000e+00,0.000000000000000000e+00,1.019886753643370225e+00
3.891000000000000014e+00,1.959999999999999964e+00,2.046400000000000219e+00,3.927999999999999936e+00,0.000000000000000000e+00,0.000000000000000000e+00,0.000000000000000000e+00,1.022490628904623167e+00
3.891999999999999904e+00,1.957999999999999963e+00,2.038235999999999937e+00,3.914000000000000146e+00,0.000000000000000000e+00,0.000000000000000000e+00,0.000000000000000000e+00,1.020928779131944575e+00
3.893000000000000238e+00,1.955999999999999961e+00,2.038063999999999876e+00,3.907999999999999918e+00,0.000000000000000000e+00,0.000000000000000000e+00,0.000000000000000000e+00,1.021449391730546497e+00
3.894000000000000128e+00,1.953000000000000069e+00,2.028790999999999567e+00,3.890000000000000124e+00,0.000000000000000000e+00,0.000000000000000000e+00,0.000000000000000000e+00,1.019870699272116266e+00
3.895000000000000018e+00,1.949999999999999956e+00,2.035500000000000309e+00,3.887999999999999901e+00,0.000000000000000000e+00,0.000000000000000000e+00,0.000000000000000000e+00,1.022485207100591653e+00
3.895999999999999908e+00,1.945999999999999952e+00,2.029084000000000110e+00,3.870000000000000107e+00,0.000000000000000000e+00,0.000000000000000000e+00,0.000000000000000000e+00,1.021939752558546521e+00
3.897000000000000242e+00,1.941999999999999948e+00,2.024636000000000546e+00,3.854000000000000092e+00,0.000000000000000000e+00,0.000000000000000000e+00,0.000000000000000000e+00,1.021911435756400088e+00
3.898000000000000131e+00,1.941999999999999948e+00,2.024636000000000546e+00,3.854000000000000092e+00,0.000000000000000000e+00,0.000000000000000000e+00,0.000000000000000000e+00,1.021911435756400088e+00
3.899000000000000021e+00,1.941999999999999948e+00,2.024636000000000546e+00,3.854000000000000092e+00,0.000000000000000000e+00,0.000000000000000000e+00,0.000000000000000000e+00,1.021911435756400088e+00
3.899999999999999911e+00,1.939000000000000057e+00,2.027278999999999609e+00,3.847999999999999865e+00,0.000000000000000000e+00,0.000000000000000000e+00,0.000000000000000000e+00,1.023480199727585971e+00
3.901000000000000245e+00,1.937999999999999945e+00,2.026156000000000290e+00,3.843999999999999861e+00,0.000000000000000000e+00,0.000000000000000000e+00,0.000000000000000000e+00,1.023471688387483702e+00
3.902000000000000135e+00,1.933000000000000052e+00,2.020510999999999502e+00,3.823999999999999844e+00,0.000000000000000000e+00,0.000000000000000000e+00,0.000000000000000000e+00,1.023420649706181296e+00
3.903000000000000025e+00,1.931000000000000050e+00,2.016239000000000114e+00,3.814000000000000057e+00,0.000000000000000000e+00,0.000000000000000000e+00,0.000000000000000000e+00,1.022859872220289734e+00
3.903999999999999915e+00,1.931000000000000050e+00,2.016239000000000114e+00,3.814000000000000057e+00,0.000000000000000000e+00,0.000000000000000000e+00,0.000000000000000000e+00,1.022859872220289734e+00
3.905000000000000249e+00,1.927999999999999936e+00,2.014815999999999718e+00,3.803999999999999826e+00,0.000000000000000000e+00,0.000000000000000000e+00,0.000000000000000000e+00,1.023355314130266480e+00
3.906000000000000139e+00,1.925999999999999934e+00,2.012523999999999980e+00,3.795999999999999819e+00,0.000000000000000000e+00,0.000000000000000000e+00,0.000000000000000000e+00,1.023325127322565420e+00
3.907000000000000028e+00,1.923000000000000043e+00,1.993070999999999593e+00,3.767999999999999794e+00,0.000000000000000000e+00,0.000000000000000000e+00,0.000000000000000000e+00,1.018948714266823208e+00
3.907999999999999918e+00,1.919000000000000039e+00,1.988438999999999179e+00,3.751999999999999780e+00,0.000000000000000000e+00,0.000000000000000000e+00,0.000000000000000000e+00,1.018856171017940904e+00
3.909000000000000252e+00,1.915999999999999925e+00,1.990944000000000269e+00,3.745999999999999996e+00,0.000000000000000000e+00,0.000000000000000000e+00,0.000000000000000000e+00,1.020414834314704144e+00
3.910000000000000142e+00,1.915999999999999925e+00,1.990944000000000269e+00,3.745999999999999996e+00,0.000000000000000000e+00,0.000000000000000000e+00,0.000000000000000000e+00,1.020414834314704144e+00
3.911000000000000032e+00,1.913999999999999924e+00,1.986604000000000703e+00,3.736000000000000210e+00,0.000000000000000000e+00,0.000000000000000000e+00,0.000000000000000000e+00,1.019818769251263246e+00
3.911999999999999922e+00,1.909999999999999920e+00,1.985900000000000443e+00,3.724000000000000199e+00,0.000000000000000000e+00,0.000000000000000000e+00,0.000000000000000000e+00,1.020805350730517258e+00
3.913000000000000256e+00,1.909000000000000030e+00,1.986718999999999902e+00,3.721999999999999975e+00,0.000000000000000000e+00,0.000000000000000000e+00,0.000000000000000000e+00,1.021326291798025254e+00
3.914000000000000146e+00,1.907999999999999918e+00,1.989536000000000193e+00,3.721999999999999975e+00,0.000000000000000000e+00,0.000000000000000000e+00,0.000000000000000000e+00,1.022397144979321437e+00
3.915000000000000036e+00,1.907000000000000028e+00,1.988350999999999758e+00,3.717999999999999972e+00,0.000000000000000000e+00,0.000000000000000000e+00,0.000000000000000000e+00,1.022369769532335937e+00
3.915999999999999925e+00,1.905999999999999917e+00,1.989164000000000154e+00,3.716000000000000192e+00,0.000000000000000000e+00,0.000000000000000000e+00,0.000000000000000000e+00,1.022892307827823810e+00
3.917000000000000259e+00,1.905000000000000027e+00,1.989974999999999827e+00,3.713999999999999968e+00,0.000000000000000000e+00,0.000000000000000000e+00,0.000000000000000000e+00,1.023415380164093724e+00
3.918000000000000149e+00,1.901000000000000023e+00,1.997198999999999725e+00,3.709999999999999964e+00,0.000000000000000000e+00,0.000000000000000000e+00,0.000000000000000000e+00,1.026619894122559495e+00
3.919000000000000039e+00,1.901000000000000023e+00,1.997198999999999725e+00,3.709999999999999964e+00,0.000000000000000000e+00,0.000000000000000000e+00,0.000000000000000000e+00,1.026619894122559495e+00
3.919999999999999929e+00,1.899999999999999911e+00,1.995999999999999996e+00,3.705999999999999961e+00,0.000000000000000000e+00,0.000000000000000000e+00,0.000000000000000000e+00,1.026592797783933531e+00
3.921000000000000263e+00,1.897999999999999909e+00,1.993596000000000590e+00,3.697999999999999954e+00,0.000000000000000000e+00,0.000000000000000000e+00,0.000000000000000000e+00,1.026536723809989171e+00
3.922000000000000153e+00,1.897000000000000020e+00,1.996390999999999583e+00,3.697999999999999954e+00,0.000000000000000000e+00,0.000000000000000000e+00,0.000000000000000000e+00,1.027619282895140707e+00
3.923000000000000043e+00,1.895000000000000018e+00,1.995974999999999611e+00,3.692000000000000171e+00,0.000000000000000000e+00,0.000000000000000000e+00,0.000000000000000000e+00,1.028118712623833142e+00
3.923999999999999932e+00,1.889999999999999902e+00,1.989900000000000446e+00,3.672000000000000153e+00,0.000000000000000000e+00,0.000000000000000000e+00,0.000000000000000000e+00,1.027966742252456545e+00
3.925000000000000266e+00,1.887000000000000011e+00,1.988230999999999415e+00,3.661999999999999922e+00,0.000000000000000000e+00,0.000000000000000000e+00,0.000000000000000000e+00,1.028429533058729639e+00
3.926000000000000156e+00,1.883999999999999897e+00,1.976544000000000079e+00,3.641999999999999904e+00,0.000000000000000000e+00,0.000000000000000000e+00,0.000000000000000000e+00,1.026072727764480108e+00
3.927000000000000046e+00,1.883000000000000007e+00,1.973311000000000259e+00,3.636000000000000121e+00,0.000000000000000000e+00,0.000000000000000000e+00,0.000000000000000000e+00,1.025470649005031154e+00
3.927999999999999936e+00,1.879999999999999893e+00,1.977600000000000691e+00,3.632000000000000117e+00,0.000000000000000000e+00,0.000000000000000000e+00,0.000000000000000000e+00,1.027614305115436943e+00
3.929000000000000270e+00,1.877999999999999892e+00,1.971116000000000756e+00,3.620000000000000107e+00,0.000000000000000000e+00,0.000000000000000000e+00,0.000000000000000000e+00,1.026401775618364764e+00
3.930000000000000160e+00,1.877000000000000002e+00,1.971871000000000151e+00,3.617999999999999883e+00,0.000000000000000000e+00,0.000000000000000000e+00,0.000000000000000000e+00,1.026928051740370496e+00
3.931000000000000050e+00,1.875999999999999890e+00,1.970624000000000819e+00,3.613999999999999879e+00,0.000000000000000000e+00,0.000000000000000000e+00,0.000000000000000000e+00,1.026886584439969052e+00
3.931999999999999940e+00,1.875000000000000000e+00,1.967375000000000540e+00,3.608000000000000096e+00,0.000000000000000000e+00,0.000000000000000000e+00,0.000000000000000000e+00,1.026275555555555608e+00
3.933000000000000274e+00,1.875000000000000000e+00,1.967375000000000540e+00,3.608000000000000096e+00,0.000000000000000000e+00,0.000000000000000000e+00,0.000000000000000000e+00,1.026275555555555608e+00
3.934000000000000163e+00,1.875000000000000000e+00,1.967375000000000540e+00,3.608000000000000096e+00,0.000000000000000000e+00,0.000000000000000000e+00,0.000000000000000000e+00,1.026275555555555608e+00
3.935000000000000053e+00,1.872999999999999998e+00,1.966870999999999814e+00,3.601999999999999869e+00,0.000000000000000000e+00,0.000000000000000000e+00,0.000000000000000000e+00,1.026758138027421552e+00
3.935999999999999943e+00,1.872000000000000108e+00,1.961615999999999804e+00,3.593999999999999861e+00,0.000000000000000000e+00,0.000000000000000000e+00,0.000000000000000000e+00,1.025572539995616816e+00
3.937000000000000277e+00,1.868999999999999995e+00,1.961838999999999889e+00,3.585999999999999854e+00,0.000000000000000000e+00,0.000000000000000000e+00,0.000000000000000000e+00,1.026577360734303390e+00
3.938000000000000167e+00,1.868000000000000105e+00,1.960575999999999652e+00,3.581999999999999851e+00,0.000000000000000000e+00,0.000000000000000000e+00,0.000000000000000000e+00,1.026530453163616574e+00
3.939000000000000057e+00,1.866999999999999993e+00,1.955311000000000021e+00,3.573999999999999844e+00,0.000000000000000000e+00,0.000000000000000000e+00,0.000000000000000000e+00,1.025335306735626784e+00
3.939999999999999947e+00,1.866999999999999993e+00,1.955311000000000021e+00,3.573999999999999844e+00,0.000000000000000000e+00,0.000000000000000000e+00,0.000000000000000000e+00,1.025335306735626784e+00
3.941000000000000281e+00,1.864999999999999991e+00,1.952774999999999928e+00,3.565999999999999837e+00,0.000000000000000000e+00,0.000000000000000000e+00,0.000000000000000000e+00,1.025235572741843848e+00
3.942000000000000171e+00,1.862000000000000099e+00,1.950955999999999690e+00,3.556000000000000050e+00,0.000000000000000000e+00,0.000000000000000000e+00,0.000000000000000000e+00,1.025657591885190900e+00
3.943000000000000060e+00,1.860000000000000098e+00,1.950399999999999689e+00,3.549999999999999822e+00,0.000000000000000000e+00,0.000000000000000000e+00,0.000000000000000000e+00,1.026130188461093606e+00
3.943999999999999950e+00,1.858999999999999986e+00,1.943119000000000263e+00,3.540000000000000036e+00,0.000000000000000000e+00,0.000000000000000000e+00,0.000000000000000000e+00,1.024340826550451222e+00
3.945000000000000284e+00,1.856000000000000094e+00,1.937263999999999431e+00,3.525999999999999801e+00,0.000000000000000000e+00,0.000000000000000000e+00,0.000000000000000000e+00,1.023590777348394543e+00
3.946000000000000174e+00,1.854999999999999982e+00,1.935975000000000001e+00,3.521999999999999797e+00,0.000000000000000000e+00,0.000000000000000000e+00,0.000000000000000000e+00,1.023532232401682673e+00
3.947000000000000064e+00,1.852000000000000091e+00,1.934095999999999371e+00,3.512000000000000011e+00,0.000000000000000000e+00,0.000000000000000000e+00,0.000000000000000000e+00,1.023935363788607278e+00
3.947999999999999954e+00,1.848999999999999977e+00,1.932199000000000222e+00,3.501999999999999780e+00,0.000000000000000000e+00,0.000000000000000000e+00,0.000000000000000000e+00,1.024335724717525320e+00
3.949000000000000288e+00,1.844000000000000083e+00,1.927664000000000044e+00,3.483999999999999986e+00,0.000000000000000000e+00,0.000000000000000000e+00,0.000000000000000000e+00,1.024604627307418969e+00
3.950000000000000178e+00,1.836999999999999966e+00,1.916431000000000662e+00,3.454000000000000181e+00,0.000000000000000000e+00,0.000000000000000000e+00,0.000000000000000000e+00,1.023538117015832416e+00
3.951000000000000068e+00,1.832999999999999963e+00,1.921110999999999791e+00,3.447999999999999954e+00,0.000000000000000000e+00,0.000000000000000000e+00,0.000000000000000000e+00,1.026224378245828905e+00
3.951999999999999957e+00,1.832000000000000073e+00,1.921776000000000373e+00,3.446000000000000174e+00,0.000000000000000000e+00,0.000000000000000000e+00,0.000000000000000000e+00,1.026749108521957998e+00
3.953000000000000291e+00,1.828999999999999959e+00,1.909759000000000206e+00,3.426000000000000156e+00,0.000000000000000000e+00,0.000000000000000000e+00,0.000000000000000000e+00,1.024141459464355641e+00
3.954000000000000181e+00,1.826000000000000068e+00,1.909723999999999311e+00,3.418000000000000149e+00,0.000000000000000000e+00,0.000000000000000000e+00,0.000000000000000000e+00,1.025110098864041142e+00
3.955000000000000071e+00,1.824000000000000066e+00,1.915023999999999837e+00,3.418000000000000149e+00,0.000000000000000000e+00,0.000000000000000000e+00,0.000000000000000000e+00,1.027359379809172024e+00
3.955999999999999961e+00,1.822000000000000064e+00,1.914315999999999907e+00,3.411999999999999922e+00,0.000000000000000000e+00,0.000000000000000000e+00,0.000000000000000000e+00,1.027808670945788760e+00
3.957000000000000295e+00,1.822000000000000064e+00,1.914315999999999907e+00,3.411999999999999922e+00,0.000000000000000000e+00,0.000000000000000000e+00,0.000000000000000000e+00,1.027808670945788760e+00
3.958000000000000185e+00,1.822000000000000064e+00,1.914315999999999907e+00,3.411999999999999922e+00,0.000000000000000000e+00,0.000000000000000000e+00,0.000000000000000000e+00,1.027808670945788760e+00
3.959000000000000075e+00,1.818999999999999950e+00,1.908239000000000907e+00,3.398000000000000131e+00,0.000000000000000000e+00,0.000000000000000000e+00,0.000000000000000000e+00,1.026970518571755475e+00
3.959999999999999964e+00,1.818000000000000060e+00,1.904875999999999792e+00,3.391999999999999904e+00,0.000000000000000000e+00,0.000000000000000000e+00,0.000000000000000000e+00,1.026285246786504679e+00
3.961000000000000298e+00,1.814999999999999947e+00,1.904774999999999885e+00,3.383999999999999897e+00,0.000000000000000000e+00,0.000000000000000000e+00,0.000000000000000000e+00,1.027252236869066193e+00
3.962000000000000188e+00,1.814999999999999947e+00,1.904774999999999885e+00,3.383999999999999897e+00,0.000000000000000000e+00,0.000000000000000000e+00,0.000000000000000000e+00,1.027252236869066193e+00
3.963000000000000078e+00,1.814000000000000057e+00,1.905403999999999431e+00,3.382000000000000117e+00,0.000000000000000000e+00,0.000000000000000000e+00,0.000000000000000000e+00,1.027777338816433295e+00
3.963999999999999968e+00,1.814000000000000057e+00,1.905403999999999431e+00,3.382000000000000117e+00,0.000000000000000000e+00,0.000000000000000000e+00,0.000000000000000000e+00,1.027777338816433295e+00
3.965000000000000302e+00,1.812999999999999945e+00,1.908031000000000699e+00,3.382000000000000117e+00,0.000000000000000000e+00,0.000000000000000000e+00,0.000000000000000000e+00,1.028911437862663369e+00
3.966000000000000192e+00,1.812999999999999945e+00,1.908031000000000699e+00,3.382000000000000117e+00,0.000000000000000000e+00,0.000000000000000000e+00,0.000000000000000000e+00,1.028911437862663369e+00
3.967000000000000082e+00,1.812999999999999945e+00,1.908031000000000699e+00,3.382000000000000117e+00,0.000000000000000000e+00,0.000000000000000000e+00,0.000000000000000000e+00,1.028911437862663369e+00
3.967999999999999972e+00,1.812999999999999945e+00,1.908031000000000699e+00,3.382000000000000117e+00,0.000000000000000000e+00,0.000000000000000000e+00,0.000000000000000000e+00,1.028911437862663369e+00
3.968999999999999861e+00,1.810999999999999943e+00,1.907278999999999503e+00,3.375999999999999890e+00,0.000000000000000000e+00,0.000000000000000000e+00,0.000000000000000000e+00,1.029355850695836683e+00
3.970000000000000195e+00,1.810000000000000053e+00,1.907900000000000151e+00,3.374000000000000110e+00,0.000000000000000000e+00,0.000000000000000000e+00,0.000000000000000000e+00,1.029883092701687985e+00
3.971000000000000085e+00,1.808999999999999941e+00,1.906519000000000297e+00,3.370000000000000107e+00,0.000000000000000000e+00,0.000000000000000000e+00,0.000000000000000000e+00,1.029799714650749820e+00
3.971999999999999975e+00,1.806999999999999940e+00,1.909750999999999976e+00,3.367999999999999883e+00,0.000000000000000000e+00,0.000000000000000000e+00,0.000000000000000000e+00,1.031468044244099103e+00
3.972999999999999865e+00,1.806000000000000050e+00,1.910364000000000395e+00,3.366000000000000103e+00,0.000000000000000000e+00,0.000000000000000000e+00,0.000000000000000000e+00,1.031997439321861831e+00
3.974000000000000199e+00,1.802999999999999936e+00,1.906191000000000191e+00,3.354000000000000092e+00,0.000000000000000000e+00,0.000000000000000000e+00,0.000000000000000000e+00,1.031743175314206562e+00
3.975000000000000089e+00,1.800000000000000044e+00,1.905999999999999694e+00,3.346000000000000085e+00,0.000000000000000000e+00,0.000000000000000000e+00,0.000000000000000000e+00,1.032716049382716106e+00
3.975999999999999979e+00,1.798000000000000043e+00,1.903195999999999888e+00,3.338000000000000078e+00,0.000000000000000000e+00,0.000000000000000000e+00,0.000000000000000000e+00,1.032540172556084324e+00
3.976999999999999869e+00,1.796000000000000041e+00,1.896383999999999848e+00,3.326000000000000068e+00,0.000000000000000000e+00,0.000000000000000000e+00,0.000000000000000000e+00,1.031120877376600298e+00
3.978000000000000203e+00,1.796000000000000041e+00,1.896383999999999848e+00,3.326000000000000068e+00,0.000000000000000000e+00,0.000000000000000000e+00,0.000000000000000000e+00,1.031120877376600298e+00
3.979000000000000092e+00,1.792999999999999927e+00,1.894151000000000362e+00,3.315999999999999837e+00,0.000000000000000000e+00,0.000000000000000000e+00,0.000000000000000000e+00,1.031463686163798021e+00
3.979999999999999982e+00,1.792000000000000037e+00,1.896735999999999311e+00,3.315999999999999837e+00,0.000000000000000000e+00,0.000000000000000000e+00,0.000000000000000000e+00,1.032615194515305923e+00
3.980999999999999872e+00,1.790999999999999925e+00,1.895319000000000198e+00,3.311999999999999833e+00,0.000000000000000000e+00,0.000000000000000000e+00,0.000000000000000000e+00,1.032521625435945944e+00
3.982000000000000206e+00,1.788999999999999924e+00,1.894479000000000024e+00,3.306000000000000050e+00,0.000000000000000000e+00,0.000000000000000000e+00,0.000000000000000000e+00,1.032956821717464280e+00
3.983000000000000096e+00,1.788000000000000034e+00,1.887055999999999401e+00,3.295999999999999819e+00,0.000000000000000000e+00,0.000000000000000000e+00,0.000000000000000000e+00,1.030984590283720914e+00
3.983999999999999986e+00,1.786000000000000032e+00,1.882203999999999766e+00,3.286000000000000032e+00,0.000000000000000000e+00,0.000000000000000000e+00,0.000000000000000000e+00,1.030159922452720922e+00
3.984999999999999876e+00,1.782999999999999918e+00,1.881911000000000111e+00,3.278000000000000025e+00,0.000000000000000000e+00,0.000000000000000000e+00,0.000000000000000000e+00,1.031113001240292482e+00
3.986000000000000210e+00,1.782999999999999918e+00,1.881911000000000111e+00,3.278000000000000025e+00,0.000000000000000000e+00,0.000000000000000000e+00,0.000000000000000000e+00,1.031113001240292482e+00
3.987000000000000099e+00,1.780999999999999917e+00,1.881039000000000350e+00,3.271999999999999797e+00,0.000000000000000000e+00,0.000000000000000000e+00,0.000000000000000000e+00,1.031538534048810796e+00
3.987999999999999989e+00,1.778000000000000025e+00,1.880715999999999610e+00,3.263999999999999790e+00,0.000000000000000000e+00,0.000000000000000000e+00,0.000000000000000000e+00,1.032491860902088998e+00
3.988999999999999879e+00,1.776000000000000023e+00,1.875824000000000158e+00,3.254000000000000004e+00,0.000000000000000000e+00,0.000000000000000000e+00,0.000000000000000000e+00,1.031648202256310265e+00
3.990000000000000213e+00,1.776000000000000023e+00,1.875824000000000158e+00,3.254000000000000004e+00,0.000000000000000000e+00,0.000000000000000000e+00,0.000000000000000000e+00,1.031648202256310265e+00
3.991000000000000103e+00,1.776000000000000023e+00,1.875824000000000158e+00,3.254000000000000004e+00,0.000000000000000000e+00,0.000000000000000000e+00,0.000000000000000000e+00,1.031648202256310265e+00
3.991999999999999993e+00,1.776000000000000023e+00,1.875824000000000158e+00,3.254000000000000004e+00,0.000000000000000000e+00,0.000000000000000000e+00,0.000000000000000000e+00,1.031648202256310265e+00
3.992999999999999883e+00,1.774999999999999911e+00,1.876374999999999460e+00,3.251999999999999780e+00,0.000000000000000000e+00,0.000000000000000000e+00,0.000000000000000000e+00,1.032176155524697547e+00
3.994000000000000217e+00,1.774999999999999911e+00,1.876374999999999460e+00,3.251999999999999780e+00,0.000000000000000000e+00,0.000000000000000000e+00,0.000000000000000000e+00,1.032176155524697547e+00
3.995000000000000107e+00,1.774000000000000021e+00,1.870924000000000476e+00,3.244000000000000217e+00,0.000000000000000000e+00,0.000000000000000000e+00,0.000000000000000000e+00,1.030798112279462053e+00
3.995999999999999996e+00,1.770000000000000018e+00,1.869100000000000428e+00,3.232000000000000206e+00,0.000000000000000000e+00,0.000000000000000000e+00,0.000000000000000000e+00,1.031632034217498051e+00
3.996999999999999886e+00,1.768999999999999906e+00,1.871639000000000497e+00,3.232000000000000206e+00,0.000000000000000000e+00,0.000000000000000000e+00,0.000000000000000000e+00,1.032798708745970906e+00
3.998000000000000220e+00,1.766000000000000014e+00,1.865244000000000124e+00,3.217999999999999972e+00,0.000000000000000000e+00,0.000000000000000000e+00,0.000000000000000000e+00,1.031821662226862335e+00
3.999000000000000110e+00,1.766000000000000014e+00,1.865244000000000124e+00,3.217999999999999972e+00,0.000000000000000000e+00,0.000000000000000000e+00,0.000000000000000000e+00,1.031821662226862335e+00
4.000000000000000000e+00,1.764999999999999902e+00,1.865775000000000183e+00,3.216000000000000192e+00,0.000000000000000000e+00,0.000000000000000000e+00,0.000000000000000000e+00,1.032349188260880180e+00
4.001000000000000334e+00,1.762000000000000011e+00,1.859356000000000453e+00,3.201999999999999957e+00,0.000000000000000000e+00,0.000000000000000000e+00,0.000000000000000000e+00,1.031358184706523407e+00
4.001999999999999780e+00,1.760999999999999899e+00,1.857879000000000058e+00,3.197999999999999954e+00,0.000000000000000000e+00,0.000000000000000000e+00,0.000000000000000000e+00,1.031239993537820698e+00
4.003000000000000114e+00,1.760000000000000009e+00,1.860400000000000276e+00,3.197999999999999954e+00,0.000000000000000000e+00,0.000000000000000000e+00,0.000000000000000000e+00,1.032412190082644621e+00
4.004000000000000448e+00,1.756999999999999895e+00,1.851951000000000569e+00,3.181999999999999940e+00,0.000000000000000000e+00,0.000000000000000000e+00,0.000000000000000000e+00,1.030757853211918817e+00
4.004999999999999893e+00,1.756999999999999895e+00,1.851951000000000569e+00,3.181999999999999940e+00,0.000000000000000000e+00,0.000000000000000000e+00,0.000000000000000000e+00,1.030757853211918817e+00
4.006000000000000227e+00,1.756999999999999895e+00,1.851951000000000569e+00,3.181999999999999940e+00,0.000000000000000000e+00,0.000000000000000000e+00,0.000000000000000000e+00,1.030757853211918817e+00
4.006999999999999673e+00,1.756999999999999895e+00,1.851951000000000569e+00,3.181999999999999940e+00,0.000000000000000000e+00,0.000000000000000000e+00,0.000000000000000000e+00,1.030757853211918817e+00
4.008000000000000007e+00,1.756999999999999895e+00,1.851951000000000569e+00,3.181999999999999940e+00,0.000000000000000000e+00,0.000000000000000000e+00,0.000000000000000000e+00,1.030757853211918817e+00
4.009000000000000341e+00,1.756999999999999895e+00,1.851951000000000569e+00,3.181999999999999940e+00,0.000000000000000000e+00,0.000000000000000000e+00,0.000000000000000000e+00,1.030757853211918817e+00
4.009999999999999787e+00,1.756999999999999895e+00,1.851951000000000569e+00,3.181999999999999940e+00,0.000000000000000000e+00,0.000000000000000000e+00,0.000000000000000000e+00,1.030757853211918817e+00
4.011000000000000121e+00,1.754000000000000004e+00,1.853483999999999909e+00,3.176000000000000156e+00,0.000000000000000000e+00,0.000000000000000000e+00,0.000000000000000000e+00,1.032336578129286586e+00
4.012000000000000455e+00,1.750000000000000000e+00,1.857499999999999929e+00,3.169999999999999929e+00,0.000000000000000000e+00,0.000000000000000000e+00,0.000000000000000000e+00,1.035102040816326507e+00
4.012999999999999901e+00,1.749000000000000110e+00,1.855998999999999732e+00,3.165999999999999925e+00,0.000000000000000000e+00,0.000000000000000000e+00,0.000000000000000000e+00,1.034978412887082921e+00
4.014000000000000234e+00,1.747999999999999998e+00,1.854496000000000144e+00,3.161999999999999922e+00,0.000000000000000000e+00,0.000000000000000000e+00,0.000000000000000000e+00,1.034853824442710568e+00
4.014999999999999680e+00,1.747000000000000108e+00,1.852990999999999833e+00,3.157999999999999918e+00,0.000000000000000000e+00,0.000000000000000000e+00,0.000000000000000000e+00,1.034728272426457263e+00
4.016000000000000014e+00,1.745999999999999996e+00,1.853484000000000353e+00,3.156000000000000139e+00,0.000000000000000000e+00,0.000000000000000000e+00,0.000000000000000000e+00,1.035257810685592750e+00
4.017000000000000348e+00,1.743999999999999995e+00,1.848463999999999885e+00,3.145999999999999908e+00,0.000000000000000000e+00,0.000000000000000000e+00,0.000000000000000000e+00,1.034345804225233589e+00
4.017999999999999794e+00,1.741999999999999993e+00,1.841435999999999407e+00,3.133999999999999897e+00,0.000000000000000000e+00,0.000000000000000000e+00,0.000000000000000000e+00,1.032767804534687528e+00
4.019000000000000128e+00,1.739000000000000101e+00,1.834878999999999483e+00,3.120000000000000107e+00,0.000000000000000000e+00,0.000000000000000000e+00,0.000000000000000000e+00,1.031704749909146956e+00
4.020000000000000462e+00,1.737000000000000099e+00,1.831830999999999765e+00,3.112000000000000099e+00,0.000000000000000000e+00,0.000000000000000000e+00,0.000000000000000000e+00,1.031430456828901443e+00
4.020999999999999908e+00,1.735000000000000098e+00,1.834774999999999601e+00,3.109999999999999876e+00,0.000000000000000000e+00,0.000000000000000000e+00,0.000000000000000000e+00,1.033145362888156171e+00
4.022000000000000242e+00,1.735000000000000098e+00,1.834774999999999601e+00,3.109999999999999876e+00,0.000000000000000000e+00,0.000000000000000000e+00,0.000000000000000000e+00,1.033145362888156171e+00
4.022999999999999687e+00,1.731000000000000094e+00,1.830638999999999683e+00,3.096000000000000085e+00,0.000000000000000000e+00,0.000000000000000000e+00,0.000000000000000000e+00,1.033253336296928060e+00
4.024000000000000021e+00,1.729999999999999982e+00,1.829099999999999948e+00,3.092000000000000082e+00,0.000000000000000000e+00,0.000000000000000000e+00,0.000000000000000000e+00,1.033111697684520047e+00
4.025000000000000355e+00,1.727000000000000091e+00,1.828470999999999513e+00,3.084000000000000075e+00,0.000000000000000000e+00,0.000000000000000000e+00,0.000000000000000000e+00,1.034021798279245452e+00
4.025999999999999801e+00,1.725999999999999979e+00,1.828923999999999772e+00,3.081999999999999851e+00,0.000000000000000000e+00,0.000000000000000000e+00,0.000000000000000000e+00,1.034548967532214592e+00
4.027000000000000135e+00,1.723999999999999977e+00,1.827824000000000115e+00,3.076000000000000068e+00,0.000000000000000000e+00,0.000000000000000000e+00,0.000000000000000000e+00,1.034931982493634495e+00
4.028000000000000469e+00,1.721000000000000085e+00,1.817158999999999747e+00,3.057999999999999829e+00,0.000000000000000000e+00,0.000000000000000000e+00,0.000000000000000000e+00,1.032465956140116825e+00
4.028999999999999915e+00,1.719000000000000083e+00,1.808038999999999508e+00,3.044000000000000039e+00,0.000000000000000000e+00,0.000000000000000000e+00,0.000000000000000000e+00,1.030132038967688457e+00
4.030000000000000249e+00,1.717999999999999972e+00,1.810476000000000418e+00,3.044000000000000039e+00,0.000000000000000000e+00,0.000000000000000000e+00,0.000000000000000000e+00,1.031331610381619690e+00
4.030999999999999694e+00,1.715000000000000080e+00,1.811774999999999913e+00,3.037999999999999812e+00,0.000000000000000000e+00,0.000000000000000000e+00,0.000000000000000000e+00,1.032902957101207608e+00
4.032000000000000028e+00,1.713000000000000078e+00,1.808631000000000100e+00,3.029999999999999805e+00,0.000000000000000000e+00,0.000000000000000000e+00,0.000000000000000000e+00,1.032589970790994460e+00
4.033000000000000362e+00,1.709999999999999964e+00,1.801900000000000279e+00,3.016000000000000014e+00,0.000000000000000000e+00,0.000000000000000000e+00,0.000000000000000000e+00,1.031428473718409178e+00
4.033999999999999808e+00,1.709000000000000075e+00,1.790319000000000216e+00,3.001999999999999780e+00,0.000000000000000000e+00,0.000000000000000000e+00,0.000000000000000000e+00,1.027842479202624171e+00
4.035000000000000142e+00,1.707999999999999963e+00,1.792736000000000107e+00,3.001999999999999780e+00,0.000000000000000000e+00,0.000000000000000000e+00,0.000000000000000000e+00,1.029046394155619826e+00
4.036000000000000476e+00,1.703999999999999959e+00,1.786384000000000416e+00,2.986000000000000210e+00,0.000000000000000000e+00,0.000000000000000000e+00,0.000000000000000000e+00,1.028372897793647711e+00
4.036999999999999922e+00,1.701000000000000068e+00,1.781599000000000377e+00,2.974000000000000199e+00,0.000000000000000000e+00,0.000000000000000000e+00,0.000000000000000000e+00,1.027856145760646323e+00
4.038000000000000256e+00,1.701000000000000068e+00,1.781599000000000377e+00,2.974000000000000199e+00,0.000000000000000000e+00,0.000000000000000000e+00,0.000000000000000000e+00,1.027856145760646323e+00
4.038999999999999702e+00,1.697999999999999954e+00,1.776796000000000486e+00,2.962000000000000188e+00,0.000000000000000000e+00,0.000000000000000000e+00,0.000000000000000000e+00,1.027329318355551857e+00
4.040000000000000036e+00,1.695000000000000062e+00,1.773975000000000080e+00,2.951999999999999957e+00,0.000000000000000000e+00,0.000000000000000000e+00,0.000000000000000000e+00,1.027488448586420189e+00
4.041000000000000369e+00,1.693999999999999950e+00,1.772363999999999606e+00,2.947999999999999954e+00,0.000000000000000000e+00,0.000000000000000000e+00,0.000000000000000000e+00,1.027307993069504377e+00
4.041999999999999815e+00,1.691999999999999948e+00,1.771136000000000710e+00,2.942000000000000171e+00,0.000000000000000000e+00,0.000000000000000000e+00,0.000000000000000000e+00,1.027642249160281684e+00
4.043000000000000149e+00,1.691000000000000059e+00,1.767518999999999618e+00,2.935999999999999943e+00,0.000000000000000000e+00,0.000000000000000000e+00,0.000000000000000000e+00,1.026759751157640066e+00
4.044000000000000483e+00,1.689999999999999947e+00,1.767900000000000915e+00,2.934000000000000163e+00,0.000000000000000000e+00,0.000000000000000000e+00,0.000000000000000000e+00,1.027274955358706165e+00
4.044999999999999929e+00,1.687000000000000055e+00,1.769031000000000020e+00,2.927999999999999936e+00,0.000000000000000000e+00,0.000000000000000000e+00,0.000000000000000000e+00,1.028823574677025565e+00
4.046000000000000263e+00,1.685999999999999943e+00,1.771403999999999979e+00,2.927999999999999936e+00,0.000000000000000000e+00,0.000000000000000000e+00,0.000000000000000000e+00,1.030044367894699109e+00
4.046999999999999709e+00,1.685000000000000053e+00,1.767774999999999874e+00,2.922000000000000153e+00,0.000000000000000000e+00,0.000000000000000000e+00,0.000000000000000000e+00,1.029154082540129744e+00
4.048000000000000043e+00,1.681999999999999940e+00,1.760876000000000108e+00,2.907999999999999918e+00,0.000000000000000000e+00,0.000000000000000000e+00,0.000000000000000000e+00,1.027880008087309172e+00
4.049000000000000377e+00,1.679999999999999938e+00,1.761600000000000055e+00,2.903999999999999915e+00,0.000000000000000000e+00,0.000000000000000000e+00,0.000000000000000000e+00,1.028911564625850428e+00
4.049999999999999822e+00,1.675999999999999934e+00,1.753024000000000360e+00,2.886000000000000121e+00,0.000000000000000000e+00,0.000000000000000000e+00,0.000000000000000000e+00,1.027420668599518194e+00
4.051000000000000156e+00,1.673999999999999932e+00,1.755723999999999840e+00,2.883999999999999897e+00,0.000000000000000000e+00,0.000000000000000000e+00,0.000000000000000000e+00,1.029163437148945981e+00
4.052000000000000490e+00,1.671000000000000041e+00,1.762758999999999521e+00,2.883999999999999897e+00,0.000000000000000000e+00,0.000000000000000000e+00,0.000000000000000000e+00,1.032862134751262317e+00
4.052999999999999936e+00,1.669000000000000039e+00,1.761439000000000643e+00,2.878000000000000114e+00,0.000000000000000000e+00,0.000000000000000000e+00,0.000000000000000000e+00,1.033185056798253676e+00
4.054000000000000270e+00,1.667999999999999927e+00,1.761775999999999787e+00,2.875999999999999890e+00,0.000000000000000000e+00,0.000000000000000000e+00,0.000000000000000000e+00,1.033705409772901040e+00
4.054999999999999716e+00,1.667000000000000037e+00,1.762111000000000427e+00,2.874000000000000110e+00,0.000000000000000000e+00,0.000000000000000000e+00,0.000000000000000000e+00,1.034226268123699777e+00
4.056000000000000050e+00,1.663000000000000034e+00,1.755430999999999742e+00,2.858000000000000096e+00,0.000000000000000000e+00,0.000000000000000000e+00,0.000000000000000000e+00,1.033422055280486473e+00
4.057000000000000384e+00,1.659999999999999920e+00,1.760400000000000187e+00,2.855999999999999872e+00,0.000000000000000000e+00,0.000000000000000000e+00,0.000000000000000000e+00,1.036434896211351431e+00
4.057999999999999829e+00,1.659999999999999920e+00,1.760400000000000187e+00,2.855999999999999872e+00,0.000000000000000000e+00,0.000000000000000000e+00,0.000000000000000000e+00,1.036434896211351431e+00
4.059000000000000163e+00,1.659000000000000030e+00,1.758719000000000143e+00,2.851999999999999869e+00,0.000000000000000000e+00,0.000000000000000000e+00,0.000000000000000000e+00,1.036231402244174982e+00
4.060000000000000497e+00,1.655000000000000027e+00,1.747974999999999834e+00,2.831999999999999851e+00,0.000000000000000000e+00,0.000000000000000000e+00,0.000000000000000000e+00,1.033944560564434179e+00
4.060999999999999943e+00,1.655000000000000027e+00,1.747974999999999834e+00,2.831999999999999851e+00,0.000000000000000000e+00,0.000000000000000000e+00,0.000000000000000000e+00,1.033944560564434179e+00
4.062000000000000277e+00,1.653000000000000025e+00,1.748590999999999784e+00,2.827999999999999847e+00,0.000000000000000000e+00,0.000000000000000000e+00,0.000000000000000000e+00,1.034984147687992406e+00
4.062999999999999723e+00,1.651000000000000023e+00,1.749198999999999504e+00,2.823999999999999844e+00,0.000000000000000000e+00,0.000000000000000000e+00,0.000000000000000000e+00,1.036025740690534436e+00
4.064000000000000057e+00,1.649000000000000021e+00,1.751799000000000106e+00,2.822000000000000064e+00,0.000000000000000000e+00,0.000000000000000000e+00,0.000000000000000000e+00,1.037804855176208019e+00
4.065000000000000391e+00,1.647999999999999909e+00,1.754096000000000100e+00,2.822000000000000064e+00,0.000000000000000000e+00,0.000000000000000000e+00,0.000000000000000000e+00,1.039064709209162274e+00
4.065999999999999837e+00,1.645999999999999908e+00,1.752683999999999909e+00,2.815999999999999837e+00,0.000000000000000000e+00,0.000000000000000000e+00,0.000000000000000000e+00,1.039376728295998031e+00
4.067000000000000171e+00,1.643999999999999906e+00,1.755264000000000379e+00,2.814000000000000057e+00,0.000000000000000000e+00,0.000000000000000000e+00,0.000000000000000000e+00,1.041167172820431031e+00
4.068000000000000504e+00,1.641999999999999904e+00,1.757836000000000176e+00,2.811999999999999833e+00,0.000000000000000000e+00,0.000000000000000000e+00,0.000000000000000000e+00,1.042963261878728565e+00
4.068999999999999950e+00,1.641999999999999904e+00,1.757836000000000176e+00,2.811999999999999833e+00,0.000000000000000000e+00,0.000000000000000000e+00,0.000000000000000000e+00,1.042963261878728565e+00
4.070000000000000284e+00,1.641999999999999904e+00,1.757836000000000176e+00,2.811999999999999833e+00,0.000000000000000000e+00,0.000000000000000000e+00,0.000000000000000000e+00,1.042963261878728565e+00
4.070999999999999730e+00,1.639999999999999902e+00,1.756400000000000183e+00,2.806000000000000050e+00,0.000000000000000000e+00,0.000000000000000000e+00,0.000000000000000000e+00,1.043277810826888974e+00
4.072000000000000064e+00,1.637000000000000011e+00,1.755231000000000652e+00,2.798000000000000043e+00,0.000000000000000000e+00,0.000000000000000000e+00,0.000000000000000000e+00,1.044119847643584231e+00
4.073000000000000398e+00,1.637000000000000011e+00,1.755231000000000652e+00,2.798000000000000043e+00,0.000000000000000000e+00,0.000000000000000000e+00,0.000000000000000000e+00,1.044119847643584231e+00
4.073999999999999844e+00,1.637000000000000011e+00,1.755231000000000652e+00,2.798000000000000043e+00,0.000000000000000000e+00,0.000000000000000000e+00,0.000000000000000000e+00,1.044119847643584231e+00
4.075000000000000178e+00,1.635999999999999899e+00,1.755503999999999731e+00,2.795999999999999819e+00,0.000000000000000000e+00,0.000000000000000000e+00,0.000000000000000000e+00,1.044649422229661395e+00
4.076000000000000512e+00,1.633000000000000007e+00,1.750310999999999950e+00,2.783999999999999808e+00,0.000000000000000000e+00,0.000000000000000000e+00,0.000000000000000000e+00,1.043991256573226112e+00
4.076999999999999957e+00,1.631000000000000005e+00,1.750838999999999590e+00,2.779999999999999805e+00,0.000000000000000000e+00,0.000000000000000000e+00,0.000000000000000000e+00,1.045049528957081808e+00
4.078000000000000291e+00,1.629000000000000004e+00,1.749359000000000552e+00,2.774000000000000021e+00,0.000000000000000000e+00,0.000000000000000000e+00,0.000000000000000000e+00,1.045356172896032332e+00
4.078999999999999737e+00,1.629000000000000004e+00,1.749359000000000552e+00,2.774000000000000021e+00,0.000000000000000000e+00,0.000000000000000000e+00,0.000000000000000000e+00,1.045356172896032332e+00
4.080000000000000071e+00,1.625999999999999890e+00,1.746124000000000009e+00,2.763999999999999790e+00,0.000000000000000000e+00,0.000000000000000000e+00,0.000000000000000000e+00,1.045434808591628295e+00
4.081000000000000405e+00,1.624000000000000110e+00,1.748623999999999956e+00,2.762000000000000011e+00,0.000000000000000000e+00,0.000000000000000000e+00,0.000000000000000000e+00,1.047253027251328517e+00
4.081999999999999851e+00,1.622000000000000108e+00,1.749115999999999449e+00,2.758000000000000007e+00,0.000000000000000000e+00,0.000000000000000000e+00,0.000000000000000000e+00,1.048316839510977871e+00
4.083000000000000185e+00,1.622000000000000108e+00,1.749115999999999449e+00,2.758000000000000007e+00,0.000000000000000000e+00,0.000000000000000000e+00,0.000000000000000000e+00,1.048316839510977871e+00
4.084000000000000519e+00,1.620000000000000107e+00,1.747599999999999376e+00,2.751999999999999780e+00,0.000000000000000000e+00,0.000000000000000000e+00,0.000000000000000000e+00,1.048620637098003128e+00
4.084999999999999964e+00,1.618999999999999995e+00,1.745839000000000141e+00,2.748000000000000220e+00,0.000000000000000000e+00,0.000000000000000000e+00,0.000000000000000000e+00,1.048390388839144372e+00
4.086000000000000298e+00,1.618000000000000105e+00,1.746075999999999517e+00,2.745999999999999996e+00,0.000000000000000000e+00,0.000000000000000000e+00,0.000000000000000000e+00,1.048922734197019979e+00
4.086999999999999744e+00,1.616999999999999993e+00,1.746311000000000835e+00,2.744000000000000217e+00,0.000000000000000000e+00,0.000000000000000000e+00,0.000000000000000000e+00,1.049455594910140510e+00
4.088000000000000078e+00,1.614000000000000101e+00,1.751003999999999561e+00,2.741999999999999993e+00,0.000000000000000000e+00,0.000000000000000000e+00,0.000000000000000000e+00,1.052592787090651738e+00
4.089000000000000412e+00,1.610999999999999988e+00,1.751679000000000652e+00,2.736000000000000210e+00,0.000000000000000000e+00,0.000000000000000000e+00,0.000000000000000000e+00,1.054204855584338407e+00
4.089999999999999858e+00,1.610999999999999988e+00,1.751679000000000652e+00,2.736000000000000210e+00,0.000000000000000000e+00,0.000000000000000000e+00,0.000000000000000000e+00,1.054204855584338407e+00
4.091000000000000192e+00,1.610000000000000098e+00,1.749900000000000233e+00,2.732000000000000206e+00,0.000000000000000000e+00,0.000000000000000000e+00,0.000000000000000000e+00,1.053971683191234909e+00
4.092000000000000526e+00,1.608999999999999986e+00,1.750119000000000646e+00,2.729999999999999982e+00,0.000000000000000000e+00,0.000000000000000000e+00,0.000000000000000000e+00,1.054509651080911103e+00
4.092999999999999972e+00,1.608000000000000096e+00,1.750335999999999892e+00,2.728000000000000203e+00,0.000000000000000000e+00,0.000000000000000000e+00,0.000000000000000000e+00,1.055048142372713382e+00
4.094000000000000306e+00,1.606999999999999984e+00,1.748551000000000410e+00,2.724000000000000199e+00,0.000000000000000000e+00,0.000000000000000000e+00,0.000000000000000000e+00,1.054812699108482077e+00
4.094999999999999751e+00,1.606999999999999984e+00,1.748551000000000410e+00,2.724000000000000199e+00,0.000000000000000000e+00,0.000000000000000000e+00,0.000000000000000000e+00,1.054812699108482077e+00
4.096000000000000085e+00,1.604999999999999982e+00,1.750974999999999948e+00,2.721999999999999975e+00,0.000000000000000000e+00,0.000000000000000000e+00,0.000000000000000000e+00,1.056666763715414348e+00
4.097000000000000419e+00,1.604999999999999982e+00,1.750974999999999948e+00,2.721999999999999975e+00,0.000000000000000000e+00,0.000000000000000000e+00,0.000000000000000000e+00,1.056666763715414348e+00
4.097999999999999865e+00,1.604000000000000092e+00,1.747183999999999848e+00,2.716000000000000192e+00,0.000000000000000000e+00,0.000000000000000000e+00,0.000000000000000000e+00,1.055652638976125601e+00
4.099000000000000199e+00,1.600000000000000089e+00,1.745999999999999552e+00,2.705999999999999961e+00,0.000000000000000000e+00,0.000000000000000000e+00,0.000000000000000000e+00,1.057031249999999867e+00
4.099999999999999645e+00,1.598000000000000087e+00,1.744395999999999614e+00,2.700000000000000178e+00,0.000000000000000000e+00,0.000000000000000000e+00,0.000000000000000000e+00,1.057329170850296096e+00
4.100999999999999979e+00,1.596999999999999975e+00,1.742591000000000445e+00,2.696000000000000174e+00,0.000000000000000000e+00,0.000000000000000000e+00,0.000000000000000000e+00,1.057085353760906843e+00
4.102000000000000313e+00,1.596999999999999975e+00,1.742591000000000445e+00,2.696000000000000174e+00,0.000000000000000000e+00,0.000000000000000000e+00,0.000000000000000000e+00,1.057085353760906843e+00
4.102999999999999758e+00,1.596000000000000085e+00,1.742783999999999889e+00,2.693999999999999950e+00,0.000000000000000000e+00,0.000000000000000000e+00,0.000000000000000000e+00,1.057625266172951051e+00
4.104000000000000092e+00,1.594999999999999973e+00,1.740975000000000161e+00,2.689999999999999947e+00,0.000000000000000000e+00,0.000000000000000000e+00,0.000000000000000000e+00,1.057379546191566488e+00
4.105000000000000426e+00,1.590999999999999970e+00,1.735719000000000456e+00,2.676000000000000156e+00,0.000000000000000000e+00,0.000000000000000000e+00,0.000000000000000000e+00,1.057172238088146088e+00
4.105999999999999872e+00,1.588000000000000078e+00,1.730256000000000238e+00,2.664000000000000146e+00,0.000000000000000000e+00,0.000000000000000000e+00,0.000000000000000000e+00,1.056411753135924947e+00
4.107000000000000206e+00,1.584999999999999964e+00,1.730775000000000396e+00,2.657999999999999918e+00,0.000000000000000000e+00,0.000000000000000000e+00,0.000000000000000000e+00,1.058026251629531567e+00
4.107999999999999652e+00,1.584000000000000075e+00,1.726944000000000479e+00,2.652000000000000135e+00,0.000000000000000000e+00,0.000000000000000000e+00,0.000000000000000000e+00,1.056971227425772764e+00
4.108999999999999986e+00,1.584000000000000075e+00,1.726944000000000479e+00,2.652000000000000135e+00,0.000000000000000000e+00,0.000000000000000000e+00,0.000000000000000000e+00,1.056971227425772764e+00
4.110000000000000320e+00,1.582999999999999963e+00,1.725111000000000061e+00,2.648000000000000131e+00,0.000000000000000000e+00,0.000000000000000000e+00,0.000000000000000000e+00,1.056710812011226519e+00
4.110999999999999766e+00,1.582000000000000073e+00,1.725275999999999588e+00,2.645999999999999908e+00,0.000000000000000000e+00,0.000000000000000000e+00,0.000000000000000000e+00,1.057248022554624356e+00
4.112000000000000099e+00,1.580000000000000071e+00,1.709599999999999120e+00,2.625999999999999890e+00,0.000000000000000000e+00,0.000000000000000000e+00,0.000000000000000000e+00,1.051914757250440369e+00
4.113000000000000433e+00,1.578999999999999959e+00,1.709759000000000473e+00,2.624000000000000110e+00,0.000000000000000000e+00,0.000000000000000000e+00,0.000000000000000000e+00,1.052445391360081306e+00
4.113999999999999879e+00,1.578000000000000069e+00,1.711915999999999549e+00,2.624000000000000110e+00,0.000000000000000000e+00,0.000000000000000000e+00,0.000000000000000000e+00,1.053779711849078149e+00
4.115000000000000213e+00,1.574000000000000066e+00,1.708523999999999710e+00,2.612000000000000099e+00,0.000000000000000000e+00,0.000000000000000000e+00,0.000000000000000000e+00,1.054298810563654154e+00
4.115999999999999659e+00,1.574000000000000066e+00,1.708523999999999710e+00,2.612000000000000099e+00,0.000000000000000000e+00,0.000000000000000000e+00,0.000000000000000000e+00,1.054298810563654154e+00
4.116999999999999993e+00,1.574000000000000066e+00,1.708523999999999710e+00,2.612000000000000099e+00,0.000000000000000000e+00,0.000000000000000000e+00,0.000000000000000000e+00,1.054298810563654154e+00
4.118000000000000327e+00,1.572000000000000064e+00,1.706815999999999889e+00,2.605999999999999872e+00,0.000000000000000000e+00,0.000000000000000000e+00,0.000000000000000000e+00,1.054555225349468106e+00
4.118999999999999773e+00,1.570999999999999952e+00,1.704959000000000113e+00,2.601999999999999869e+00,0.000000000000000000e+00,0.000000000000000000e+00,0.000000000000000000e+00,1.054277461354977463e+00
4.120000000000000107e+00,1.570000000000000062e+00,1.705099999999999838e+00,2.600000000000000089e+00,0.000000000000000000e+00,0.000000000000000000e+00,0.000000000000000000e+00,1.054809525741409404e+00
4.121000000000000441e+00,1.566999999999999948e+00,1.701510999999999996e+00,2.589999999999999858e+00,0.000000000000000000e+00,0.000000000000000000e+00,0.000000000000000000e+00,1.054779720047615665e+00
4.121999999999999886e+00,1.566999999999999948e+00,1.701510999999999996e+00,2.589999999999999858e+00,0.000000000000000000e+00,0.000000000000000000e+00,0.000000000000000000e+00,1.054779720047615665e+00
4.123000000000000220e+00,1.566000000000000059e+00,1.701643999999999934e+00,2.588000000000000078e+00,0.000000000000000000e+00,0.000000000000000000e+00,0.000000000000000000e+00,1.055311708414276017e+00
4.123999999999999666e+00,1.564000000000000057e+00,1.695903999999999190e+00,2.577999999999999847e+00,0.000000000000000000e+00,0.000000000000000000e+00,0.000000000000000000e+00,1.053924294058777633e+00
4.125000000000000000e+00,1.560000000000000053e+00,1.696399999999999686e+00,2.569999999999999840e+00,0.000000000000000000e+00,0.000000000000000000e+00,0.000000000000000000e+00,1.056048652202498106e+00
4.126000000000000334e+00,1.558000000000000052e+00,1.686635999999999580e+00,2.556000000000000050e+00,0.000000000000000000e+00,0.000000000000000000e+00,0.000000000000000000e+00,1.052994112131513837e+00
4.126999999999999780e+00,1.558000000000000052e+00,1.686635999999999580e+00,2.556000000000000050e+00,0.000000000000000000e+00,0.000000000000000000e+00,0.000000000000000000e+00,1.052994112131513837e+00
4.128000000000000114e+00,1.558000000000000052e+00,1.686635999999999580e+00,2.556000000000000050e+00,0.000000000000000000e+00,0.000000000000000000e+00,0.000000000000000000e+00,1.052994112131513837e+00
4.129000000000000448e+00,1.556999999999999940e+00,1.678751000000000104e+00,2.545999999999999819e+00,0.000000000000000000e+00,0.000000000000000000e+00,0.000000000000000000e+00,1.050222151272414806e+00
4.129999999999999893e+00,1.556999999999999940e+00,1.678751000000000104e+00,2.545999999999999819e+00,0.000000000000000000e+00,0.000000000000000000e+00,0.000000000000000000e+00,1.050222151272414806e+00
4.131000000000000227e+00,1.556000000000000050e+00,1.676863999999999688e+00,2.541999999999999815e+00,0.000000000000000000e+00,0.000000000000000000e+00,0.000000000000000000e+00,1.049920367959503054e+00
4.131999999999999673e+00,1.556000000000000050e+00,1.676863999999999688e+00,2.541999999999999815e+00,0.000000000000000000e+00,0.000000000000000000e+00,0.000000000000000000e+00,1.049920367959503054e+00
4.133000000000000007e+00,1.552999999999999936e+00,1.679190999999999434e+00,2.537999999999999812e+00,0.000000000000000000e+00,0.000000000000000000e+00,0.000000000000000000e+00,1.052322136620271298e+00
4.134000000000000341e+00,1.552999999999999936e+00,1.679190999999999434e+00,2.537999999999999812e+00,0.000000000000000000e+00,0.000000000000000000e+00,0.000000000000000000e+00,1.052322136620271298e+00
4.134999999999999787e+00,1.552000000000000046e+00,1.679295999999999900e+00,2.536000000000000032e+00,0.000000000000000000e+00,0.000000000000000000e+00,0.000000000000000000e+00,1.052848336698905207e+00
4.136000000000000121e+00,1.548000000000000043e+00,1.681695999999999191e+00,2.529999999999999805e+00,0.000000000000000000e+00,0.000000000000000000e+00,0.000000000000000000e+00,1.055792587251032977e+00
4.137000000000000455e+00,1.548000000000000043e+00,1.681695999999999191e+00,2.529999999999999805e+00,0.000000000000000000e+00,0.000000000000000000e+00,0.000000000000000000e+00,1.055792587251032977e+00
4.137999999999999901e+00,1.544999999999999929e+00,1.679975000000000218e+00,2.521999999999999797e+00,0.000000000000000000e+00,0.000000000000000000e+00,0.000000000000000000e+00,1.056545281260145908e+00
4.139000000000000234e+00,1.542000000000000037e+00,1.668236000000000274e+00,2.504000000000000004e+00,0.000000000000000000e+00,0.000000000000000000e+00,0.000000000000000000e+00,1.053090214167596184e+00
4.139999999999999680e+00,1.538999999999999924e+00,1.660479000000000038e+00,2.490000000000000213e+00,0.000000000000000000e+00,0.000000000000000000e+00,0.000000000000000000e+00,1.051288968938844270e+00
4.141000000000000014e+00,1.538000000000000034e+00,1.656556000000000139e+00,2.483999999999999986e+00,0.000000000000000000e+00,0.000000000000000000e+00,0.000000000000000000e+00,1.050119977475687305e+00
4.142000000000000348e+00,1.536999999999999922e+00,1.656631000000000409e+00,2.482000000000000206e+00,0.000000000000000000e+00,0.000000000000000000e+00,0.000000000000000000e+00,1.050640268306941350e+00
4.142999999999999794e+00,1.536000000000000032e+00,1.658704000000000622e+00,2.482000000000000206e+00,0.000000000000000000e+00,0.000000000000000000e+00,0.000000000000000000e+00,1.052008734809027901e+00
4.144000000000000128e+00,1.534999999999999920e+00,1.656775000000000109e+00,2.478000000000000203e+00,0.000000000000000000e+00,0.000000000000000000e+00,0.000000000000000000e+00,1.051682245965474660e+00
4.145000000000000462e+00,1.532999999999999918e+00,1.650910999999999795e+00,2.467999999999999972e+00,0.000000000000000000e+00,0.000000000000000000e+00,0.000000000000000000e+00,1.050172993448333481e+00
4.145999999999999908e+00,1.532999999999999918e+00,1.650910999999999795e+00,2.467999999999999972e+00,0.000000000000000000e+00,0.000000000000000000e+00,0.000000000000000000e+00,1.050172993448333481e+00
4.147000000000000242e+00,1.532999999999999918e+00,1.650910999999999795e+00,2.467999999999999972e+00,0.000000000000000000e+00,0.000000000000000000e+00,0.000000000000000000e+00,1.050172993448333481e+00
4.147999999999999687e+00,1.532999999999999918e+00,1.650910999999999795e+00,2.467999999999999972e+00,0.000000000000000000e+00,0.000000000000000000e+00,0.000000000000000000e+00,1.050172993448333481e+00
4.149000000000000021e+00,1.530000000000000027e+00,1.653099999999999792e+00,2.463999999999999968e+00,0.000000000000000000e+00,0.000000000000000000e+00,0.000000000000000000e+00,1.052586611986842557e+00
4.150000000000000355e+00,1.526999999999999913e+00,1.647271000000000374e+00,2.451999999999999957e+00,0.000000000000000000e+00,0.000000000000000000e+00,0.000000000000000000e+00,1.051580179343311494e+00
4.150999999999999801e+00,1.526000000000000023e+00,1.649323999999999568e+00,2.451999999999999957e+00,0.000000000000000000e+00,0.000000000000000000e+00,0.000000000000000000e+00,1.052958848719186324e+00
4.152000000000000135e+00,1.524999999999999911e+00,1.651375000000000259e+00,2.451999999999999957e+00,0.000000000000000000e+00,0.000000000000000000e+00,0.000000000000000000e+00,1.054340231120666660e+00
4.153000000000000469e+00,1.524000000000000021e+00,1.651424000000000003e+00,2.450000000000000178e+00,0.000000000000000000e+00,0.000000000000000000e+00,0.000000000000000000e+00,1.054863220837552795e+00
4.153999999999999915e+00,1.522000000000000020e+00,1.649516000000000204e+00,2.443999999999999950e+00,0.000000000000000000e+00,0.000000000000000000e+00,0.000000000000000000e+00,1.055047218111586416e+00
4.155000000000000249e+00,1.520999999999999908e+00,1.647559000000000218e+00,2.439999999999999947e+00,0.000000000000000000e+00,0.000000000000000000e+00,0.000000000000000000e+00,1.054705955328015810e+00
4.155999999999999694e+00,1.518000000000000016e+00,1.647675999999999696e+00,2.434000000000000163e+00,0.000000000000000000e+00,0.000000000000000000e+00,0.000000000000000000e+00,1.056275072429050832e+00
4.157000000000000028e+00,1.516999999999999904e+00,1.643711000000000144e+00,2.427999999999999936e+00,0.000000000000000000e+00,0.000000000000000000e+00,0.000000000000000000e+00,1.055060881097506842e+00
4.158000000000000362e+00,1.516000000000000014e+00,1.645744000000000096e+00,2.427999999999999936e+00,0.000000000000000000e+00,0.000000000000000000e+00,0.000000000000000000e+00,1.056453241066269477e+00
4.158999999999999808e+00,1.514999999999999902e+00,1.641775000000000428e+00,2.422000000000000153e+00,0.000000000000000000e+00,0.000000000000000000e+00,0.000000000000000000e+00,1.055234236294916750e+00
4.160000000000000142e+00,1.510999999999999899e+00,1.637879000000000751e+00,2.410000000000000142e+00,0.000000000000000000e+00,0.000000000000000000e+00,0.000000000000000000e+00,1.055572613102853774e+00
4.161000000000000476e+00,1.508999999999999897e+00,1.635918999999999901e+00,2.403999999999999915e+00,0.000000000000000000e+00,0.000000000000000000e+00,0.000000000000000000e+00,1.055737586849128329e+00
4.161999999999999922e+00,1.508999999999999897e+00,1.635918999999999901e+00,2.403999999999999915e+00,0.000000000000000000e+00,0.000000000000000000e+00,0.000000000000000000e+00,1.055737586849128329e+00
4.163000000000000256e+00,1.508000000000000007e+00,1.633935999999999833e+00,2.399999999999999911e+00,0.000000000000000000e+00,0.000000000000000000e+00,0.000000000000000000e+00,1.055379268129656767e+00
4.163999999999999702e+00,1.504999999999999893e+00,1.635975000000000179e+00,2.395999999999999908e+00,0.000000000000000000e+00,0.000000000000000000e+00,0.000000000000000000e+00,1.057824968819328859e+00
4.165000000000000036e+00,1.502999999999999892e+00,1.635990999999999751e+00,2.391999999999999904e+00,0.000000000000000000e+00,0.000000000000000000e+00,0.000000000000000000e+00,1.058871390065289742e+00
4.166000000000000369e+00,1.502999999999999892e+00,1.635990999999999751e+00,2.391999999999999904e+00,0.000000000000000000e+00,0.000000000000000000e+00,0.000000000000000000e+00,1.058871390065289742e+00
4.166999999999999815e+00,1.500999999999999890e+00,1.629999000000000198e+00,2.382000000000000117e+00,0.000000000000000000e+00,0.000000000000000000e+00,0.000000000000000000e+00,1.057256521412995420e+00
4.168000000000000149e+00,1.500999999999999890e+00,1.629999000000000198e+00,2.382000000000000117e+00,0.000000000000000000e+00,0.000000000000000000e+00,0.000000000000000000e+00,1.057256521412995420e+00
4.169000000000000483e+00,1.500000000000000000e+00,1.628000000000000114e+00,2.378000000000000114e+00,0.000000000000000000e+00,0.000000000000000000e+00,0.000000000000000000e+00,1.056888888888888989e+00
4.169999999999999929e+00,1.497999999999999998e+00,1.621995999999999771e+00,2.367999999999999883e+00,0.000000000000000000e+00,0.000000000000000000e+00,0.000000000000000000e+00,1.055256585995390406e+00
4.171000000000000263e+00,1.493999999999999995e+00,1.611964000000000397e+00,2.350000000000000089e+00,0.000000000000000000e+00,0.000000000000000000e+00,0.000000000000000000e+00,1.052850402054447132e+00
4.171999999999999709e+00,1.491999999999999993e+00,1.607936000000000032e+00,2.342000000000000082e+00,0.000000000000000000e+00,0.000000000000000000e+00,0.000000000000000000e+00,1.052081162086984101e+00
4.173000000000000043e+00,1.487999999999999989e+00,1.607855999999999952e+00,2.334000000000000075e+00,0.000000000000000000e+00,0.000000000000000000e+00,0.000000000000000000e+00,1.054131980575789163e+00
4.174000000000000377e+00,1.485999999999999988e+00,1.609803999999999569e+00,2.331999999999999851e+00,0.000000000000000000e+00,0.000000000000000000e+00,0.000000000000000000e+00,1.056065675329544984e+00
4.174999999999999822e+00,1.483999999999999986e+00,1.609744000000000064e+00,2.327999999999999847e+00,0.000000000000000000e+00,0.000000000000000000e+00,0.000000000000000000e+00,1.057097812425076944e+00
4.176000000000000156e+00,1.483999999999999986e+00,1.609744000000000064e+00,2.327999999999999847e+00,0.000000000000000000e+00,0.000000000000000000e+00,0.000000000000000000e+00,1.057097812425076944e+00
4.177000000000000490e+00,1.483000000000000096e+00,1.607710999999999668e+00,2.323999999999999844e+00,0.000000000000000000e+00,0.000000000000000000e+00,0.000000000000000000e+00,1.056705144253438089e+00
4.177999999999999936e+00,1.477999999999999980e+00,1.609515999999999725e+00,2.315999999999999837e+00,0.000000000000000000e+00,0.000000000000000000e+00,0.000000000000000000e+00,1.060204606671415251e+00
4.179000000000000270e+00,1.477000000000000091e+00,1.607470999999999428e+00,2.311999999999999833e+00,0.000000000000000000e+00,0.000000000000000000e+00,0.000000000000000000e+00,1.059807135270720568e+00
4.179999999999999716e+00,1.475999999999999979e+00,1.605423999999999740e+00,2.307999999999999829e+00,0.000000000000000000e+00,0.000000000000000000e+00,0.000000000000000000e+00,1.059407613046320140e+00
4.181000000000000050e+00,1.473999999999999977e+00,1.601323999999999970e+00,2.299999999999999822e+00,0.000000000000000000e+00,0.000000000000000000e+00,0.000000000000000000e+00,1.058602387102356657e+00
4.182000000000000384e+00,1.473000000000000087e+00,1.601270999999999667e+00,2.298000000000000043e+00,0.000000000000000000e+00,0.000000000000000000e+00,0.000000000000000000e+00,1.059118442902316382e+00
4.182999999999999829e+00,1.473000000000000087e+00,1.601270999999999667e+00,2.298000000000000043e+00,0.000000000000000000e+00,0.000000000000000000e+00,0.000000000000000000e+00,1.059118442902316382e+00
4.184000000000000163e+00,1.471999999999999975e+00,1.597215999999999969e+00,2.291999999999999815e+00,0.000000000000000000e+00,0.000000000000000000e+00,0.000000000000000000e+00,1.057788870510397050e+00
4.185000000000000497e+00,1.471999999999999975e+00,1.597215999999999969e+00,2.291999999999999815e+00,0.000000000000000000e+00,0.000000000000000000e+00,0.000000000000000000e+00,1.057788870510397050e+00
4.185999999999999943e+00,1.471000000000000085e+00,1.593158999999999992e+00,2.286000000000000032e+00,0.000000000000000000e+00,0.000000000000000000e+00,0.000000000000000000e+00,1.056454702540528645e+00
4.187000000000000277e+00,1.471000000000000085e+00,1.593158999999999992e+00,2.286000000000000032e+00,0.000000000000000000e+00,0.000000000000000000e+00,0.000000000000000000e+00,1.056454702540528645e+00
4.187999999999999723e+00,1.467999999999999972e+00,1.586975999999999942e+00,2.274000000000000021e+00,0.000000000000000000e+00,0.000000000000000000e+00,0.000000000000000000e+00,1.055208665889567854e+00
4.189000000000000057e+00,1.467999999999999972e+00,1.586975999999999942e+00,2.274000000000000021e+00,0.000000000000000000e+00,0.000000000000000000e+00,0.000000000000000000e+00,1.055208665889567854e+00
4.190000000000000391e+00,1.467000000000000082e+00,1.588910999999999962e+00,2.274000000000000021e+00,0.000000000000000000e+00,0.000000000000000000e+00,0.000000000000000000e+00,1.056647750162748700e+00
4.190999999999999837e+00,1.463999999999999968e+00,1.590704000000000118e+00,2.270000000000000018e+00,0.000000000000000000e+00,0.000000000000000000e+00,0.000000000000000000e+00,1.059116426289229418e+00
4.192000000000000171e+00,1.461999999999999966e+00,1.592555999999999639e+00,2.267999999999999794e+00,0.000000000000000000e+00,0.000000000000000000e+00,0.000000000000000000e+00,1.061080430645200412e+00
4.193000000000000504e+00,1.459000000000000075e+00,1.588318999999999814e+00,2.258000000000000007e+00,0.000000000000000000e+00,0.000000000000000000e+00,0.000000000000000000e+00,1.060750765380063854e+00
4.193999999999999950e+00,1.457999999999999963e+00,1.588235999999999759e+00,2.255999999999999783e+00,0.000000000000000000e+00,0.000000000000000000e+00,0.000000000000000000e+00,1.061265502661631333e+00
4.195000000000000284e+00,1.457999999999999963e+00,1.588235999999999759e+00,2.255999999999999783e+00,0.000000000000000000e+00,0.000000000000000000e+00,0.000000000000000000e+00,1.061265502661631333e+00
4.195999999999999730e+00,1.457000000000000073e+00,1.586150999999999200e+00,2.251999999999999780e+00,0.000000000000000000e+00,0.000000000000000000e+00,0.000000000000000000e+00,1.060838524077783784e+00
4.197000000000000064e+00,1.455000000000000071e+00,1.589974999999999472e+00,2.251999999999999780e+00,0.000000000000000000e+00,0.000000000000000000e+00,0.000000000000000000e+00,1.063756923040587221e+00
4.198000000000000398e+00,1.453999999999999959e+00,1.589884000000000075e+00,2.250000000000000000e+00,0.000000000000000000e+00,0.000000000000000000e+00,0.000000000000000000e+00,1.064274618800482353e+00
4.198999999999999844e+00,1.451999999999999957e+00,1.587696000000000218e+00,2.244000000000000217e+00,0.000000000000000000e+00,0.000000000000000000e+00,0.000000000000000000e+00,1.064362634610568570e+00
4.200000000000000178e+00,1.451000000000000068e+00,1.583598999999999979e+00,2.237999999999999989e+00,0.000000000000000000e+00,0.000000000000000000e+00,0.000000000000000000e+00,1.062980401358220917e+00
4.201000000000000512e+00,1.449000000000000066e+00,1.581398999999999777e+00,2.232000000000000206e+00,0.000000000000000000e+00,0.000000000000000000e+00,0.000000000000000000e+00,1.063059124090720120e+00
4.201999999999999957e+00,1.447999999999999954e+00,1.581296000000000035e+00,2.229999999999999982e+00,0.000000000000000000e+00,0.000000000000000000e+00,0.000000000000000000e+00,1.063574066725679890e+00
4.203000000000000291e+00,1.447000000000000064e+00,1.579191000000000233e+00,2.226000000000000423e+00,0.000000000000000000e+00,0.000000000000000000e+00,0.000000000000000000e+00,1.063134220934192298e+00
4.203999999999999737e+00,1.443000000000000060e+00,1.568751000000000229e+00,2.208000000000000185e+00,0.000000000000000000e+00,0.000000000000000000e+00,0.000000000000000000e+00,1.060391912782765234e+00
4.205000000000000071e+00,1.441999999999999948e+00,1.568636000000000585e+00,2.206000000000000405e+00,0.000000000000000000e+00,0.000000000000000000e+00,0.000000000000000000e+00,1.060901314055644029e+00
4.206000000000000405e+00,1.441000000000000059e+00,1.566519000000000439e+00,2.202000000000000401e+00,0.000000000000000000e+00,0.000000000000000000e+00,0.000000000000000000e+00,1.060447940530156563e+00
4.206999999999999851e+00,1.439000000000000057e+00,1.564279000000000419e+00,2.196000000000000618e+00,0.000000000000000000e+00,0.000000000000000000e+00,0.000000000000000000e+00,1.060500183269499130e+00
4.208000000000000185e+00,1.435999999999999943e+00,1.553904000000000174e+00,2.180000000000000160e+00,0.000000000000000000e+00,0.000000000000000000e+00,0.000000000000000000e+00,1.057176775475050734e+00
4.209000000000000519e+00,1.429999999999999938e+00,1.555099999999999927e+00,2.169999999999999929e+00,0.000000000000000000e+00,0.000000000000000000e+00,0.000000000000000000e+00,1.061176585652110260e+00
4.209999999999999964e+00,1.429999999999999938e+00,1.555099999999999927e+00,2.169999999999999929e+00,0.000000000000000000e+00,0.000000000000000000e+00,0.000000000000000000e+00,1.061176585652110260e+00
4.211000000000000298e+00,1.429000000000000048e+00,1.556958999999999982e+00,2.169999999999999929e+00,0.000000000000000000e+00,0.000000000000000000e+00,0.000000000000000000e+00,1.062662306976206450e+00
4.211999999999999744e+00,1.425000000000000044e+00,1.550375000000000281e+00,2.156000000000000139e+00,0.000000000000000000e+00,0.000000000000000000e+00,0.000000000000000000e+00,1.061742074484456788e+00
4.213000000000000078e+00,1.423000000000000043e+00,1.550070999999999977e+00,2.152000000000000135e+00,0.000000000000000000e+00,0.000000000000000000e+00,0.000000000000000000e+00,1.062753311350669527e+00
4.214000000000000412e+00,1.421000000000000041e+00,1.549758999999999887e+00,2.148000000000000131e+00,0.000000000000000000e+00,0.000000000000000000e+00,0.000000000000000000e+00,1.063766038823498628e+00
4.214999999999999858e+00,1.419999999999999929e+00,1.541599999999999859e+00,2.137999999999999901e+00,0.000000000000000000e+00,0.000000000000000000e+00,0.000000000000000000e+00,1.060305494941479854e+00
4.216000000000000192e+00,1.417999999999999927e+00,1.537276000000000309e+00,2.129999999999999893e+00,0.000000000000000000e+00,0.000000000000000000e+00,0.000000000000000000e+00,1.059319926553818458e+00
4.217000000000000526e+00,1.417000000000000037e+00,1.537110999999999894e+00,2.128000000000000114e+00,0.000000000000000000e+00,0.000000000000000000e+00,0.000000000000000000e+00,1.059819541817301758e+00
4.217999999999999972e+00,1.415999999999999925e+00,1.538944000000000312e+00,2.128000000000000114e+00,0.000000000000000000e+00,0.000000000000000000e+00,0.000000000000000000e+00,1.061316990647642955e+00
4.219000000000000306e+00,1.415000000000000036e+00,1.540775000000000006e+00,2.128000000000000114e+00,0.000000000000000000e+00,0.000000000000000000e+00,0.000000000000000000e+00,1.062817615402864346e+00
4.219999999999999751e+00,1.415000000000000036e+00,1.540775000000000006e+00,2.128000000000000114e+00,0.000000000000000000e+00,0.000000000000000000e+00,0.000000000000000000e+00,1.062817615402864346e+00
4.221000000000000085e+00,1.413999999999999924e+00,1.542604000000000086e+00,2.128000000000000114e+00,0.000000000000000000e+00,0.000000000000000000e+00,0.000000000000000000e+00,1.064321425070371419e+00
4.222000000000000419e+00,1.413999999999999924e+00,1.542604000000000086e+00,2.128000000000000114e+00,0.000000000000000000e+00,0.000000000000000000e+00,0.000000000000000000e+00,1.064321425070371419e+00
4.222999999999999865e+00,1.413999999999999924e+00,1.542604000000000086e+00,2.128000000000000114e+00,0.000000000000000000e+00,0.000000000000000000e+00,0.000000000000000000e+00,1.064321425070371419e+00
4.224000000000000199e+00,1.413000000000000034e+00,1.542430999999999663e+00,2.125999999999999890e+00,0.000000000000000000e+00,0.000000000000000000e+00,0.000000000000000000e+00,1.064826710221384642e+00
4.224999999999999645e+00,1.411999999999999922e+00,1.544256000000000073e+00,2.125999999999999890e+00,0.000000000000000000e+00,0.000000000000000000e+00,0.000000000000000000e+00,1.066335497435979773e+00
4.225999999999999979e+00,1.411999999999999922e+00,1.544256000000000073e+00,2.125999999999999890e+00,0.000000000000000000e+00,0.000000000000000000e+00,0.000000000000000000e+00,1.066335497435979773e+00
4.227000000000000313e+00,1.411000000000000032e+00,1.538078999999999752e+00,2.117999999999999883e+00,0.000000000000000000e+00,0.000000000000000000e+00,0.000000000000000000e+00,1.063829252893510047e+00
4.227999999999999758e+00,1.409999999999999920e+00,1.533900000000000485e+00,2.112000000000000099e+00,0.000000000000000000e+00,0.000000000000000000e+00,0.000000000000000000e+00,1.062320808812434070e+00
4.229000000000000092e+00,1.409000000000000030e+00,1.531719000000000275e+00,2.108000000000000096e+00,0.000000000000000000e+00,0.000000000000000000e+00,0.000000000000000000e+00,1.061814423247892769e+00
4.230000000000000426e+00,1.405999999999999917e+00,1.529164000000000412e+00,2.100000000000000089e+00,0.000000000000000000e+00,0.000000000000000000e+00,0.000000000000000000e+00,1.062303600298659223e+00
4.230999999999999872e+00,1.403000000000000025e+00,1.526591000000000031e+00,2.092000000000000082e+00,0.000000000000000000e+00,0.000000000000000000e+00,0.000000000000000000e+00,1.062787256103787437e+00
4.232000000000000206e+00,1.403000000000000025e+00,1.526591000000000475e+00,2.092000000000000526e+00,0.000000000000000000e+00,0.000000000000000000e+00,0.000000000000000000e+00,1.062787256103787659e+00
4.232999999999999652e+00,1.401999999999999913e+00,1.524396000000000528e+00,2.088000000000000078e+00,0.000000000000000000e+00,0.000000000000000000e+00,0.000000000000000000e+00,1.062268900551688100e+00
4.233999999999999986e+00,1.399999999999999911e+00,1.518000000000000016e+00,2.077999999999999847e+00,0.000000000000000000e+00,0.000000000000000000e+00,0.000000000000000000e+00,1.060204081632653228e+00
4.235000000000000320e+00,1.399000000000000021e+00,1.519798999999999900e+00,2.077999999999999847e+00,0.000000000000000000e+00,0.000000000000000000e+00,0.000000000000000000e+00,1.061720283200345838e+00
4.235999999999999766e+00,1.399000000000000021e+00,1.519798999999999900e+00,2.077999999999999847e+00,0.000000000000000000e+00,0.000000000000000000e+00,0.000000000000000000e+00,1.061720283200345838e+00
4.237000000000000099e+00,1.395999999999999908e+00,1.523184000000000315e+00,2.076000000000000068e+00,0.000000000000000000e+00,0.000000000000000000e+00,0.000000000000000000e+00,1.065262189965599848e+00
4.238000000000000433e+00,1.395000000000000018e+00,1.522974999999999746e+00,2.073999999999999844e+00,0.000000000000000000e+00,0.000000000000000000e+00,0.000000000000000000e+00,1.065762258963784959e+00
4.238999999999999879e+00,1.393000000000000016e+00,1.522550999999999988e+00,2.069999999999999840e+00,0.000000000000000000e+00,0.000000000000000000e+00,0.000000000000000000e+00,1.066763414034586743e+00
4.240000000000000213e+00,1.391999999999999904e+00,1.522336000000000134e+00,2.068000000000000060e+00,0.000000000000000000e+00,0.000000000000000000e+00,0.000000000000000000e+00,1.067264499933941124e+00
4.240999999999999659e+00,1.391000000000000014e+00,1.522118999999999778e+00,2.065999999999999837e+00,0.000000000000000000e+00,0.000000000000000000e+00,0.000000000000000000e+00,1.067765924622754437e+00
4.241999999999999993e+00,1.389999999999999902e+00,1.519900000000000251e+00,2.061999999999999833e+00,0.000000000000000000e+00,0.000000000000000000e+00,0.000000000000000000e+00,1.067232544899332503e+00
4.243000000000000327e+00,1.387000000000000011e+00,1.511230999999999991e+00,2.048000000000000043e+00,0.000000000000000000e+00,0.000000000000000000e+00,0.000000000000000000e+00,1.064576880072399589e+00
4.243999999999999773e+00,1.383999999999999897e+00,1.508544000000000107e+00,2.040000000000000036e+00,0.000000000000000000e+00,0.000000000000000000e+00,0.000000000000000000e+00,1.065020548631761876e+00
4.245000000000000107e+00,1.383000000000000007e+00,1.504310999999999732e+00,2.033999999999999808e+00,0.000000000000000000e+00,0.000000000000000000e+00,0.000000000000000000e+00,1.063424320420099489e+00
4.246000000000000441e+00,1.381999999999999895e+00,1.504075999999999969e+00,2.032000000000000028e+00,0.000000000000000000e+00,0.000000000000000000e+00,0.000000000000000000e+00,1.063916679407138854e+00
4.246999999999999886e+00,1.381999999999999895e+00,1.504075999999999969e+00,2.032000000000000028e+00,0.000000000000000000e+00,0.000000000000000000e+00,0.000000000000000000e+00,1.063916679407138854e+00
4.248000000000000220e+00,1.381000000000000005e+00,1.501838999999999702e+00,2.028000000000000025e+00,0.000000000000000000e+00,0.000000000000000000e+00,0.000000000000000000e+00,1.063360670651297912e+00
4.248999999999999666e+00,1.379999999999999893e+00,1.497600000000000486e+00,2.022000000000000242e+00,0.000000000000000000e+00,0.000000000000000000e+00,0.000000000000000000e+00,1.061751732829237849e+00
4.250000000000000000e+00,1.379000000000000004e+00,1.495358999999999883e+00,2.017999999999999794e+00,0.000000000000000000e+00,0.000000000000000000e+00,0.000000000000000000e+00,1.061188731206363256e+00
4.251000000000000334e+00,1.377999999999999892e+00,1.497116000000000113e+00,2.017999999999999794e+00,0.000000000000000000e+00,0.000000000000000000e+00,0.000000000000000000e+00,1.062729476892743330e+00
4.251999999999999780e+00,1.375999999999999890e+00,1.488623999999999947e+00,2.005999999999999783e+00,0.000000000000000000e+00,0.000000000000000000e+00,0.000000000000000000e+00,1.059483166576527857e+00
4.253000000000000114e+00,1.375000000000000000e+00,1.486374999999999780e+00,2.001999999999999780e+00,0.000000000000000000e+00,0.000000000000000000e+00,0.000000000000000000e+00,1.058909090909090800e+00
4.254000000000000448e+00,1.370999999999999996e+00,1.481358999999999870e+00,1.989999999999999991e+00,0.000000000000000000e+00,0.000000000000000000e+00,0.000000000000000000e+00,1.058712807392475641e+00
4.254999999999999893e+00,1.368999999999999995e+00,1.472839000000000009e+00,1.977999999999999980e+00,0.000000000000000000e+00,0.000000000000000000e+00,0.000000000000000000e+00,1.055405592155636674e+00
4.256000000000000227e+00,1.368000000000000105e+00,1.468575999999999659e+00,1.971999999999999975e+00,0.000000000000000000e+00,0.000000000000000000e+00,0.000000000000000000e+00,1.053743032044047512e+00
4.256999999999999673e+00,1.368000000000000105e+00,1.468575999999999659e+00,1.971999999999999975e+00,0.000000000000000000e+00,0.000000000000000000e+00,0.000000000000000000e+00,1.053743032044047512e+00
4.258000000000000007e+00,1.366000000000000103e+00,1.470043999999999906e+00,1.969999999999999973e+00,0.000000000000000000e+00,0.000000000000000000e+00,0.000000000000000000e+00,1.055759085423235932e+00
4.259000000000000341e+00,1.362000000000000099e+00,1.468955999999999484e+00,1.961999999999999966e+00,0.000000000000000000e+00,0.000000000000000000e+00,0.000000000000000000e+00,1.057656853422344501e+00
4.259999999999999787e+00,1.360000000000000098e+00,1.464399999999999702e+00,1.953999999999999959e+00,0.000000000000000000e+00,0.000000000000000000e+00,0.000000000000000000e+00,1.056444636678200544e+00
4.261000000000000121e+00,1.358000000000000096e+00,1.453835999999999684e+00,1.939999999999999947e+00,0.000000000000000000e+00,0.000000000000000000e+00,0.000000000000000000e+00,1.051967178624026777e+00
4.262000000000000455e+00,1.358000000000000096e+00,1.453835999999999684e+00,1.940000000000000169e+00,0.000000000000000000e+00,0.000000000000000000e+00,0.000000000000000000e+00,1.051967178624026777e+00
4.262999999999999901e+00,1.354999999999999982e+00,1.446974999999999900e+00,1.927999999999999936e+00,0.000000000000000000e+00,0.000000000000000000e+00,0.000000000000000000e+00,1.050094633787666210e+00
4.264000000000000234e+00,1.354000000000000092e+00,1.444683999999999857e+00,1.923999999999999932e+00,0.000000000000000000e+00,0.000000000000000000e+00,0.000000000000000000e+00,1.049464467664057876e+00
4.264999999999999680e+00,1.352000000000000091e+00,1.442095999999999822e+00,1.917999999999999927e+00,0.000000000000000000e+00,0.000000000000000000e+00,0.000000000000000000e+00,1.049289240572808923e+00
4.266000000000000014e+00,1.350000000000000089e+00,1.437499999999999556e+00,1.909999999999999920e+00,0.000000000000000000e+00,0.000000000000000000e+00,0.000000000000000000e+00,1.048010973936899681e+00
4.267000000000000348e+00,1.350000000000000089e+00,1.437499999999999556e+00,1.909999999999999920e+00,0.000000000000000000e+00,0.000000000000000000e+00,0.000000000000000000e+00,1.048010973936899681e+00
4.267999999999999794e+00,1.348999999999999977e+00,1.433199000000000112e+00,1.903999999999999915e+00,0.000000000000000000e+00,0.000000000000000000e+00,0.000000000000000000e+00,1.046268245813690489e+00
4.269000000000000128e+00,1.346999999999999975e+00,1.428590999999999944e+00,1.895999999999999908e+00,0.000000000000000000e+00,0.000000000000000000e+00,0.000000000000000000e+00,1.044968361598735518e+00
4.270000000000000462e+00,1.342999999999999972e+00,1.421350999999999809e+00,1.881999999999999895e+00,0.000000000000000000e+00,0.000000000000000000e+00,0.000000000000000000e+00,1.043440270252138813e+00
4.270999999999999908e+00,1.340000000000000080e+00,1.418400000000000105e+00,1.874000000000000110e+00,0.000000000000000000e+00,0.000000000000000000e+00,0.000000000000000000e+00,1.043662285586990368e+00
4.272000000000000242e+00,1.338999999999999968e+00,1.420079000000000091e+00,1.874000000000000110e+00,0.000000000000000000e+00,0.000000000000000000e+00,0.000000000000000000e+00,1.045221735927015283e+00
4.272999999999999687e+00,1.336000000000000076e+00,1.411103999999999914e+00,1.860000000000000098e+00,0.000000000000000000e+00,0.000000000000000000e+00,0.000000000000000000e+00,1.042077521603499424e+00
4.274000000000000021e+00,1.336000000000000076e+00,1.411103999999999914e+00,1.860000000000000098e+00,0.000000000000000000e+00,0.000000000000000000e+00,0.000000000000000000e+00,1.042077521603499424e+00
4.275000000000000355e+00,1.334000000000000075e+00,1.410444000000000253e+00,1.856000000000000094e+00,0.000000000000000000e+00,0.000000000000000000e+00,0.000000000000000000e+00,1.042956782478326128e+00
4.275999999999999801e+00,1.334000000000000075e+00,1.410444000000000253e+00,1.856000000000000094e+00,0.000000000000000000e+00,0.000000000000000000e+00,0.000000000000000000e+00,1.042956782478326128e+00
4.277000000000000135e+00,1.332999999999999963e+00,1.408111000000000113e+00,1.852000000000000091e+00,0.000000000000000000e+00,0.000000000000000000e+00,0.000000000000000000e+00,1.042271070393254728e+00
4.278000000000000469e+00,1.332000000000000073e+00,1.403775999999999691e+00,1.846000000000000085e+00,0.000000000000000000e+00,0.000000000000000000e+00,0.000000000000000000e+00,1.040454869283698125e+00
4.278999999999999915e+00,1.332000000000000073e+00,1.403775999999999691e+00,1.846000000000000085e+00,0.000000000000000000e+00,0.000000000000000000e+00,0.000000000000000000e+00,1.040454869283698125e+00
4.280000000000000249e+00,1.332000000000000073e+00,1.403775999999999691e+00,1.846000000000000085e+00,0.000000000000000000e+00,0.000000000000000000e+00,0.000000000000000000e+00,1.040454869283698125e+00
4.280999999999999694e+00,1.332000000000000073e+00,1.403775999999999691e+00,1.846000000000000085e+00,0.000000000000000000e+00,0.000000000000000000e+00,0.000000000000000000e+00,1.040454869283698125e+00
4.282000000000000028e+00,1.330999999999999961e+00,1.401439000000000101e+00,1.842000000000000082e+00,0.000000000000000000e+00,0.000000000000000000e+00,0.000000000000000000e+00,1.039760979159058074e+00
4.283000000000000362e+00,1.330999999999999961e+00,1.401439000000000101e+00,1.842000000000000082e+00,0.000000000000000000e+00,0.000000000000000000e+00,0.000000000000000000e+00,1.039760979159058074e+00
4.283999999999999808e+00,1.330000000000000071e+00,1.401099999999999790e+00,1.840000000000000080e+00,0.000000000000000000e+00,0.000000000000000000e+00,0.000000000000000000e+00,1.040194471140256649e+00
4.285000000000000142e+00,1.328000000000000069e+00,1.398415999999999659e+00,1.834000000000000075e+00,0.000000000000000000e+00,0.000000000000000000e+00,0.000000000000000000e+00,1.039927783422847973e+00
4.286000000000000476e+00,1.324000000000000066e+00,1.399024000000000045e+00,1.828000000000000069e+00,0.000000000000000000e+00,0.000000000000000000e+00,0.000000000000000000e+00,1.042798075957685588e+00
4.286999999999999922e+00,1.320000000000000062e+00,1.391600000000000170e+00,1.814000000000000057e+00,0.000000000000000000e+00,0.000000000000000000e+00,0.000000000000000000e+00,1.041092745638200201e+00
4.288000000000000256e+00,1.318999999999999950e+00,1.391239000000000336e+00,1.812000000000000055e+00,0.000000000000000000e+00,0.000000000000000000e+00,0.000000000000000000e+00,1.041522370026687572e+00
4.288999999999999702e+00,1.318999999999999950e+00,1.391239000000000336e+00,1.812000000000000055e+00,0.000000000000000000e+00,0.000000000000000000e+00,0.000000000000000000e+00,1.041522370026687572e+00
4.290000000000000036e+00,1.318000000000000060e+00,1.390876000000000001e+00,1.810000000000000053e+00,0.000000000000000000e+00,0.000000000000000000e+00,0.000000000000000000e+00,1.041952100137929049e+00
4.291000000000000369e+00,1.318000000000000060e+00,1.390876000000000001e+00,1.810000000000000053e+00,0.000000000000000000e+00,0.000000000000000000e+00,0.000000000000000000e+00,1.041952100137929049e+00
4.291999999999999815e+00,1.316999999999999948e+00,1.390511000000000053e+00,1.808000000000000052e+00,0.000000000000000000e+00,0.000000000000000000e+00,0.000000000000000000e+00,1.042381934967590018e+00
4.293000000000000149e+00,1.316000000000000059e+00,1.388144000000000045e+00,1.804000000000000048e+00,0.000000000000000000e+00,0.000000000000000000e+00,0.000000000000000000e+00,1.041657043079794231e+00
4.294000000000000483e+00,1.312000000000000055e+00,1.382655999999999885e+00,1.792000000000000037e+00,0.000000000000000000e+00,0.000000000000000000e+00,0.000000000000000000e+00,1.041046995835811950e+00
4.294999999999999929e+00,1.312000000000000055e+00,1.382655999999999885e+00,1.792000000000000037e+00,0.000000000000000000e+00,0.000000000000000000e+00,0.000000000000000000e+00,1.041046995835811950e+00
4.296000000000000263e+00,1.310000000000000053e+00,1.383899999999999908e+00,1.790000000000000036e+00,0.000000000000000000e+00,0.000000000000000000e+00,0.000000000000000000e+00,1.043062758580502125e+00
4.296999999999999709e+00,1.308999999999999941e+00,1.381518999999999942e+00,1.786000000000000032e+00,0.000000000000000000e+00,0.000000000000000000e+00,0.000000000000000000e+00,1.042322616941769642e+00
4.298000000000000043e+00,1.306000000000000050e+00,1.376363999999999699e+00,1.776000000000000023e+00,0.000000000000000000e+00,0.000000000000000000e+00,0.000000000000000000e+00,1.041253819689546889e+00
4.299000000000000377e+00,1.306000000000000050e+00,1.376363999999999699e+00,1.776000000000000023e+00,0.000000000000000000e+00,0.000000000000000000e+00,0.000000000000000000e+00,1.041253819689546889e+00
4.299999999999999822e+00,1.306000000000000050e+00,1.376363999999999699e+00,1.776000000000000023e+00,0.000000000000000000e+00,0.000000000000000000e+00,0.000000000000000000e+00,1.041253819689546889e+00
4.301000000000000156e+00,1.304000000000000048e+00,1.373583999999999694e+00,1.770000000000000018e+00,0.000000000000000000e+00,0.000000000000000000e+00,0.000000000000000000e+00,1.040921750912717769e+00
4.302000000000000490e+00,1.304000000000000048e+00,1.373583999999999694e+00,1.770000000000000018e+00,0.000000000000000000e+00,0.000000000000000000e+00,0.000000000000000000e+00,1.040921750912717769e+00
4.302999999999999936e+00,1.300999999999999934e+00,1.368399000000000143e+00,1.760000000000000009e+00,0.000000000000000000e+00,0.000000000000000000e+00,0.000000000000000000e+00,1.039819780326255438e+00
4.304000000000000270e+00,1.300000000000000044e+00,1.367999999999999661e+00,1.758000000000000007e+00,0.000000000000000000e+00,0.000000000000000000e+00,0.000000000000000000e+00,1.040236686390532350e+00
4.304999999999999716e+00,1.296999999999999931e+00,1.366791000000000089e+00,1.752000000000000002e+00,0.000000000000000000e+00,0.000000000000000000e+00,0.000000000000000000e+00,1.041487710504461761e+00
4.306000000000000050e+00,1.296999999999999931e+00,1.366791000000000089e+00,1.752000000000000002e+00,0.000000000000000000e+00,0.000000000000000000e+00,0.000000000000000000e+00,1.041487710504461761e+00
4.307000000000000384e+00,1.296999999999999931e+00,1.366791000000000533e+00,1.752000000000000224e+00,0.000000000000000000e+00,0.000000000000000000e+00,0.000000000000000000e+00,1.041487710504461983e+00
4.307999999999999829e+00,1.294000000000000039e+00,1.363564000000000220e+00,1.743999999999999995e+00,0.000000000000000000e+00,0.000000000000000000e+00,0.000000000000000000e+00,1.041544735063030247e+00
4.309000000000000163e+00,1.292999999999999927e+00,1.365151000000000003e+00,1.744000000000000217e+00,0.000000000000000000e+00,0.000000000000000000e+00,0.000000000000000000e+00,1.043156409460423983e+00
4.310000000000000497e+00,1.290999999999999925e+00,1.362319000000000058e+00,1.737999999999999989e+00,0.000000000000000000e+00,0.000000000000000000e+00,0.000000000000000000e+00,1.042791031997124973e+00
4.310999999999999943e+00,1.290000000000000036e+00,1.363899999999999890e+00,1.737999999999999989e+00,0.000000000000000000e+00,0.000000000000000000e+00,0.000000000000000000e+00,1.044408388918935060e+00
4.312000000000000277e+00,1.288999999999999924e+00,1.365479000000000331e+00,1.738000000000000211e+00,0.000000000000000000e+00,0.000000000000000000e+00,0.000000000000000000e+00,1.046029511513848043e+00
4.312999999999999723e+00,1.288000000000000034e+00,1.363056000000000045e+00,1.733999999999999986e+00,0.000000000000000000e+00,0.000000000000000000e+00,0.000000000000000000e+00,1.045243239072566555e+00
4.314000000000000057e+00,1.288000000000000034e+00,1.363056000000000045e+00,1.734000000000000208e+00,0.000000000000000000e+00,0.000000000000000000e+00,0.000000000000000000e+00,1.045243239072566555e+00
4.315000000000000391e+00,1.288000000000000034e+00,1.363056000000000045e+00,1.734000000000000208e+00,0.000000000000000000e+00,0.000000000000000000e+00,0.000000000000000000e+00,1.045243239072566555e+00
4.315999999999999837e+00,1.286999999999999922e+00,1.364631000000000149e+00,1.733999999999999986e+00,0.000000000000000000e+00,0.000000000000000000e+00,0.000000000000000000e+00,1.046868179735312765e+00
4.317000000000000171e+00,1.284000000000000030e+00,1.357344000000000106e+00,1.722000000000000197e+00,0.000000000000000000e+00,0.000000000000000000e+00,0.000000000000000000e+00,1.044487145893382207e+00
4.318000000000000504e+00,1.284000000000000030e+00,1.357344000000000106e+00,1.721999999999999975e+00,0.000000000000000000e+00,0.000000000000000000e+00,0.000000000000000000e+00,1.044487145893382207e+00
4.318999999999999950e+00,1.282999999999999918e+00,1.358911000000000202e+00,1.721999999999999975e+00,0.000000000000000000e+00,0.000000000000000000e+00,0.000000000000000000e+00,1.046115975503147277e+00
4.320000000000000284e+00,1.282000000000000028e+00,1.356476000000000015e+00,1.717999999999999972e+00,0.000000000000000000e+00,0.000000000000000000e+00,0.000000000000000000e+00,1.045314823513377345e+00
4.320999999999999730e+00,1.278999999999999915e+00,1.351159000000000221e+00,1.707999999999999963e+00,0.000000000000000000e+00,0.000000000000000000e+00,0.000000000000000000e+00,1.044111255311488184e+00
4.322000000000000064e+00,1.278000000000000025e+00,1.352716000000000252e+00,1.708000000000000185e+00,0.000000000000000000e+00,0.000000000000000000e+00,0.000000000000000000e+00,1.045745871507955949e+00
4.323000000000000398e+00,1.276999999999999913e+00,1.352270999999999779e+00,1.705999999999999961e+00,0.000000000000000000e+00,0.000000000000000000e+00,0.000000000000000000e+00,1.046157883989307980e+00
4.323999999999999844e+00,1.274999999999999911e+00,1.349374999999999769e+00,1.699999999999999956e+00,0.000000000000000000e+00,0.000000000000000000e+00,0.000000000000000000e+00,1.045751633986928164e+00
4.325000000000000178e+00,1.272999999999999909e+00,1.350471000000000421e+00,1.697999999999999954e+00,0.000000000000000000e+00,0.000000000000000000e+00,0.000000000000000000e+00,1.047805994215469383e+00
4.326000000000000512e+00,1.270999999999999908e+00,1.345559000000000616e+00,1.690000000000000169e+00,0.000000000000000000e+00,0.000000000000000000e+00,0.000000000000000000e+00,1.046153960435571850e+00
4.326999999999999957e+00,1.270000000000000018e+00,1.345100000000000184e+00,1.687999999999999945e+00,0.000000000000000000e+00,0.000000000000000000e+00,0.000000000000000000e+00,1.046562093124186132e+00
4.328000000000000291e+00,1.268999999999999906e+00,1.346639000000000141e+00,1.687999999999999945e+00,0.000000000000000000e+00,0.000000000000000000e+00,0.000000000000000000e+00,1.048212171059781150e+00
4.328999999999999737e+00,1.268000000000000016e+00,1.348176000000000263e+00,1.688000000000000167e+00,0.000000000000000000e+00,0.000000000000000000e+00,0.000000000000000000e+00,1.049866154504473181e+00
4.330000000000000071e+00,1.268000000000000016e+00,1.348175999999999819e+00,1.687999999999999945e+00,0.000000000000000000e+00,0.000000000000000000e+00,0.000000000000000000e+00,1.049866154504472959e+00
4.331000000000000405e+00,1.264999999999999902e+00,1.344775000000000054e+00,1.679999999999999938e+00,0.000000000000000000e+00,0.000000000000000000e+00,0.000000000000000000e+00,1.049852364511240754e+00
4.331999999999999851e+00,1.264999999999999902e+00,1.344775000000000498e+00,1.680000000000000160e+00,0.000000000000000000e+00,0.000000000000000000e+00,0.000000000000000000e+00,1.049852364511240754e+00
4.333000000000000185e+00,1.264000000000000012e+00,1.342303999999999942e+00,1.675999999999999934e+00,0.000000000000000000e+00,0.000000000000000000e+00,0.000000000000000000e+00,1.049010575228328745e+00
4.334000000000000519e+00,1.262000000000000011e+00,1.343355999999999995e+00,1.673999999999999932e+00,0.000000000000000000e+00,0.000000000000000000e+00,0.000000000000000000e+00,1.051082351109224655e+00
4.334999999999999964e+00,1.262000000000000011e+00,1.343355999999999995e+00,1.673999999999999932e+00,0.000000000000000000e+00,0.000000000000000000e+00,0.000000000000000000e+00,1.051082351109224655e+00
4.336000000000000298e+00,1.262000000000000011e+00,1.343355999999999995e+00,1.673999999999999932e+00,0.000000000000000000e+00,0.000000000000000000e+00,0.000000000000000000e+00,1.051082351109224655e+00
4.336999999999999744e+00,1.262000000000000011e+00,1.343355999999999995e+00,1.673999999999999932e+00,0.000000000000000000e+00,0.000000000000000000e+00,0.000000000000000000e+00,1.051082351109224655e+00
4.338000000000000078e+00,1.258999999999999897e+00,1.339919000000000082e+00,1.665999999999999925e+00,0.000000000000000000e+00,0.000000000000000000e+00,0.000000000000000000e+00,1.051050387961246280e+00
4.339000000000000412e+00,1.256999999999999895e+00,1.340951000000000004e+00,1.663999999999999924e+00,0.000000000000000000e+00,0.000000000000000000e+00,0.000000000000000000e+00,1.053131896542448986e+00
4.339999999999999858e+00,1.256999999999999895e+00,1.340951000000000004e+00,1.663999999999999924e+00,0.000000000000000000e+00,0.000000000000000000e+00,0.000000000000000000e+00,1.053131896542448986e+00
4.341000000000000192e+00,1.254999999999999893e+00,1.337975000000000136e+00,1.657999999999999918e+00,0.000000000000000000e+00,0.000000000000000000e+00,0.000000000000000000e+00,1.052681703465024432e+00
4.342000000000000526e+00,1.254000000000000004e+00,1.333483999999999670e+00,1.651999999999999913e+00,0.000000000000000000e+00,0.000000000000000000e+00,0.000000000000000000e+00,1.050545749613994273e+00
4.342999999999999972e+00,1.252000000000000002e+00,1.332495999999999903e+00,1.647999999999999909e+00,0.000000000000000000e+00,0.000000000000000000e+00,0.000000000000000000e+00,1.051352979003562282e+00
4.344000000000000306e+00,1.250999999999999890e+00,1.327999000000000152e+00,1.641999999999999904e+00,0.000000000000000000e+00,0.000000000000000000e+00,0.000000000000000000e+00,1.049200607539548136e+00
4.344999999999999751e+00,1.249000000000000110e+00,1.326998999999999818e+00,1.637999999999999901e+00,0.000000000000000000e+00,0.000000000000000000e+00,0.000000000000000000e+00,1.049999326923508169e+00
4.346000000000000085e+00,1.247000000000000108e+00,1.321990999999999472e+00,1.629999999999999893e+00,0.000000000000000000e+00,0.000000000000000000e+00,0.000000000000000000e+00,1.048225444354341063e+00
4.347000000000000419e+00,1.245000000000000107e+00,1.320974999999999788e+00,1.625999999999999890e+00,0.000000000000000000e+00,0.000000000000000000e+00,0.000000000000000000e+00,1.049015338462282676e+00
4.347999999999999865e+00,1.245000000000000107e+00,1.320974999999999788e+00,1.625999999999999890e+00,0.000000000000000000e+00,0.000000000000000000e+00,0.000000000000000000e+00,1.049015338462282676e+00
4.349000000000000199e+00,1.243000000000000105e+00,1.319950999999999874e+00,1.622000000000000108e+00,0.000000000000000000e+00,0.000000000000000000e+00,0.000000000000000000e+00,1.049804892919253607e+00
4.350000000000000533e+00,1.239000000000000101e+00,1.315878999999999799e+00,1.612000000000000099e+00,0.000000000000000000e+00,0.000000000000000000e+00,0.000000000000000000e+00,1.050080091406475402e+00
4.350999999999999979e+00,1.237000000000000099e+00,1.312830999999999637e+00,1.606000000000000094e+00,0.000000000000000000e+00,0.000000000000000000e+00,0.000000000000000000e+00,1.049557271124953894e+00
4.352000000000000313e+00,1.235999999999999988e+00,1.314304000000000139e+00,1.606000000000000094e+00,0.000000000000000000e+00,0.000000000000000000e+00,0.000000000000000000e+00,1.051256270881117727e+00
4.352999999999999758e+00,1.235999999999999988e+00,1.314304000000000139e+00,1.606000000000000094e+00,0.000000000000000000e+00,0.000000000000000000e+00,0.000000000000000000e+00,1.051256270881117727e+00
4.354000000000000092e+00,1.235999999999999988e+00,1.314304000000000139e+00,1.606000000000000094e+00,0.000000000000000000e+00,0.000000000000000000e+00,0.000000000000000000e+00,1.051256270881117727e+00
4.355000000000000426e+00,1.235999999999999988e+00,1.314304000000000139e+00,1.606000000000000094e+00,0.000000000000000000e+00,0.000000000000000000e+00,0.000000000000000000e+00,1.051256270881117727e+00
4.355999999999999872e+00,1.235000000000000098e+00,1.307774999999999910e+00,1.598000000000000087e+00,0.000000000000000000e+00,0.000000000000000000e+00,0.000000000000000000e+00,1.047714271664836216e+00
4.357000000000000206e+00,1.235000000000000098e+00,1.307774999999999910e+00,1.598000000000000087e+00,0.000000000000000000e+00,0.000000000000000000e+00,0.000000000000000000e+00,1.047714271664836216e+00
4.357999999999999652e+00,1.231999999999999984e+00,1.304176000000000002e+00,1.590000000000000080e+00,0.000000000000000000e+00,0.000000000000000000e+00,0.000000000000000000e+00,1.047552285376960768e+00
4.358999999999999986e+00,1.231999999999999984e+00,1.304176000000000002e+00,1.590000000000000080e+00,0.000000000000000000e+00,0.000000000000000000e+00,0.000000000000000000e+00,1.047552285376960768e+00
4.360000000000000320e+00,1.231000000000000094e+00,1.305638999999999994e+00,1.590000000000000080e+00,0.000000000000000000e+00,0.000000000000000000e+00,0.000000000000000000e+00,1.049254930013376219e+00
4.360999999999999766e+00,1.227999999999999980e+00,1.310016000000000069e+00,1.590000000000000080e+00,0.000000000000000000e+00,0.000000000000000000e+00,0.000000000000000000e+00,1.054387844963872389e+00
4.362000000000000099e+00,1.227000000000000091e+00,1.309471000000000274e+00,1.588000000000000078e+00,0.000000000000000000e+00,0.000000000000000000e+00,0.000000000000000000e+00,1.054778752186108726e+00
4.363000000000000433e+00,1.223999999999999977e+00,1.301823999999999870e+00,1.576000000000000068e+00,0.000000000000000000e+00,0.000000000000000000e+00,0.000000000000000000e+00,1.051945832799350722e+00
4.363999999999999879e+00,1.223999999999999977e+00,1.301824000000000314e+00,1.576000000000000290e+00,0.000000000000000000e+00,0.000000000000000000e+00,0.000000000000000000e+00,1.051945832799350944e+00
4.365000000000000213e+00,1.221999999999999975e+00,1.300716000000000205e+00,1.572000000000000064e+00,0.000000000000000000e+00,0.000000000000000000e+00,0.000000000000000000e+00,1.052713348565979645e+00
4.365999999999999659e+00,1.221999999999999975e+00,1.300716000000000205e+00,1.572000000000000064e+00,0.000000000000000000e+00,0.000000000000000000e+00,0.000000000000000000e+00,1.052713348565979645e+00
4.366999999999999993e+00,1.221000000000000085e+00,1.298158999999999841e+00,1.568000000000000060e+00,0.000000000000000000e+00,0.000000000000000000e+00,0.000000000000000000e+00,1.051755351509651160e+00
4.368000000000000327e+00,1.219000000000000083e+00,1.299038999999999833e+00,1.566000000000000059e+00,0.000000000000000000e+00,0.000000000000000000e+00,0.000000000000000000e+00,1.053863459404385194e+00
4.368999999999999773e+00,1.219000000000000083e+00,1.299038999999999833e+00,1.566000000000000059e+00,0.000000000000000000e+00,0.000000000000000000e+00,0.000000000000000000e+00,1.053863459404385194e+00
4.370000000000000107e+00,1.217000000000000082e+00,1.295911000000000035e+00,1.560000000000000275e+00,0.000000000000000000e+00,0.000000000000000000e+00,0.000000000000000000e+00,1.053279039949658769e+00
4.371000000000000441e+00,1.213999999999999968e+00,1.290204000000000351e+00,1.550000000000000266e+00,0.000000000000000000e+00,0.000000000000000000e+00,0.000000000000000000e+00,1.051705934878368831e+00
4.371999999999999886e+00,1.213000000000000078e+00,1.283630999999999744e+00,1.542000000000000037e+00,0.000000000000000000e+00,0.000000000000000000e+00,0.000000000000000000e+00,1.048003593931909672e+00
4.373000000000000220e+00,1.209999999999999964e+00,1.277900000000000036e+00,1.532000000000000028e+00,0.000000000000000000e+00,0.000000000000000000e+00,0.000000000000000000e+00,1.046376613619288243e+00
4.373999999999999666e+00,1.209999999999999964e+00,1.277900000000000036e+00,1.532000000000000028e+00,0.000000000000000000e+00,0.000000000000000000e+00,0.000000000000000000e+00,1.046376613619288243e+00
4.375000000000000000e+00,1.207000000000000073e+00,1.270151000000000030e+00,1.520000000000000018e+00,0.000000000000000000e+00,0.000000000000000000e+00,0.000000000000000000e+00,1.043347663347402365e+00
4.376000000000000334e+00,1.205999999999999961e+00,1.271564000000000139e+00,1.520000000000000018e+00,0.000000000000000000e+00,0.000000000000000000e+00,0.000000000000000000e+00,1.045078642167823313e+00
4.376999999999999780e+00,1.205000000000000071e+00,1.270974999999999744e+00,1.518000000000000016e+00,0.000000000000000000e+00,0.000000000000000000e+00,0.000000000000000000e+00,1.045436545514023541e+00
4.378000000000000114e+00,1.203000000000000069e+00,1.265790999999999888e+00,1.510000000000000009e+00,0.000000000000000000e+00,0.000000000000000000e+00,0.000000000000000000e+00,1.043387651679888561e+00
4.379000000000000448e+00,1.201999999999999957e+00,1.265195999999999987e+00,1.508000000000000007e+00,0.000000000000000000e+00,0.000000000000000000e+00,0.000000000000000000e+00,1.043740188980650574e+00
4.379999999999999893e+00,1.201000000000000068e+00,1.266598999999999808e+00,1.508000000000000007e+00,0.000000000000000000e+00,0.000000000000000000e+00,0.000000000000000000e+00,1.045479031143211612e+00
4.381000000000000227e+00,1.201000000000000068e+00,1.266598999999999808e+00,1.508000000000000007e+00,0.000000000000000000e+00,0.000000000000000000e+00,0.000000000000000000e+00,1.045479031143211612e+00
4.381999999999999673e+00,1.201000000000000068e+00,1.266598999999999808e+00,1.508000000000000007e+00,0.000000000000000000e+00,0.000000000000000000e+00,0.000000000000000000e+00,1.045479031143211612e+00
4.383000000000000007e+00,1.197000000000000064e+00,1.264190999999999843e+00,1.500000000000000000e+00,0.000000000000000000e+00,0.000000000000000000e+00,0.000000000000000000e+00,1.046894596558229251e+00
4.384000000000000341e+00,1.197000000000000064e+00,1.264190999999999843e+00,1.500000000000000000e+00,0.000000000000000000e+00,0.000000000000000000e+00,0.000000000000000000e+00,1.046894596558229251e+00
4.384999999999999787e+00,1.195999999999999952e+00,1.263584000000000040e+00,1.497999999999999998e+00,0.000000000000000000e+00,0.000000000000000000e+00,0.000000000000000000e+00,1.047247793648840686e+00
4.386000000000000121e+00,1.195000000000000062e+00,1.258975000000000177e+00,1.491999999999999993e+00,0.000000000000000000e+00,0.000000000000000000e+00,0.000000000000000000e+00,1.044799635860716558e+00
4.387000000000000455e+00,1.195000000000000062e+00,1.258975000000000177e+00,1.491999999999999993e+00,0.000000000000000000e+00,0.000000000000000000e+00,0.000000000000000000e+00,1.044799635860716558e+00
4.387999999999999901e+00,1.191000000000000059e+00,1.244519000000000153e+00,1.471999999999999975e+00,0.000000000000000000e+00,0.000000000000000000e+00,0.000000000000000000e+00,1.037729796874261812e+00
4.389000000000000234e+00,1.189999999999999947e+00,1.243900000000000228e+00,1.469999999999999973e+00,0.000000000000000000e+00,0.000000000000000000e+00,0.000000000000000000e+00,1.038062283737024361e+00
4.389999999999999680e+00,1.187999999999999945e+00,1.242655999999999983e+00,1.465999999999999970e+00,0.000000000000000000e+00,0.000000000000000000e+00,0.000000000000000000e+00,1.038726207076375418e+00
4.391000000000000014e+00,1.185999999999999943e+00,1.239403999999999950e+00,1.459999999999999964e+00,0.000000000000000000e+00,0.000000000000000000e+00,0.000000000000000000e+00,1.037966836248645608e+00
4.392000000000000348e+00,1.185000000000000053e+00,1.232774999999999954e+00,1.451999999999999957e+00,0.000000000000000000e+00,0.000000000000000000e+00,0.000000000000000000e+00,1.034022325482027327e+00
4.392999999999999794e+00,1.185000000000000053e+00,1.232774999999999954e+00,1.451999999999999957e+00,0.000000000000000000e+00,0.000000000000000000e+00,0.000000000000000000e+00,1.034022325482027327e+00
4.394000000000000128e+00,1.183999999999999941e+00,1.234144000000000352e+00,1.451999999999999957e+00,0.000000000000000000e+00,0.000000000000000000e+00,0.000000000000000000e+00,1.035769722425127881e+00
4.395000000000000462e+00,1.183999999999999941e+00,1.234144000000000352e+00,1.451999999999999957e+00,0.000000000000000000e+00,0.000000000000000000e+00,0.000000000000000000e+00,1.035769722425127881e+00
4.395999999999999908e+00,1.183999999999999941e+00,1.234144000000000352e+00,1.451999999999999957e+00,0.000000000000000000e+00,0.000000000000000000e+00,0.000000000000000000e+00,1.035769722425127881e+00
4.397000000000000242e+00,1.183999999999999941e+00,1.234144000000000352e+00,1.451999999999999957e+00,0.000000000000000000e+00,0.000000000000000000e+00,0.000000000000000000e+00,1.035769722425127881e+00
4.397999999999999687e+00,1.183000000000000052e+00,1.235510999999999582e+00,1.451999999999999957e+00,0.000000000000000000e+00,0.000000000000000000e+00,0.000000000000000000e+00,1.037521552509522937e+00
4.399000000000000021e+00,1.181999999999999940e+00,1.236876000000000086e+00,1.451999999999999957e+00,0.000000000000000000e+00,0.000000000000000000e+00,0.000000000000000000e+00,1.039277830743728037e+00
4.400000000000000355e+00,1.181999999999999940e+00,1.236876000000000086e+00,1.451999999999999957e+00,0.000000000000000000e+00,0.000000000000000000e+00,0.000000000000000000e+00,1.039277830743728037e+00
4.400999999999999801e+00,1.177000000000000046e+00,1.219670999999999950e+00,1.427999999999999936e+00,0.000000000000000000e+00,0.000000000000000000e+00,0.000000000000000000e+00,1.030802069400120757e+00
4.402000000000000135e+00,1.175999999999999934e+00,1.219024000000000107e+00,1.425999999999999934e+00,0.000000000000000000e+00,0.000000000000000000e+00,0.000000000000000000e+00,1.031109722800685136e+00
4.403000000000000469e+00,1.173000000000000043e+00,1.221070999999999795e+00,1.423999999999999932e+00,0.000000000000000000e+00,0.000000000000000000e+00,0.000000000000000000e+00,1.034937122482337157e+00
4.403999999999999915e+00,1.169999999999999929e+00,1.215099999999999847e+00,1.413999999999999924e+00,0.000000000000000000e+00,0.000000000000000000e+00,0.000000000000000000e+00,1.032946161151289566e+00
4.405000000000000249e+00,1.169999999999999929e+00,1.215099999999999847e+00,1.413999999999999924e+00,0.000000000000000000e+00,0.000000000000000000e+00,0.000000000000000000e+00,1.032946161151289566e+00
4.405999999999999694e+00,1.167999999999999927e+00,1.215776000000000190e+00,1.411999999999999922e+00,0.000000000000000000e+00,0.000000000000000000e+00,0.000000000000000000e+00,1.035020641771439376e+00
4.407000000000000028e+00,1.167999999999999927e+00,1.215776000000000190e+00,1.411999999999999922e+00,0.000000000000000000e+00,0.000000000000000000e+00,0.000000000000000000e+00,1.035020641771439376e+00
4.408000000000000362e+00,1.167000000000000037e+00,1.217110999999999610e+00,1.411999999999999922e+00,0.000000000000000000e+00,0.000000000000000000e+00,0.000000000000000000e+00,1.036795216056521252e+00
4.408999999999999808e+00,1.165000000000000036e+00,1.219774999999999832e+00,1.411999999999999922e+00,0.000000000000000000e+00,0.000000000000000000e+00,0.000000000000000000e+00,1.040358083589677296e+00
4.410000000000000142e+00,1.165000000000000036e+00,1.219774999999999832e+00,1.411999999999999922e+00,0.000000000000000000e+00,0.000000000000000000e+00,0.000000000000000000e+00,1.040358083589677296e+00
4.411000000000000476e+00,1.165000000000000036e+00,1.219774999999999832e+00,1.411999999999999922e+00,0.000000000000000000e+00,0.000000000000000000e+00,0.000000000000000000e+00,1.040358083589677296e+00
4.411999999999999922e+00,1.161999999999999922e+00,1.219756000000000062e+00,1.407999999999999918e+00,0.000000000000000000e+00,0.000000000000000000e+00,0.000000000000000000e+00,1.042774491129010883e+00
4.413000000000000256e+00,1.161000000000000032e+00,1.215078999999999576e+00,1.401999999999999913e+00,0.000000000000000000e+00,0.000000000000000000e+00,0.000000000000000000e+00,1.040120303786349343e+00
4.413999999999999702e+00,1.161000000000000032e+00,1.215078999999999576e+00,1.401999999999999913e+00,0.000000000000000000e+00,0.000000000000000000e+00,0.000000000000000000e+00,1.040120303786349343e+00
4.415000000000000036e+00,1.161000000000000032e+00,1.215078999999999576e+00,1.401999999999999913e+00,0.000000000000000000e+00,0.000000000000000000e+00,0.000000000000000000e+00,1.040120303786349343e+00
4.416000000000000369e+00,1.157999999999999918e+00,1.215036000000000227e+00,1.397999999999999909e+00,0.000000000000000000e+00,0.000000000000000000e+00,0.000000000000000000e+00,1.042533580319829678e+00
4.416999999999999815e+00,1.155000000000000027e+00,1.212974999999999692e+00,1.391999999999999904e+00,0.000000000000000000e+00,0.000000000000000000e+00,0.000000000000000000e+00,1.043458705796368013e+00
4.418000000000000149e+00,1.153999999999999915e+00,1.210283999999999915e+00,1.387999999999999901e+00,0.000000000000000000e+00,0.000000000000000000e+00,0.000000000000000000e+00,1.042264266555331664e+00
4.419000000000000483e+00,1.153999999999999915e+00,1.210283999999999915e+00,1.387999999999999901e+00,0.000000000000000000e+00,0.000000000000000000e+00,0.000000000000000000e+00,1.042264266555331664e+00
4.419999999999999929e+00,1.153000000000000025e+00,1.207590999999999859e+00,1.384000000000000119e+00,0.000000000000000000e+00,0.000000000000000000e+00,0.000000000000000000e+00,1.041064111947489490e+00
4.421000000000000263e+00,1.153000000000000025e+00,1.207590999999999859e+00,1.383999999999999897e+00,0.000000000000000000e+00,0.000000000000000000e+00,0.000000000000000000e+00,1.041064111947489268e+00
4.421999999999999709e+00,1.149999999999999911e+00,1.205499999999999794e+00,1.377999999999999892e+00,0.000000000000000000e+00,0.000000000000000000e+00,0.000000000000000000e+00,1.041965973534971779e+00
4.423000000000000043e+00,1.149000000000000021e+00,1.200799000000000394e+00,1.372000000000000330e+00,0.000000000000000000e+00,0.000000000000000000e+00,0.000000000000000000e+00,1.039235692140818124e+00
4.424000000000000377e+00,1.147999999999999909e+00,1.202096000000000275e+00,1.372000000000000108e+00,0.000000000000000000e+00,0.000000000000000000e+00,0.000000000000000000e+00,1.041046995835812394e+00
4.424999999999999822e+00,1.145999999999999908e+00,1.202684000000000308e+00,1.370000000000000107e+00,0.000000000000000000e+00,0.000000000000000000e+00,0.000000000000000000e+00,1.043160975728613993e+00
4.426000000000000156e+00,1.145999999999999908e+00,1.202684000000000308e+00,1.370000000000000329e+00,0.000000000000000000e+00,0.000000000000000000e+00,0.000000000000000000e+00,1.043160975728614215e+00
4.427000000000000490e+00,1.143999999999999906e+00,1.197264000000000550e+00,1.362000000000000099e+00,0.000000000000000000e+00,0.000000000000000000e+00,0.000000000000000000e+00,1.040698811677833069e+00
4.427999999999999936e+00,1.141999999999999904e+00,1.189835999999999894e+00,1.352000000000000091e+00,0.000000000000000000e+00,0.000000000000000000e+00,0.000000000000000000e+00,1.036679436021850087e+00
4.429000000000000270e+00,1.141000000000000014e+00,1.189119000000000481e+00,1.350000000000000311e+00,0.000000000000000000e+00,0.000000000000000000e+00,0.000000000000000000e+00,1.036961135464762318e+00
4.429999999999999716e+00,1.139000000000000012e+00,1.187679000000000373e+00,1.346000000000000085e+00,0.000000000000000000e+00,0.000000000000000000e+00,0.000000000000000000e+00,1.037522710262148040e+00
4.431000000000000050e+00,1.137999999999999901e+00,1.174955999999999889e+00,1.332000000000000073e+00,0.000000000000000000e+00,0.000000000000000000e+00,0.000000000000000000e+00,1.028536482158135312e+00
4.432000000000000384e+00,1.137999999999999901e+00,1.174955999999999889e+00,1.332000000000000073e+00,0.000000000000000000e+00,0.000000000000000000e+00,0.000000000000000000e+00,1.028536482158135312e+00
4.432999999999999829e+00,1.135000000000000009e+00,1.162775000000000558e+00,1.316000000000000281e+00,0.000000000000000000e+00,0.000000000000000000e+00,0.000000000000000000e+00,1.021560674571600602e+00
4.434000000000000163e+00,1.135000000000000009e+00,1.162775000000000558e+00,1.316000000000000281e+00,0.000000000000000000e+00,0.000000000000000000e+00,0.000000000000000000e+00,1.021560674571600602e+00
4.435000000000000497e+00,1.133000000000000007e+00,1.163310999999999984e+00,1.314000000000000057e+00,0.000000000000000000e+00,0.000000000000000000e+00,0.000000000000000000e+00,1.023612417026242394e+00
4.435999999999999943e+00,1.131000000000000005e+00,1.159839000000000064e+00,1.308000000000000052e+00,0.000000000000000000e+00,0.000000000000000000e+00,0.000000000000000000e+00,1.022545246454511947e+00
4.437000000000000277e+00,1.129999999999999893e+00,1.157100000000000461e+00,1.304000000000000048e+00,0.000000000000000000e+00,0.000000000000000000e+00,0.000000000000000000e+00,1.021223275119430118e+00
4.437999999999999723e+00,1.127000000000000002e+00,1.152870999999999979e+00,1.296000000000000041e+00,0.000000000000000000e+00,0.000000000000000000e+00,0.000000000000000000e+00,1.020368797185167820e+00
4.439000000000000057e+00,1.125999999999999890e+00,1.154123999999999928e+00,1.296000000000000041e+00,0.000000000000000000e+00,0.000000000000000000e+00,0.000000000000000000e+00,1.022181979941256369e+00
4.440000000000000391e+00,1.124000000000000110e+00,1.150623999999999869e+00,1.290000000000000036e+00,0.000000000000000000e+00,0.000000000000000000e+00,0.000000000000000000e+00,1.021073694608730653e+00
4.440999999999999837e+00,1.122000000000000108e+00,1.149116000000000026e+00,1.286000000000000032e+00,0.000000000000000000e+00,0.000000000000000000e+00,0.000000000000000000e+00,1.021539712952106438e+00
4.442000000000000171e+00,1.120999999999999996e+00,1.150359000000000131e+00,1.286000000000000032e+00,0.000000000000000000e+00,0.000000000000000000e+00,0.000000000000000000e+00,1.023363076646393255e+00
4.443000000000000504e+00,1.118000000000000105e+00,1.144075999999999871e+00,1.276000000000000023e+00,0.000000000000000000e+00,0.000000000000000000e+00,0.000000000000000000e+00,1.020862068413759260e+00
4.443999999999999950e+00,1.114999999999999991e+00,1.145775000000000210e+00,1.274000000000000021e+00,0.000000000000000000e+00,0.000000000000000000e+00,0.000000000000000000e+00,1.024754167588328713e+00
4.445000000000000284e+00,1.114000000000000101e+00,1.147003999999999690e+00,1.274000000000000021e+00,0.000000000000000000e+00,0.000000000000000000e+00,0.000000000000000000e+00,1.026594767428742561e+00
4.445999999999999730e+00,1.112000000000000099e+00,1.143455999999999584e+00,1.268000000000000016e+00,0.000000000000000000e+00,0.000000000000000000e+00,0.000000000000000000e+00,1.025438641892241431e+00
4.447000000000000064e+00,1.112000000000000099e+00,1.143455999999999584e+00,1.268000000000000016e+00,0.000000000000000000e+00,0.000000000000000000e+00,0.000000000000000000e+00,1.025438641892241431e+00
4.448000000000000398e+00,1.112000000000000099e+00,1.143455999999999584e+00,1.268000000000000016e+00,0.000000000000000000e+00,0.000000000000000000e+00,0.000000000000000000e+00,1.025438641892241431e+00
4.448999999999999844e+00,1.112000000000000099e+00,1.143455999999999584e+00,1.268000000000000016e+00,0.000000000000000000e+00,0.000000000000000000e+00,0.000000000000000000e+00,1.025438641892241431e+00
4.450000000000000178e+00,1.110999999999999988e+00,1.140678999999999998e+00,1.264000000000000012e+00,0.000000000000000000e+00,0.000000000000000000e+00,0.000000000000000000e+00,1.024044798719295990e+00
4.451000000000000512e+00,1.110000000000000098e+00,1.137899999999999912e+00,1.260000000000000009e+00,0.000000000000000000e+00,0.000000000000000000e+00,0.000000000000000000e+00,1.022644265887509007e+00
4.451999999999999957e+00,1.108999999999999986e+00,1.137118999999999991e+00,1.258000000000000007e+00,0.000000000000000000e+00,0.000000000000000000e+00,0.000000000000000000e+00,1.022863187576684263e+00
4.453000000000000291e+00,1.108000000000000096e+00,1.138335999999999792e+00,1.258000000000000007e+00,0.000000000000000000e+00,0.000000000000000000e+00,0.000000000000000000e+00,1.024710344198412448e+00
4.453999999999999737e+00,1.106999999999999984e+00,1.137550999999999979e+00,1.256000000000000005e+00,0.000000000000000000e+00,0.000000000000000000e+00,0.000000000000000000e+00,1.024930454062143781e+00
4.455000000000000071e+00,1.106999999999999984e+00,1.137550999999999979e+00,1.256000000000000005e+00,0.000000000000000000e+00,0.000000000000000000e+00,0.000000000000000000e+00,1.024930454062143781e+00
4.456000000000000405e+00,1.104000000000000092e+00,1.129184000000000188e+00,1.244000000000000217e+00,0.000000000000000000e+00,0.000000000000000000e+00,0.000000000000000000e+00,1.020662675908422745e+00
4.456999999999999851e+00,1.102999999999999980e+00,1.130390999999999924e+00,1.243999999999999995e+00,0.000000000000000000e+00,0.000000000000000000e+00,0.000000000000000000e+00,1.022514217797172220e+00
4.458000000000000185e+00,1.102999999999999980e+00,1.130390999999999924e+00,1.243999999999999995e+00,0.000000000000000000e+00,0.000000000000000000e+00,0.000000000000000000e+00,1.022514217797172220e+00
4.459000000000000519e+00,1.102999999999999980e+00,1.130390999999999924e+00,1.243999999999999995e+00,0.000000000000000000e+00,0.000000000000000000e+00,0.000000000000000000e+00,1.022514217797172220e+00
4.459999999999999964e+00,1.102000000000000091e+00,1.127595999999999821e+00,1.239999999999999991e+00,0.000000000000000000e+00,0.000000000000000000e+00,0.000000000000000000e+00,1.021077005675211646e+00
4.461000000000000298e+00,1.102000000000000091e+00,1.127595999999999821e+00,1.239999999999999991e+00,0.000000000000000000e+00,0.000000000000000000e+00,0.000000000000000000e+00,1.021077005675211646e+00
4.461999999999999744e+00,1.102000000000000091e+00,1.127595999999999821e+00,1.239999999999999991e+00,0.000000000000000000e+00,0.000000000000000000e+00,0.000000000000000000e+00,1.021077005675211646e+00
4.463000000000000078e+00,1.100999999999999979e+00,1.124798999999999882e+00,1.235999999999999988e+00,0.000000000000000000e+00,0.000000000000000000e+00,0.000000000000000000e+00,1.019632882665498563e+00
4.464000000000000412e+00,1.100000000000000089e+00,1.126000000000000112e+00,1.235999999999999988e+00,0.000000000000000000e+00,0.000000000000000000e+00,0.000000000000000000e+00,1.021487603305784919e+00
4.464999999999999858e+00,1.098999999999999977e+00,1.125199000000000282e+00,1.233999999999999986e+00,0.000000000000000000e+00,0.000000000000000000e+00,0.000000000000000000e+00,1.021691487256592756e+00
4.466000000000000192e+00,1.094999999999999973e+00,1.123974999999999946e+00,1.227999999999999980e+00,0.000000000000000000e+00,0.000000000000000000e+00,0.000000000000000000e+00,1.024165467775901339e+00
4.467000000000000526e+00,1.094000000000000083e+00,1.121163999999999827e+00,1.223999999999999977e+00,0.000000000000000000e+00,0.000000000000000000e+00,0.000000000000000000e+00,1.022696509797499154e+00
4.467999999999999972e+00,1.092000000000000082e+00,1.119536000000000087e+00,1.219999999999999973e+00,0.000000000000000000e+00,0.000000000000000000e+00,0.000000000000000000e+00,1.023091682432341498e+00
4.469000000000000306e+00,1.092000000000000082e+00,1.119536000000000087e+00,1.219999999999999973e+00,0.000000000000000000e+00,0.000000000000000000e+00,0.000000000000000000e+00,1.023091682432341498e+00
4.469999999999999751e+00,1.092000000000000082e+00,1.119536000000000087e+00,1.219999999999999973e+00,0.000000000000000000e+00,0.000000000000000000e+00,0.000000000000000000e+00,1.023091682432341498e+00
4.471000000000000085e+00,1.090999999999999970e+00,1.118719000000000241e+00,1.217999999999999972e+00,0.000000000000000000e+00,0.000000000000000000e+00,0.000000000000000000e+00,1.023287778264124315e+00
4.472000000000000419e+00,1.090000000000000080e+00,1.115900000000000114e+00,1.213999999999999968e+00,0.000000000000000000e+00,0.000000000000000000e+00,0.000000000000000000e+00,1.021799511825603801e+00
4.472999999999999865e+00,1.090000000000000080e+00,1.115900000000000114e+00,1.213999999999999968e+00,0.000000000000000000e+00,0.000000000000000000e+00,0.000000000000000000e+00,1.021799511825603801e+00
4.474000000000000199e+00,1.088000000000000078e+00,1.110255999999999910e+00,1.205999999999999961e+00,0.000000000000000000e+00,0.000000000000000000e+00,0.000000000000000000e+00,1.018801362456747350e+00
4.475000000000000533e+00,1.088000000000000078e+00,1.110255999999999910e+00,1.205999999999999961e+00,0.000000000000000000e+00,0.000000000000000000e+00,0.000000000000000000e+00,1.018801362456747350e+00
4.475999999999999979e+00,1.086000000000000076e+00,1.108604000000000145e+00,1.201999999999999957e+00,0.000000000000000000e+00,0.000000000000000000e+00,0.000000000000000000e+00,1.019165742464786861e+00
4.477000000000000313e+00,1.084999999999999964e+00,1.109774999999999956e+00,1.201999999999999957e+00,0.000000000000000000e+00,0.000000000000000000e+00,0.000000000000000000e+00,1.021045254730404084e+00
4.477999999999999758e+00,1.082999999999999963e+00,1.106111000000000066e+00,1.195999999999999952e+00,0.000000000000000000e+00,0.000000000000000000e+00,0.000000000000000000e+00,1.019704336898035635e+00
4.479000000000000092e+00,1.082999999999999963e+00,1.106111000000000066e+00,1.195999999999999952e+00,0.000000000000000000e+00,0.000000000000000000e+00,0.000000000000000000e+00,1.019704336898035635e+00
4.480000000000000426e+00,1.082000000000000073e+00,1.105275999999999703e+00,1.193999999999999950e+00,0.000000000000000000e+00,0.000000000000000000e+00,0.000000000000000000e+00,1.019881714221285263e+00
4.480999999999999872e+00,1.080000000000000071e+00,1.101599999999999691e+00,1.187999999999999945e+00,0.000000000000000000e+00,0.000000000000000000e+00,0.000000000000000000e+00,1.018518518518518379e+00
4.482000000000000206e+00,1.078000000000000069e+00,1.097915999999999670e+00,1.181999999999999940e+00,0.000000000000000000e+00,0.000000000000000000e+00,0.000000000000000000e+00,1.017138175897783547e+00
4.482999999999999652e+00,1.076999999999999957e+00,1.099070999999999909e+00,1.181999999999999940e+00,0.000000000000000000e+00,0.000000000000000000e+00,0.000000000000000000e+00,1.019027888775950963e+00
4.483999999999999986e+00,1.076000000000000068e+00,1.098224000000000089e+00,1.179999999999999938e+00,0.000000000000000000e+00,0.000000000000000000e+00,0.000000000000000000e+00,1.019195422948825813e+00
4.485000000000000320e+00,1.074999999999999956e+00,1.097375000000000211e+00,1.177999999999999936e+00,0.000000000000000000e+00,0.000000000000000000e+00,0.000000000000000000e+00,1.019361817198485731e+00
4.485999999999999766e+00,1.072999999999999954e+00,1.095671000000000062e+00,1.173999999999999932e+00,0.000000000000000000e+00,0.000000000000000000e+00,0.000000000000000000e+00,1.019691156915182528e+00
4.487000000000000099e+00,1.070000000000000062e+00,1.093099999999999961e+00,1.167999999999999927e+00,0.000000000000000000e+00,0.000000000000000000e+00,0.000000000000000000e+00,1.020176434623111028e+00
4.488000000000000433e+00,1.068000000000000060e+00,1.091376000000000124e+00,1.163999999999999924e+00,0.000000000000000000e+00,0.000000000000000000e+00,0.000000000000000000e+00,1.020494045364642277e+00
4.488999999999999879e+00,1.064000000000000057e+00,1.087903999999999538e+00,1.155999999999999917e+00,0.000000000000000000e+00,0.000000000000000000e+00,0.000000000000000000e+00,1.021114817117982687e+00
4.490000000000000213e+00,1.064000000000000057e+00,1.087903999999999538e+00,1.155999999999999917e+00,0.000000000000000000e+00,0.000000000000000000e+00,0.000000000000000000e+00,1.021114817117982687e+00
4.490999999999999659e+00,1.064000000000000057e+00,1.087903999999999538e+00,1.155999999999999917e+00,0.000000000000000000e+00,0.000000000000000000e+00,0.000000000000000000e+00,1.021114817117982687e+00
4.491999999999999993e+00,1.064000000000000057e+00,1.087903999999999538e+00,1.155999999999999917e+00,0.000000000000000000e+00,0.000000000000000000e+00,0.000000000000000000e+00,1.021114817117982687e+00
4.493000000000000327e+00,1.062000000000000055e+00,1.088156000000000123e+00,1.153999999999999915e+00,0.000000000000000000e+00,0.000000000000000000e+00,0.000000000000000000e+00,1.023191150549189299e+00
4.493999999999999773e+00,1.060999999999999943e+00,1.087279000000000106e+00,1.151999999999999913e+00,0.000000000000000000e+00,0.000000000000000000e+00,0.000000000000000000e+00,1.023344150104688488e+00
4.495000000000000107e+00,1.060000000000000053e+00,1.088399999999999590e+00,1.151999999999999913e+00,0.000000000000000000e+00,0.000000000000000000e+00,0.000000000000000000e+00,1.025275898896404136e+00
4.496000000000000441e+00,1.056999999999999940e+00,1.091750999999999694e+00,1.151999999999999913e+00,0.000000000000000000e+00,0.000000000000000000e+00,0.000000000000000000e+00,1.031104077962925025e+00
4.496999999999999886e+00,1.056999999999999940e+00,1.091750999999999694e+00,1.151999999999999913e+00,0.000000000000000000e+00,0.000000000000000000e+00,0.000000000000000000e+00,1.031104077962925025e+00
4.498000000000000220e+00,1.056999999999999940e+00,1.091750999999999694e+00,1.151999999999999913e+00,0.000000000000000000e+00,0.000000000000000000e+00,0.000000000000000000e+00,1.031104077962925025e+00
4.498999999999999666e+00,1.054999999999999938e+00,1.091975000000000140e+00,1.149999999999999911e+00,0.000000000000000000e+00,0.000000000000000000e+00,0.000000000000000000e+00,1.033220278071022680e+00
4.500000000000000000e+00,1.054000000000000048e+00,1.089084000000000163e+00,1.145999999999999908e+00,0.000000000000000000e+00,0.000000000000000000e+00,0.000000000000000000e+00,1.031581145649175912e+00
4.501000000000000334e+00,1.052000000000000046e+00,1.089295999999999598e+00,1.143999999999999906e+00,0.000000000000000000e+00,0.000000000000000000e+00,0.000000000000000000e+00,1.033700067949514745e+00
4.501999999999999780e+00,1.050000000000000044e+00,1.085499999999999687e+00,1.137999999999999901e+00,0.000000000000000000e+00,0.000000000000000000e+00,0.000000000000000000e+00,1.032199546485260688e+00
4.503000000000000114e+00,1.048999999999999932e+00,1.084598999999999647e+00,1.135999999999999899e+00,0.000000000000000000e+00,0.000000000000000000e+00,0.000000000000000000e+00,1.032350933886828415e+00
4.504000000000000448e+00,1.048000000000000043e+00,1.085695999999999994e+00,1.136000000000000121e+00,0.000000000000000000e+00,0.000000000000000000e+00,0.000000000000000000e+00,1.034322009206922521e+00
4.504999999999999893e+00,1.044999999999999929e+00,1.074975000000000014e+00,1.122000000000000108e+00,0.000000000000000000e+00,0.000000000000000000e+00,0.000000000000000000e+00,1.027449005288340711e+00
4.506000000000000227e+00,1.044000000000000039e+00,1.074064000000000130e+00,1.120000000000000107e+00,0.000000000000000000e+00,0.000000000000000000e+00,0.000000000000000000e+00,1.027583270944349092e+00
4.506999999999999673e+00,1.044000000000000039e+00,1.074064000000000130e+00,1.120000000000000107e+00,0.000000000000000000e+00,0.000000000000000000e+00,0.000000000000000000e+00,1.027583270944349092e+00
4.508000000000000007e+00,1.044000000000000039e+00,1.074064000000000130e+00,1.120000000000000107e+00,0.000000000000000000e+00,0.000000000000000000e+00,0.000000000000000000e+00,1.027583270944349092e+00
4.509000000000000341e+00,1.042999999999999927e+00,1.075151000000000412e+00,1.120000000000000107e+00,0.000000000000000000e+00,0.000000000000000000e+00,0.000000000000000000e+00,1.029554653265297270e+00
4.509999999999999787e+00,1.042000000000000037e+00,1.076235999999999748e+00,1.120000000000000107e+00,0.000000000000000000e+00,0.000000000000000000e+00,0.000000000000000000e+00,1.031531714074144901e+00
4.511000000000000121e+00,1.040000000000000036e+00,1.072399999999999798e+00,1.114000000000000101e+00,0.000000000000000000e+00,0.000000000000000000e+00,0.000000000000000000e+00,1.029955621301775093e+00
4.512000000000000455e+00,1.038999999999999924e+00,1.067479000000000511e+00,1.108000000000000096e+00,0.000000000000000000e+00,0.000000000000000000e+00,0.000000000000000000e+00,1.026381144970779147e+00
4.512999999999999901e+00,1.038000000000000034e+00,1.066556000000000060e+00,1.106000000000000094e+00,0.000000000000000000e+00,0.000000000000000000e+00,0.000000000000000000e+00,1.026503465609349464e+00
4.514000000000000234e+00,1.036000000000000032e+00,1.058704000000000089e+00,1.096000000000000085e+00,0.000000000000000000e+00,0.000000000000000000e+00,0.000000000000000000e+00,1.021153530806040433e+00
4.514999999999999680e+00,1.036000000000000032e+00,1.058704000000000089e+00,1.096000000000000085e+00,0.000000000000000000e+00,0.000000000000000000e+00,0.000000000000000000e+00,1.021153530806040433e+00
4.516000000000000014e+00,1.034999999999999920e+00,1.057775000000000132e+00,1.094000000000000083e+00,0.000000000000000000e+00,0.000000000000000000e+00,0.000000000000000000e+00,1.021260706200844970e+00
4.517000000000000348e+00,1.034999999999999920e+00,1.057775000000000132e+00,1.094000000000000083e+00,0.000000000000000000e+00,0.000000000000000000e+00,0.000000000000000000e+00,1.021260706200844970e+00
4.517999999999999794e+00,1.034999999999999920e+00,1.057775000000000132e+00,1.094000000000000083e+00,0.000000000000000000e+00,0.000000000000000000e+00,0.000000000000000000e+00,1.021260706200844970e+00
4.519000000000000128e+00,1.034999999999999920e+00,1.057775000000000132e+00,1.094000000000000083e+00,0.000000000000000000e+00,0.000000000000000000e+00,0.000000000000000000e+00,1.021260706200844970e+00
4.520000000000000462e+00,1.034999999999999920e+00,1.057775000000000132e+00,1.094000000000000083e+00,0.000000000000000000e+00,0.000000000000000000e+00,0.000000000000000000e+00,1.021260706200844970e+00
4.520999999999999908e+00,1.034999999999999920e+00,1.057775000000000132e+00,1.094000000000000083e+00,0.000000000000000000e+00,0.000000000000000000e+00,0.000000000000000000e+00,1.021260706200844970e+00
4.522000000000000242e+00,1.034000000000000030e+00,1.056844000000000339e+00,1.092000000000000082e+00,0.000000000000000000e+00,0.000000000000000000e+00,0.000000000000000000e+00,1.021366386196214560e+00
4.522999999999999687e+00,1.034000000000000030e+00,1.056844000000000339e+00,1.092000000000000082e+00,0.000000000000000000e+00,0.000000000000000000e+00,0.000000000000000000e+00,1.021366386196214560e+00
4.524000000000000021e+00,1.032000000000000028e+00,1.048975999999999908e+00,1.082000000000000073e+00,0.000000000000000000e+00,0.000000000000000000e+00,0.000000000000000000e+00,1.015939546902229429e+00
4.525000000000000355e+00,1.030999999999999917e+00,1.050039000000000167e+00,1.082000000000000073e+00,0.000000000000000000e+00,0.000000000000000000e+00,0.000000000000000000e+00,1.017911287431994438e+00
4.525999999999999801e+00,1.030999999999999917e+00,1.050039000000000167e+00,1.082000000000000073e+00,0.000000000000000000e+00,0.000000000000000000e+00,0.000000000000000000e+00,1.017911287431994438e+00
4.527000000000000135e+00,1.030999999999999917e+00,1.050039000000000167e+00,1.082000000000000073e+00,0.000000000000000000e+00,0.000000000000000000e+00,0.000000000000000000e+00,1.017911287431994438e+00
4.528000000000000469e+00,1.030999999999999917e+00,1.050039000000000167e+00,1.082000000000000073e+00,0.000000000000000000e+00,0.000000000000000000e+00,0.000000000000000000e+00,1.017911287431994438e+00
4.528999999999999915e+00,1.028000000000000025e+00,1.043216000000000143e+00,1.072000000000000064e+00,0.000000000000000000e+00,0.000000000000000000e+00,0.000000000000000000e+00,1.014398401186997756e+00
4.530000000000000249e+00,1.026999999999999913e+00,1.042271000000000170e+00,1.070000000000000062e+00,0.000000000000000000e+00,0.000000000000000000e+00,0.000000000000000000e+00,1.014478600664246777e+00
4.530999999999999694e+00,1.026000000000000023e+00,1.043324000000000140e+00,1.070000000000000062e+00,0.000000000000000000e+00,0.000000000000000000e+00,0.000000000000000000e+00,1.016457105510147674e+00
4.532000000000000028e+00,1.022000000000000020e+00,1.035516000000000103e+00,1.058000000000000052e+00,0.000000000000000000e+00,0.000000000000000000e+00,0.000000000000000000e+00,1.012940360982073518e+00
4.533000000000000362e+00,1.020999999999999908e+00,1.032559000000000449e+00,1.054000000000000048e+00,0.000000000000000000e+00,0.000000000000000000e+00,0.000000000000000000e+00,1.011088397328961941e+00
4.533999999999999808e+00,1.018999999999999906e+00,1.032638999999999863e+00,1.052000000000000046e+00,0.000000000000000000e+00,0.000000000000000000e+00,0.000000000000000000e+00,1.013135123526403891e+00
4.535000000000000142e+00,1.018000000000000016e+00,1.033676000000000261e+00,1.052000000000000046e+00,0.000000000000000000e+00,0.000000000000000000e+00,0.000000000000000000e+00,1.015126543436222661e+00
4.536000000000000476e+00,1.018000000000000016e+00,1.033676000000000261e+00,1.052000000000000046e+00,0.000000000000000000e+00,0.000000000000000000e+00,0.000000000000000000e+00,1.015126543436222661e+00
4.536999999999999922e+00,1.016999999999999904e+00,1.032711000000000379e+00,1.050000000000000044e+00,0.000000000000000000e+00,0.000000000000000000e+00,0.000000000000000000e+00,1.015190145114180043e+00
4.538000000000000256e+00,1.014999999999999902e+00,1.026775000000000215e+00,1.042000000000000037e+00,0.000000000000000000e+00,0.000000000000000000e+00,0.000000000000000000e+00,1.011429542090320322e+00
4.538999999999999702e+00,1.012999999999999901e+00,1.026831000000000049e+00,1.040000000000000036e+00,0.000000000000000000e+00,0.000000000000000000e+00,0.000000000000000000e+00,1.013478286714956544e+00
4.540000000000000036e+00,1.010999999999999899e+00,1.028879000000000321e+00,1.040000000000000036e+00,0.000000000000000000e+00,0.000000000000000000e+00,0.000000000000000000e+00,1.017492058180978765e+00
4.541000000000000369e+00,1.010000000000000009e+00,1.027900000000000036e+00,1.038000000000000034e+00,0.000000000000000000e+00,0.000000000000000000e+00,0.000000000000000000e+00,1.017547299284383922e+00
4.541999999999999815e+00,1.008000000000000007e+00,1.027935999999999961e+00,1.036000000000000032e+00,0.000000000000000000e+00,0.000000000000000000e+00,0.000000000000000000e+00,1.019620811287477835e+00
4.543000000000000149e+00,1.006000000000000005e+00,1.025964000000000320e+00,1.032000000000000028e+00,0.000000000000000000e+00,0.000000000000000000e+00,0.000000000000000000e+00,1.019726570991545955e+00
4.544000000000000483e+00,1.006000000000000005e+00,1.025964000000000320e+00,1.032000000000000028e+00,0.000000000000000000e+00,0.000000000000000000e+00,0.000000000000000000e+00,1.019726570991545955e+00
4.544999999999999929e+00,1.004999999999999893e+00,1.022975000000000190e+00,1.028000000000000025e+00,0.000000000000000000e+00,0.000000000000000000e+00,0.000000000000000000e+00,1.017796589193337153e+00
4.546000000000000263e+00,1.004000000000000004e+00,1.021984000000000226e+00,1.026000000000000023e+00,0.000000000000000000e+00,0.000000000000000000e+00,0.000000000000000000e+00,1.017840986651005641e+00
4.546999999999999709e+00,1.002000000000000002e+00,1.019996000000000125e+00,1.022000000000000020e+00,0.000000000000000000e+00,0.000000000000000000e+00,0.000000000000000000e+00,1.017924231377564270e+00
4.548000000000000043e+00,1.002000000000000002e+00,1.019996000000000125e+00,1.022000000000000020e+00,0.000000000000000000e+00,0.000000000000000000e+00,0.000000000000000000e+00,1.017924231377564270e+00
4.549000000000000377e+00,1.002000000000000002e+00,1.019996000000000125e+00,1.022000000000000020e+00,0.000000000000000000e+00,0.000000000000000000e+00,0.000000000000000000e+00,1.017924231377564270e+00
4.549999999999999822e+00,1.000000000000000000e+00,1.020000000000000018e+00,1.020000000000000018e+00,0.000000000000000000e+00,0.000000000000000000e+00,0.000000000000000000e+00,1.020000000000000018e+00
4.551000000000000156e+00,9.989999999999999991e-01,1.016999000000000208e+00,1.016000000000000014e+00,0.000000000000000000e+00,0.000000000000000000e+00,0.000000000000000000e+00,1.018035052069086177e+00
4.552000000000000490e+00,9.979999999999999982e-01,1.017996000000000123e+00,1.016000000000000014e+00,0.000000000000000000e+00,0.000000000000000000e+00,0.000000000000000000e+00,1.020076224593475578e+00
4.552999999999999936e+00,9.949999999999999956e-01,1.012974999999999959e+00,1.008000000000000007e+00,0.000000000000000000e+00,0.000000000000000000e+00,0.000000000000000000e+00,1.018156107169010838e+00
4.554000000000000270e+00,9.919999999999999929e-01,1.009936000000000167e+00,1.002000000000000002e+00,0.000000000000000000e+00,0.000000000000000000e+00,0.000000000000000000e+00,1.018226456815817027e+00
4.554999999999999716e+00,9.919999999999999929e-01,1.009936000000000167e+00,1.002000000000000224e+00,0.000000000000000000e+00,0.000000000000000000e+00,0.000000000000000000e+00,1.018226456815817249e+00
4.556000000000000050e+00,9.909999999999999920e-01,1.010918999999999901e+00,1.002000000000000002e+00,0.000000000000000000e+00,0.000000000000000000e+00,0.000000000000000000e+00,1.020282441061378886e+00
4.557000000000000384e+00,9.909999999999999920e-01,1.010918999999999901e+00,1.002000000000000002e+00,0.000000000000000000e+00,0.000000000000000000e+00,0.000000000000000000e+00,1.020282441061378886e+00
4.557999999999999829e+00,9.899999999999999911e-01,1.007900000000000018e+00,9.979999999999999982e-01,0.000000000000000000e+00,0.000000000000000000e+00,0.000000000000000000e+00,1.018263442505866756e+00
4.559000000000000163e+00,9.889999999999999902e-01,1.008879000000000081e+00,9.980000000000001092e-01,0.000000000000000000e+00,0.000000000000000000e+00,0.000000000000000000e+00,1.020323661387497083e+00
4.560000000000000497e+00,9.869999999999999885e-01,1.006831000000000031e+00,9.939999999999999947e-01,0.000000000000000000e+00,0.000000000000000000e+00,0.000000000000000000e+00,1.020356837468652911e+00
4.560999999999999943e+00,9.849999999999999867e-01,9.987749999999998574e-01,9.839999999999999858e-01,0.000000000000000000e+00,0.000000000000000000e+00,0.000000000000000000e+00,1.014197737638176777e+00
4.562000000000000277e+00,9.829999999999999849e-01,9.967110000000001246e-01,9.799999999999999822e-01,0.000000000000000000e+00,0.000000000000000000e+00,0.000000000000000000e+00,1.014189336730522584e+00
4.562999999999999723e+00,9.809999999999999831e-01,9.926390000000000491e-01,9.740000000000000879e-01,0.000000000000000000e+00,0.000000000000000000e+00,0.000000000000000000e+00,1.012094214125468516e+00
4.564000000000000057e+00,9.799999999999999822e-01,9.936000000000000387e-01,9.739999999999999769e-01,0.000000000000000000e+00,0.000000000000000000e+00,0.000000000000000000e+00,1.014160766347355302e+00
4.565000000000000391e+00,9.799999999999999822e-01,9.936000000000000387e-01,9.739999999999999769e-01,0.000000000000000000e+00,0.000000000000000000e+00,0.000000000000000000e+00,1.014160766347355302e+00
4.565999999999999837e+00,9.789999999999999813e-01,9.925590000000000801e-01,9.719999999999999751e-01,0.000000000000000000e+00,0.000000000000000000e+00,0.000000000000000000e+00,1.014146932362033793e+00
4.567000000000000171e+00,9.779999999999999805e-01,9.935159999999999547e-01,9.719999999999999751e-01,0.000000000000000000e+00,0.000000000000000000e+00,0.000000000000000000e+00,1.016221912755466805e+00
4.568000000000000504e+00,9.779999999999999805e-01,9.935159999999999547e-01,9.719999999999999751e-01,0.000000000000000000e+00,0.000000000000000000e+00,0.000000000000000000e+00,1.016221912755466805e+00
4.568999999999999950e+00,9.779999999999999805e-01,9.935160000000001768e-01,9.720000000000000862e-01,0.000000000000000000e+00,0.000000000000000000e+00,0.000000000000000000e+00,1.016221912755467027e+00
4.570000000000000284e+00,9.769999999999999796e-01,9.944710000000001049e-01,9.720000000000000862e-01,0.000000000000000000e+00,0.000000000000000000e+00,0.000000000000000000e+00,1.018303267894427711e+00
4.570999999999999730e+00,9.769999999999999796e-01,9.944709999999998828e-01,9.719999999999999751e-01,0.000000000000000000e+00,0.000000000000000000e+00,0.000000000000000000e+00,1.018303267894427488e+00
4.572000000000000064e+00,9.759999999999999787e-01,9.954239999999999755e-01,9.719999999999999751e-01,0.000000000000000000e+00,0.000000000000000000e+00,0.000000000000000000e+00,1.020391023918301610e+00
4.573000000000000398e+00,9.749999999999999778e-01,9.963750000000001217e-01,9.719999999999999751e-01,0.000000000000000000e+00,0.000000000000000000e+00,0.000000000000000000e+00,1.022485207100591653e+00
4.573999999999999844e+00,9.739999999999999769e-01,9.953239999999999865e-01,9.700000000000000844e-01,0.000000000000000000e+00,0.000000000000000000e+00,0.000000000000000000e+00,1.022477642524950658e+00
4.575000000000000178e+00,9.729999999999999760e-01,9.942709999999999049e-01,9.679999999999999716e-01,0.000000000000000000e+00,0.000000000000000000e+00,0.000000000000000000e+00,1.022467886797594705e+00
4.576000000000000512e+00,9.709999999999999742e-01,9.901589999999999003e-01,9.619999999999999662e-01,0.000000000000000000e+00,0.000000000000000000e+00,0.000000000000000000e+00,1.020320499426732752e+00
4.576999999999999957e+00,9.689999999999999725e-01,9.840390000000001081e-01,9.539999999999999591e-01,0.000000000000000000e+00,0.000000000000000000e+00,0.000000000000000000e+00,1.016016639668740229e+00
4.578000000000000291e+00,9.689999999999999725e-01,9.840390000000001081e-01,9.539999999999999591e-01,0.000000000000000000e+00,0.000000000000000000e+00,0.000000000000000000e+00,1.016016639668740229e+00
4.578999999999999737e+00,9.669999999999999707e-01,9.799110000000000875e-01,9.479999999999999538e-01,0.000000000000000000e+00,0.000000000000000000e+00,0.000000000000000000e+00,1.013807241877511034e+00
4.580000000000000071e+00,9.669999999999999707e-01,9.799110000000000875e-01,9.479999999999999538e-01,0.000000000000000000e+00,0.000000000000000000e+00,0.000000000000000000e+00,1.013807241877511034e+00
4.581000000000000405e+00,9.669999999999999707e-01,9.799110000000000875e-01,9.479999999999999538e-01,0.000000000000000000e+00,0.000000000000000000e+00,0.000000000000000000e+00,1.013807241877511034e+00
4.581999999999999851e+00,9.649999999999999689e-01,9.757750000000000590e-01,9.419999999999999485e-01,0.000000000000000000e+00,0.000000000000000000e+00,0.000000000000000000e+00,1.011570780423635574e+00
4.583000000000000185e+00,9.649999999999999689e-01,9.757750000000000590e-01,9.419999999999999485e-01,0.000000000000000000e+00,0.000000000000000000e+00,0.000000000000000000e+00,1.011570780423635574e+00
4.584000000000000519e+00,9.649999999999999689e-01,9.757750000000000590e-01,9.419999999999999485e-01,0.000000000000000000e+00,0.000000000000000000e+00,0.000000000000000000e+00,1.011570780423635574e+00
4.584999999999999964e+00,9.639999999999999680e-01,9.767040000000000166e-01,9.419999999999999485e-01,0.000000000000000000e+00,0.000000000000000000e+00,0.000000000000000000e+00,1.013670563523355383e+00
4.586000000000000298e+00,9.609999999999999654e-01,9.754790000000000960e-01,9.379999999999999449e-01,0.000000000000000000e+00,0.000000000000000000e+00,0.000000000000000000e+00,1.015678040889162359e+00
4.586999999999999744e+00,9.589999999999999636e-01,9.753190000000000470e-01,9.360000000000000542e-01,0.000000000000000000e+00,0.000000000000000000e+00,0.000000000000000000e+00,1.017744196085381914e+00
4.588000000000000078e+00,9.589999999999999636e-01,9.753190000000000470e-01,9.360000000000000542e-01,0.000000000000000000e+00,0.000000000000000000e+00,0.000000000000000000e+00,1.017744196085381914e+00
4.589000000000000412e+00,9.589999999999999636e-01,9.753190000000000470e-01,9.360000000000000542e-01,0.000000000000000000e+00,0.000000000000000000e+00,0.000000000000000000e+00,1.017744196085381914e+00
4.589999999999999858e+00,9.589999999999999636e-01,9.753190000000000470e-01,9.360000000000000542e-01,0.000000000000000000e+00,0.000000000000000000e+00,0.000000000000000000e+00,1.017744196085381914e+00
4.591000000000000192e+00,9.589999999999999636e-01,9.753190000000000470e-01,9.360000000000000542e-01,0.000000000000000000e+00,0.000000000000000000e+00,0.000000000000000000e+00,1.017744196085381914e+00
4.592000000000000526e+00,9.569999999999999618e-01,9.771510000000001028e-01,9.360000000000000542e-01,0.000000000000000000e+00,0.000000000000000000e+00,0.000000000000000000e+00,1.022002535352443564e+00
4.592999999999999972e+00,9.559999999999999609e-01,9.760640000000001537e-01,9.340000000000000524e-01,0.000000000000000000e+00,0.000000000000000000e+00,0.000000000000000000e+00,1.021953397174419242e+00
4.594000000000000306e+00,9.559999999999999609e-01,9.760640000000001537e-01,9.340000000000000524e-01,0.000000000000000000e+00,0.000000000000000000e+00,0.000000000000000000e+00,1.021953397174419242e+00
4.594999999999999751e+00,9.549999999999999600e-01,9.769750000000000378e-01,9.340000000000000524e-01,0.000000000000000000e+00,0.000000000000000000e+00,0.000000000000000000e+00,1.024094734245223570e+00
4.596000000000000085e+00,9.539999999999999591e-01,9.778839999999999755e-01,9.340000000000000524e-01,0.000000000000000000e+00,0.000000000000000000e+00,0.000000000000000000e+00,1.026242808609012513e+00
4.597000000000000419e+00,9.509999999999999565e-01,9.745990000000001041e-01,9.280000000000000471e-01,0.000000000000000000e+00,0.000000000000000000e+00,0.000000000000000000e+00,1.026093513828489900e+00
4.597999999999999865e+00,9.509999999999999565e-01,9.745990000000001041e-01,9.280000000000000471e-01,0.000000000000000000e+00,0.000000000000000000e+00,0.000000000000000000e+00,1.026093513828489900e+00
4.599000000000000199e+00,9.489999999999999547e-01,9.703990000000001226e-01,9.220000000000000417e-01,0.000000000000000000e+00,0.000000000000000000e+00,0.000000000000000000e+00,1.023760799732623239e+00
4.600000000000000533e+00,9.449999999999999512e-01,9.659750000000000281e-01,9.140000000000001457e-01,0.000000000000000000e+00,0.000000000000000000e+00,0.000000000000000000e+00,1.023487584334145328e+00
4.600999999999999979e+00,9.449999999999999512e-01,9.659750000000000281e-01,9.140000000000000346e-01,0.000000000000000000e+00,0.000000000000000000e+00,0.000000000000000000e+00,1.023487584334145328e+00
4.602000000000000313e+00,9.449999999999999512e-01,9.659750000000000281e-01,9.140000000000000346e-01,0.000000000000000000e+00,0.000000000000000000e+00,0.000000000000000000e+00,1.023487584334145328e+00
4.602999999999999758e+00,9.439999999999999503e-01,9.668640000000001677e-01,9.140000000000000346e-01,0.000000000000000000e+00,0.000000000000000000e+00,0.000000000000000000e+00,1.025657138753232056e+00
4.604000000000000092e+00,9.429999999999999494e-01,9.657510000000000261e-01,9.120000000000000329e-01,0.000000000000000000e+00,0.000000000000000000e+00,0.000000000000000000e+00,1.025584510075355782e+00
4.605000000000000426e+00,9.429999999999999494e-01,9.657510000000000261e-01,9.120000000000000329e-01,0.000000000000000000e+00,0.000000000000000000e+00,0.000000000000000000e+00,1.025584510075355782e+00
4.605999999999999872e+00,9.409999999999999476e-01,9.615190000000001236e-01,9.060000000000000275e-01,0.000000000000000000e+00,0.000000000000000000e+00,0.000000000000000000e+00,1.023172716297696017e+00
4.607000000000000206e+00,9.399999999999999467e-01,9.563999999999999169e-01,9.000000000000000222e-01,0.000000000000000000e+00,0.000000000000000000e+00,0.000000000000000000e+00,1.018560434585785490e+00
4.608000000000000540e+00,9.399999999999999467e-01,9.563999999999999169e-01,9.000000000000000222e-01,0.000000000000000000e+00,0.000000000000000000e+00,0.000000000000000000e+00,1.018560434585785490e+00
4.608999999999999986e+00,9.389999999999999458e-01,9.572790000000001021e-01,9.000000000000000222e-01,0.000000000000000000e+00,0.000000000000000000e+00,0.000000000000000000e+00,1.020731047576274308e+00
4.610000000000000320e+00,9.389999999999999458e-01,9.572790000000001021e-01,9.000000000000000222e-01,0.000000000000000000e+00,0.000000000000000000e+00,0.000000000000000000e+00,1.020731047576274308e+00
4.610999999999999766e+00,9.389999999999999458e-01,9.572790000000001021e-01,9.000000000000000222e-01,0.000000000000000000e+00,0.000000000000000000e+00,0.000000000000000000e+00,1.020731047576274308e+00
4.612000000000000099e+00,9.389999999999999458e-01,9.572790000000001021e-01,9.000000000000000222e-01,0.000000000000000000e+00,0.000000000000000000e+00,0.000000000000000000e+00,1.020731047576274308e+00
4.613000000000000433e+00,9.379999999999999449e-01,9.561560000000000059e-01,8.980000000000000204e-01,0.000000000000000000e+00,0.000000000000000000e+00,0.000000000000000000e+00,1.020635476288978660e+00
4.613999999999999879e+00,9.360000000000000542e-01,9.539039999999999742e-01,8.940000000000000169e-01,0.000000000000000000e+00,0.000000000000000000e+00,0.000000000000000000e+00,1.020436116589962694e+00
4.615000000000000213e+00,9.360000000000000542e-01,9.539039999999999742e-01,8.940000000000000169e-01,0.000000000000000000e+00,0.000000000000000000e+00,0.000000000000000000e+00,1.020436116589962694e+00
4.615999999999999659e+00,9.340000000000000524e-01,9.536439999999999362e-01,8.920000000000000151e-01,0.000000000000000000e+00,0.000000000000000000e+00,0.000000000000000000e+00,1.022518329672748250e+00
4.616999999999999993e+00,9.340000000000000524e-01,9.536439999999999362e-01,8.920000000000000151e-01,0.000000000000000000e+00,0.000000000000000000e+00,0.000000000000000000e+00,1.022518329672748250e+00
4.618000000000000327e+00,9.310000000000000497e-01,9.502390000000000558e-01,8.860000000000000098e-01,0.000000000000000000e+00,0.000000000000000000e+00,0.000000000000000000e+00,1.022196430157794156e+00
4.618999999999999773e+00,9.300000000000000488e-01,9.510999999999999455e-01,8.860000000000000098e-01,0.000000000000000000e+00,0.000000000000000000e+00,0.000000000000000000e+00,1.024395883917215810e+00
4.620000000000000107e+00,9.290000000000000480e-01,9.499590000000001089e-01,8.840000000000000080e-01,0.000000000000000000e+00,0.000000000000000000e+00,0.000000000000000000e+00,1.024285057140970068e+00
4.621000000000000441e+00,9.280000000000000471e-01,9.468159999999999910e-01,8.800000000000000044e-01,0.000000000000000000e+00,0.000000000000000000e+00,0.000000000000000000e+00,1.021848989298454136e+00
4.621999999999999886e+00,9.280000000000000471e-01,9.468159999999999910e-01,8.800000000000000044e-01,0.000000000000000000e+00,0.000000000000000000e+00,0.000000000000000000e+00,1.021848989298454136e+00
4.623000000000000220e+00,9.270000000000000462e-01,9.476710000000000411e-01,8.800000000000001155e-01,0.000000000000000000e+00,0.000000000000000000e+00,0.000000000000000000e+00,1.024054814861362850e+00
4.623999999999999666e+00,9.270000000000000462e-01,9.476709999999998191e-01,8.800000000000000044e-01,0.000000000000000000e+00,0.000000000000000000e+00,0.000000000000000000e+00,1.024054814861362628e+00
4.625000000000000000e+00,9.260000000000000453e-01,9.485239999999999227e-01,8.800000000000001155e-01,0.000000000000000000e+00,0.000000000000000000e+00,0.000000000000000000e+00,1.026267790585392525e+00
4.626000000000000334e+00,9.260000000000000453e-01,9.485239999999999227e-01,8.800000000000001155e-01,0.000000000000000000e+00,0.000000000000000000e+00,0.000000000000000000e+00,1.026267790585392525e+00
4.626999999999999780e+00,9.250000000000000444e-01,9.453750000000000764e-01,8.760000000000000009e-01,0.000000000000000000e+00,0.000000000000000000e+00,0.000000000000000000e+00,1.023813002191380495e+00
4.628000000000000114e+00,9.240000000000000435e-01,9.422239999999999505e-01,8.719999999999999973e-01,0.000000000000000000e+00,0.000000000000000000e+00,0.000000000000000000e+00,1.021345177189332931e+00
4.629000000000000448e+00,9.240000000000000435e-01,9.422239999999999505e-01,8.719999999999999973e-01,0.000000000000000000e+00,0.000000000000000000e+00,0.000000000000000000e+00,1.021345177189332931e+00
4.629999999999999893e+00,9.240000000000000435e-01,9.422239999999999505e-01,8.719999999999999973e-01,0.000000000000000000e+00,0.000000000000000000e+00,0.000000000000000000e+00,1.021345177189332931e+00
4.631000000000000227e+00,9.240000000000000435e-01,9.422239999999999505e-01,8.719999999999999973e-01,0.000000000000000000e+00,0.000000000000000000e+00,0.000000000000000000e+00,1.021345177189332931e+00
4.631999999999999673e+00,9.230000000000000426e-01,9.410710000000001019e-01,8.699999999999999956e-01,0.000000000000000000e+00,0.000000000000000000e+00,0.000000000000000000e+00,1.021211861551842848e+00
4.633000000000000007e+00,9.220000000000000417e-01,9.339159999999999684e-01,8.619999999999999885e-01,0.000000000000000000e+00,0.000000000000000000e+00,0.000000000000000000e+00,1.014017438276687777e+00
4.634000000000000341e+00,9.210000000000000409e-01,9.347589999999998955e-01,8.619999999999999885e-01,0.000000000000000000e+00,0.000000000000000000e+00,0.000000000000000000e+00,1.016220625977758640e+00
4.634999999999999787e+00,9.200000000000000400e-01,9.355999999999999872e-01,8.619999999999999885e-01,0.000000000000000000e+00,0.000000000000000000e+00,0.000000000000000000e+00,1.018431001890359067e+00
4.636000000000000121e+00,9.200000000000000400e-01,9.355999999999999872e-01,8.619999999999999885e-01,0.000000000000000000e+00,0.000000000000000000e+00,0.000000000000000000e+00,1.018431001890359067e+00
4.637000000000000455e+00,9.190000000000000391e-01,9.344389999999997976e-01,8.599999999999999867e-01,0.000000000000000000e+00,0.000000000000000000e+00,0.000000000000000000e+00,1.018280503125292169e+00
4.637999999999999901e+00,9.180000000000000382e-01,9.352759999999999962e-01,8.599999999999999867e-01,0.000000000000000000e+00,0.000000000000000000e+00,0.000000000000000000e+00,1.020500187487243693e+00
4.639000000000000234e+00,9.180000000000000382e-01,9.352759999999999962e-01,8.599999999999999867e-01,0.000000000000000000e+00,0.000000000000000000e+00,0.000000000000000000e+00,1.020500187487243693e+00
4.639999999999999680e+00,9.170000000000000373e-01,9.361110000000000264e-01,8.599999999999999867e-01,0.000000000000000000e+00,0.000000000000000000e+00,0.000000000000000000e+00,1.022727137588908652e+00
4.641000000000000014e+00,9.170000000000000373e-01,9.361110000000000264e-01,8.599999999999999867e-01,0.000000000000000000e+00,0.000000000000000000e+00,0.000000000000000000e+00,1.022727137588908652e+00
4.642000000000000348e+00,9.170000000000000373e-01,9.361110000000000264e-01,8.599999999999999867e-01,0.000000000000000000e+00,0.000000000000000000e+00,0.000000000000000000e+00,1.022727137588908652e+00
4.642999999999999794e+00,9.160000000000000364e-01,9.369439999999999991e-01,8.599999999999999867e-01,0.000000000000000000e+00,0.000000000000000000e+00,0.000000000000000000e+00,1.024961385175721329e+00
4.644000000000000128e+00,9.160000000000000364e-01,9.369439999999999991e-01,8.599999999999999867e-01,0.000000000000000000e+00,0.000000000000000000e+00,0.000000000000000000e+00,1.024961385175721329e+00
4.645000000000000462e+00,9.160000000000000364e-01,9.369439999999999991e-01,8.599999999999999867e-01,0.000000000000000000e+00,0.000000000000000000e+00,0.000000000000000000e+00,1.024961385175721329e+00
4.645999999999999908e+00,9.160000000000000364e-01,9.369439999999999991e-01,8.599999999999999867e-01,0.000000000000000000e+00,0.000000000000000000e+00,0.000000000000000000e+00,1.024961385175721329e+00
4.647000000000000242e+00,9.140000000000000346e-01,9.346039999999999903e-01,8.559999999999999831e-01,0.000000000000000000e+00,0.000000000000000000e+00,0.000000000000000000e+00,1.024663752280355666e+00
4.647999999999999687e+00,9.140000000000000346e-01,9.346039999999999903e-01,8.559999999999999831e-01,0.000000000000000000e+00,0.000000000000000000e+00,0.000000000000000000e+00,1.024663752280355666e+00
4.649000000000000021e+00,9.140000000000000346e-01,9.346039999999999903e-01,8.559999999999999831e-01,0.000000000000000000e+00,0.000000000000000000e+00,0.000000000000000000e+00,1.024663752280355666e+00
4.650000000000000355e+00,9.140000000000000346e-01,9.346039999999999903e-01,8.559999999999999831e-01,0.000000000000000000e+00,0.000000000000000000e+00,0.000000000000000000e+00,1.024663752280355666e+00
4.650999999999999801e+00,9.120000000000000329e-01,9.342559999999999754e-01,8.539999999999999813e-01,0.000000000000000000e+00,0.000000000000000000e+00,0.000000000000000000e+00,1.026758233302554668e+00
4.652000000000000135e+00,9.120000000000000329e-01,9.342559999999999754e-01,8.539999999999999813e-01,0.000000000000000000e+00,0.000000000000000000e+00,0.000000000000000000e+00,1.026758233302554668e+00
4.653000000000000469e+00,9.110000000000000320e-01,9.330789999999998807e-01,8.519999999999999796e-01,0.000000000000000000e+00,0.000000000000000000e+00,0.000000000000000000e+00,1.026603736982194537e+00
4.653999999999999915e+00,9.080000000000000293e-01,9.335359999999999214e-01,8.499999999999999778e-01,0.000000000000000000e+00,0.000000000000000000e+00,0.000000000000000000e+00,1.030972850239670668e+00
4.655000000000000249e+00,9.070000000000000284e-01,9.323509999999998188e-01,8.479999999999999760e-01,0.000000000000000000e+00,0.000000000000000000e+00,0.000000000000000000e+00,1.030816301970828297e+00
4.655999999999999694e+00,9.070000000000000284e-01,9.323509999999998188e-01,8.479999999999999760e-01,0.000000000000000000e+00,0.000000000000000000e+00,0.000000000000000000e+00,1.030816301970828297e+00
4.657000000000000028e+00,9.070000000000000284e-01,9.323509999999998188e-01,8.479999999999999760e-01,0.000000000000000000e+00,0.000000000000000000e+00,0.000000000000000000e+00,1.030816301970828297e+00
4.658000000000000362e+00,9.060000000000000275e-01,9.331639999999999935e-01,8.479999999999999760e-01,0.000000000000000000e+00,0.000000000000000000e+00,0.000000000000000000e+00,1.033093090458995444e+00
4.658999999999999808e+00,9.050000000000000266e-01,9.319749999999998868e-01,8.459999999999999742e-01,0.000000000000000000e+00,0.000000000000000000e+00,0.000000000000000000e+00,1.032935502579286347e+00
4.660000000000000142e+00,9.030000000000000249e-01,9.315909999999998359e-01,8.439999999999999725e-01,0.000000000000000000e+00,0.000000000000000000e+00,0.000000000000000000e+00,1.035063385368569566e+00
4.661000000000000476e+00,9.030000000000000249e-01,9.315909999999998359e-01,8.439999999999999725e-01,0.000000000000000000e+00,0.000000000000000000e+00,0.000000000000000000e+00,1.035063385368569566e+00
4.661999999999999922e+00,9.020000000000000240e-01,9.323960000000000026e-01,8.439999999999999725e-01,0.000000000000000000e+00,0.000000000000000000e+00,0.000000000000000000e+00,1.037359698329900048e+00
4.663000000000000256e+00,9.020000000000000240e-01,9.323960000000000026e-01,8.439999999999999725e-01,0.000000000000000000e+00,0.000000000000000000e+00,0.000000000000000000e+00,1.037359698329900048e+00
4.663999999999999702e+00,9.020000000000000240e-01,9.323960000000000026e-01,8.439999999999999725e-01,0.000000000000000000e+00,0.000000000000000000e+00,0.000000000000000000e+00,1.037359698329900048e+00
4.665000000000000036e+00,9.010000000000000231e-01,9.291990000000001082e-01,8.399999999999999689e-01,0.000000000000000000e+00,0.000000000000000000e+00,0.000000000000000000e+00,1.034736345483683762e+00
4.666000000000000369e+00,9.010000000000000231e-01,9.291990000000001082e-01,8.399999999999999689e-01,0.000000000000000000e+00,0.000000000000000000e+00,0.000000000000000000e+00,1.034736345483683762e+00
4.666999999999999815e+00,9.000000000000000222e-01,9.259999999999999343e-01,8.359999999999999654e-01,0.000000000000000000e+00,0.000000000000000000e+00,0.000000000000000000e+00,1.032098765432098553e+00
4.668000000000000149e+00,9.000000000000000222e-01,9.259999999999999343e-01,8.359999999999999654e-01,0.000000000000000000e+00,0.000000000000000000e+00,0.000000000000000000e+00,1.032098765432098553e+00
4.669000000000000483e+00,8.980000000000000204e-01,9.195959999999999690e-01,8.279999999999999583e-01,0.000000000000000000e+00,0.000000000000000000e+00,0.000000000000000000e+00,1.026780621127871385e+00
4.669999999999999929e+00,8.980000000000000204e-01,9.195959999999999690e-01,8.279999999999999583e-01,0.000000000000000000e+00,0.000000000000000000e+00,0.000000000000000000e+00,1.026780621127871385e+00
4.671000000000000263e+00,8.980000000000000204e-01,9.195959999999999690e-01,8.279999999999999583e-01,0.000000000000000000e+00,0.000000000000000000e+00,0.000000000000000000e+00,1.026780621127871385e+00
4.671999999999999709e+00,8.980000000000000204e-01,9.195959999999999690e-01,8.279999999999999583e-01,0.000000000000000000e+00,0.000000000000000000e+00,0.000000000000000000e+00,1.026780621127871385e+00
4.673000000000000043e+00,8.970000000000000195e-01,9.163910000000000666e-01,8.239999999999999547e-01,0.000000000000000000e+00,0.000000000000000000e+00,0.000000000000000000e+00,1.024099904425627816e+00
4.674000000000000377e+00,8.970000000000000195e-01,9.163910000000000666e-01,8.239999999999999547e-01,0.000000000000000000e+00,0.000000000000000000e+00,0.000000000000000000e+00,1.024099904425627816e+00
4.674999999999999822e+00,8.960000000000000187e-01,9.151839999999998865e-01,8.219999999999999529e-01,0.000000000000000000e+00,0.000000000000000000e+00,0.000000000000000000e+00,1.023895886479591733e+00
4.676000000000000156e+00,8.950000000000000178e-01,9.159750000000000947e-01,8.219999999999999529e-01,0.000000000000000000e+00,0.000000000000000000e+00,0.000000000000000000e+00,1.026185200212228033e+00
4.677000000000000490e+00,8.950000000000000178e-01,9.159750000000000947e-01,8.219999999999999529e-01,0.000000000000000000e+00,0.000000000000000000e+00,0.000000000000000000e+00,1.026185200212228033e+00
4.677999999999999936e+00,8.940000000000000169e-01,9.167639999999999123e-01,8.219999999999999529e-01,0.000000000000000000e+00,0.000000000000000000e+00,0.000000000000000000e+00,1.028482200501478872e+00
4.679000000000000270e+00,8.920000000000000151e-01,9.143359999999999266e-01,8.179999999999999494e-01,0.000000000000000000e+00,0.000000000000000000e+00,0.000000000000000000e+00,1.028072151058738282e+00
4.679999999999999716e+00,8.910000000000000142e-01,9.151190000000000158e-01,8.179999999999999494e-01,0.000000000000000000e+00,0.000000000000000000e+00,0.000000000000000000e+00,1.030381127650113582e+00
4.681000000000000050e+00,8.880000000000000115e-01,9.114560000000001549e-01,8.120000000000000551e-01,0.000000000000000000e+00,0.000000000000000000e+00,0.000000000000000000e+00,1.029745962178394647e+00
4.682000000000000384e+00,8.880000000000000115e-01,9.114560000000001549e-01,8.120000000000000551e-01,0.000000000000000000e+00,0.000000000000000000e+00,0.000000000000000000e+00,1.029745962178394647e+00
4.682999999999999829e+00,8.870000000000000107e-01,9.102310000000000123e-01,8.100000000000000533e-01,0.000000000000000000e+00,0.000000000000000000e+00,0.000000000000000000e+00,1.029527091179240683e+00
4.684000000000000163e+00,8.860000000000000098e-01,9.110040000000001470e-01,8.100000000000000533e-01,0.000000000000000000e+00,0.000000000000000000e+00,0.000000000000000000e+00,1.031852391604543229e+00
4.685000000000000497e+00,8.840000000000000080e-01,9.105440000000001310e-01,8.080000000000000515e-01,0.000000000000000000e+00,0.000000000000000000e+00,0.000000000000000000e+00,1.033967363485596147e+00
4.685999999999999943e+00,8.840000000000000080e-01,9.105440000000001310e-01,8.080000000000000515e-01,0.000000000000000000e+00,0.000000000000000000e+00,0.000000000000000000e+00,1.033967363485596147e+00
4.687000000000000277e+00,8.830000000000000071e-01,9.093110000000000914e-01,8.060000000000000497e-01,0.000000000000000000e+00,0.000000000000000000e+00,0.000000000000000000e+00,1.033745506221070309e+00
4.687999999999999723e+00,8.800000000000000044e-01,9.075999999999999623e-01,8.020000000000000462e-01,0.000000000000000000e+00,0.000000000000000000e+00,0.000000000000000000e+00,1.035640495867768740e+00
4.689000000000000057e+00,8.780000000000000027e-01,9.071159999999999224e-01,8.000000000000000444e-01,0.000000000000000000e+00,0.000000000000000000e+00,0.000000000000000000e+00,1.037769625520830630e+00
4.690000000000000391e+00,8.770000000000000018e-01,9.058710000000000928e-01,7.980000000000000426e-01,0.000000000000000000e+00,0.000000000000000000e+00,0.000000000000000000e+00,1.037537266180315720e+00
4.690999999999999837e+00,8.760000000000000009e-01,9.046240000000002057e-01,7.960000000000000409e-01,0.000000000000000000e+00,0.000000000000000000e+00,0.000000000000000000e+00,1.037301140509997888e+00
4.692000000000000171e+00,8.739999999999999991e-01,9.041240000000001498e-01,7.940000000000000391e-01,0.000000000000000000e+00,0.000000000000000000e+00,0.000000000000000000e+00,1.039435719933601732e+00
4.693000000000000504e+00,8.739999999999999991e-01,9.041240000000001498e-01,7.940000000000000391e-01,0.000000000000000000e+00,0.000000000000000000e+00,0.000000000000000000e+00,1.039435719933601732e+00
4.693999999999999950e+00,8.739999999999999991e-01,9.041240000000001498e-01,7.940000000000000391e-01,0.000000000000000000e+00,0.000000000000000000e+00,0.000000000000000000e+00,1.039435719933601732e+00
4.695000000000000284e+00,8.729999999999999982e-01,9.048710000000000919e-01,7.940000000000000391e-01,0.000000000000000000e+00,0.000000000000000000e+00,0.000000000000000000e+00,1.041818379828086893e+00
4.695999999999999730e+00,8.719999999999999973e-01,9.056159999999999766e-01,7.940000000000000391e-01,0.000000000000000000e+00,0.000000000000000000e+00,0.000000000000000000e+00,1.044209241646326225e+00
4.697000000000000064e+00,8.709999999999999964e-01,9.063590000000000257e-01,7.940000000000000391e-01,0.000000000000000000e+00,0.000000000000000000e+00,0.000000000000000000e+00,1.046608343076633085e+00
4.698000000000000398e+00,8.669999999999999929e-01,9.053110000000000879e-01,7.900000000000000355e-01,0.000000000000000000e+00,0.000000000000000000e+00,0.000000000000000000e+00,1.050966556647762618e+00
4.698999999999999844e+00,8.659999999999999920e-01,9.040439999999999587e-01,7.880000000000000338e-01,0.000000000000000000e+00,0.000000000000000000e+00,0.000000000000000000e+00,1.050728309394151294e+00
4.700000000000000178e+00,8.639999999999999902e-01,9.015040000000001941e-01,7.840000000000000302e-01,0.000000000000000000e+00,0.000000000000000000e+00,0.000000000000000000e+00,1.050240054869684636e+00
4.701000000000000512e+00,8.619999999999999885e-01,8.969560000000001976e-01,7.780000000000000249e-01,0.000000000000000000e+00,0.000000000000000000e+00,0.000000000000000000e+00,1.047044320390178918e+00
4.701999999999999957e+00,8.619999999999999885e-01,8.969560000000001976e-01,7.780000000000000249e-01,0.000000000000000000e+00,0.000000000000000000e+00,0.000000000000000000e+00,1.047044320390178918e+00
4.703000000000000291e+00,8.599999999999999867e-01,8.983999999999999764e-01,7.780000000000000249e-01,0.000000000000000000e+00,0.000000000000000000e+00,0.000000000000000000e+00,1.051919956733369466e+00
4.703999999999999737e+00,8.599999999999999867e-01,8.983999999999999764e-01,7.780000000000000249e-01,0.000000000000000000e+00,0.000000000000000000e+00,0.000000000000000000e+00,1.051919956733369466e+00
4.705000000000000071e+00,8.589999999999999858e-01,8.971189999999999998e-01,7.760000000000000231e-01,0.000000000000000000e+00,0.000000000000000000e+00,0.000000000000000000e+00,1.051660091532374386e+00
4.706000000000000405e+00,8.589999999999999858e-01,8.971189999999999998e-01,7.760000000000000231e-01,0.000000000000000000e+00,0.000000000000000000e+00,0.000000000000000000e+00,1.051660091532374386e+00
4.706999999999999851e+00,8.589999999999999858e-01,8.971189999999999998e-01,7.760000000000000231e-01,0.000000000000000000e+00,0.000000000000000000e+00,0.000000000000000000e+00,1.051660091532374386e+00
4.708000000000000185e+00,8.579999999999999849e-01,8.958360000000001877e-01,7.740000000000000213e-01,0.000000000000000000e+00,0.000000000000000000e+00,0.000000000000000000e+00,1.051396156291261264e+00
4.709000000000000519e+00,8.579999999999999849e-01,8.958360000000001877e-01,7.740000000000000213e-01,0.000000000000000000e+00,0.000000000000000000e+00,0.000000000000000000e+00,1.051396156291261264e+00
4.709999999999999964e+00,8.579999999999999849e-01,8.958360000000001877e-01,7.740000000000000213e-01,0.000000000000000000e+00,0.000000000000000000e+00,0.000000000000000000e+00,1.051396156291261264e+00
4.711000000000000298e+00,8.569999999999999840e-01,8.965509999999999868e-01,7.740000000000000213e-01,0.000000000000000000e+00,0.000000000000000000e+00,0.000000000000000000e+00,1.053851254477846666e+00
4.711999999999999744e+00,8.549999999999999822e-01,8.959750000000000769e-01,7.720000000000000195e-01,0.000000000000000000e+00,0.000000000000000000e+00,0.000000000000000000e+00,1.056051434629458718e+00
4.713000000000000078e+00,8.549999999999999822e-01,8.959750000000000769e-01,7.720000000000000195e-01,0.000000000000000000e+00,0.000000000000000000e+00,0.000000000000000000e+00,1.056051434629458718e+00
4.714000000000000412e+00,8.539999999999999813e-01,8.966839999999999256e-01,7.720000000000000195e-01,0.000000000000000000e+00,0.000000000000000000e+00,0.000000000000000000e+00,1.058526071003515812e+00
4.714999999999999858e+00,8.519999999999999796e-01,8.960959999999998926e-01,7.700000000000000178e-01,0.000000000000000000e+00,0.000000000000000000e+00,0.000000000000000000e+00,1.060746324582864997e+00
4.716000000000000192e+00,8.499999999999999778e-01,8.975000000000001865e-01,7.700000000000000178e-01,0.000000000000000000e+00,0.000000000000000000e+00,0.000000000000000000e+00,1.065743944636678320e+00
4.717000000000000526e+00,8.499999999999999778e-01,8.975000000000001865e-01,7.700000000000000178e-01,0.000000000000000000e+00,0.000000000000000000e+00,0.000000000000000000e+00,1.065743944636678320e+00
4.717999999999999972e+00,8.489999999999999769e-01,8.961990000000000789e-01,7.680000000000000160e-01,0.000000000000000000e+00,0.000000000000000000e+00,0.000000000000000000e+00,1.065481318699613489e+00
4.719000000000000306e+00,8.489999999999999769e-01,8.961990000000000789e-01,7.680000000000000160e-01,0.000000000000000000e+00,0.000000000000000000e+00,0.000000000000000000e+00,1.065481318699613489e+00
4.719999999999999751e+00,8.489999999999999769e-01,8.961990000000000789e-01,7.680000000000000160e-01,0.000000000000000000e+00,0.000000000000000000e+00,0.000000000000000000e+00,1.065481318699613489e+00
4.721000000000000085e+00,8.479999999999999760e-01,8.948959999999999138e-01,7.660000000000000142e-01,0.000000000000000000e+00,0.000000000000000000e+00,0.000000000000000000e+00,1.065214489142043419e+00
4.722000000000000419e+00,8.469999999999999751e-01,8.955910000000000259e-01,7.660000000000000142e-01,0.000000000000000000e+00,0.000000000000000000e+00,0.000000000000000000e+00,1.067731238387028991e+00
4.722999999999999865e+00,8.459999999999999742e-01,8.922840000000001881e-01,7.620000000000001217e-01,0.000000000000000000e+00,0.000000000000000000e+00,0.000000000000000000e+00,1.064668108579380990e+00
4.724000000000000199e+00,8.459999999999999742e-01,8.922840000000001881e-01,7.620000000000000107e-01,0.000000000000000000e+00,0.000000000000000000e+00,0.000000000000000000e+00,1.064668108579380768e+00
4.725000000000000533e+00,8.439999999999999725e-01,8.836640000000001161e-01,7.520000000000001128e-01,0.000000000000000000e+00,0.000000000000000000e+00,0.000000000000000000e+00,1.055681588463871279e+00
4.725999999999999979e+00,8.429999999999999716e-01,8.823509999999999964e-01,7.500000000000001110e-01,0.000000000000000000e+00,0.000000000000000000e+00,0.000000000000000000e+00,1.055373327760962265e+00
4.727000000000000313e+00,8.419999999999999707e-01,8.810359999999999303e-01,7.479999999999999982e-01,0.000000000000000000e+00,0.000000000000000000e+00,0.000000000000000000e+00,1.055060623670595499e+00
4.727999999999999758e+00,8.419999999999999707e-01,8.810359999999999303e-01,7.479999999999999982e-01,0.000000000000000000e+00,0.000000000000000000e+00,0.000000000000000000e+00,1.055060623670595499e+00
4.729000000000000092e+00,8.409999999999999698e-01,8.717190000000000216e-01,7.379999999999999893e-01,0.000000000000000000e+00,0.000000000000000000e+00,0.000000000000000000e+00,1.043432525403623190e+00
4.730000000000000426e+00,8.409999999999999698e-01,8.717190000000000216e-01,7.379999999999999893e-01,0.000000000000000000e+00,0.000000000000000000e+00,0.000000000000000000e+00,1.043432525403623190e+00
4.730999999999999872e+00,8.399999999999999689e-01,8.723999999999999533e-01,7.379999999999999893e-01,0.000000000000000000e+00,0.000000000000000000e+00,0.000000000000000000e+00,1.045918367346938993e+00
4.732000000000000206e+00,8.379999999999999671e-01,8.677559999999998608e-01,7.319999999999999840e-01,0.000000000000000000e+00,0.000000000000000000e+00,0.000000000000000000e+00,1.042372736541714806e+00
4.733000000000000540e+00,8.379999999999999671e-01,8.677559999999998608e-01,7.319999999999999840e-01,0.000000000000000000e+00,0.000000000000000000e+00,0.000000000000000000e+00,1.042372736541714806e+00
4.733999999999999986e+00,8.369999999999999662e-01,8.684309999999999530e-01,7.319999999999999840e-01,0.000000000000000000e+00,0.000000000000000000e+00,0.000000000000000000e+00,1.044864959768416757e+00
4.735000000000000320e+00,8.359999999999999654e-01,8.691040000000000987e-01,7.319999999999999840e-01,0.000000000000000000e+00,0.000000000000000000e+00,0.000000000000000000e+00,1.047366131727753613e+00
4.735999999999999766e+00,8.349999999999999645e-01,8.697749999999999648e-01,7.319999999999999840e-01,0.000000000000000000e+00,0.000000000000000000e+00,0.000000000000000000e+00,1.049876295313564523e+00
4.737000000000000099e+00,8.339999999999999636e-01,8.704439999999998845e-01,7.319999999999999840e-01,0.000000000000000000e+00,0.000000000000000000e+00,0.000000000000000000e+00,1.052395493677000804e+00
4.738000000000000433e+00,8.329999999999999627e-01,8.671109999999999651e-01,7.279999999999999805e-01,0.000000000000000000e+00,0.000000000000000000e+00,0.000000000000000000e+00,1.049159159462104141e+00
4.738999999999999879e+00,8.309999999999999609e-01,8.624389999999999556e-01,7.219999999999999751e-01,0.000000000000000000e+00,0.000000000000000000e+00,0.000000000000000000e+00,1.045526752886421384e+00
4.740000000000000213e+00,8.309999999999999609e-01,8.624389999999999556e-01,7.219999999999999751e-01,0.000000000000000000e+00,0.000000000000000000e+00,0.000000000000000000e+00,1.045526752886421384e+00
4.740999999999999659e+00,8.309999999999999609e-01,8.624389999999999556e-01,7.219999999999999751e-01,0.000000000000000000e+00,0.000000000000000000e+00,0.000000000000000000e+00,1.045526752886421384e+00
4.741999999999999993e+00,8.299999999999999600e-01,8.611000000000000876e-01,7.200000000000000844e-01,0.000000000000000000e+00,0.000000000000000000e+00,0.000000000000000000e+00,1.045144433154304053e+00
4.743000000000000327e+00,8.289999999999999591e-01,8.617590000000000527e-01,7.199999999999999734e-01,0.000000000000000000e+00,0.000000000000000000e+00,0.000000000000000000e+00,1.047667412159635658e+00
4.743999999999999773e+00,8.279999999999999583e-01,8.624160000000000714e-01,7.200000000000000844e-01,0.000000000000000000e+00,0.000000000000000000e+00,0.000000000000000000e+00,1.050199537912203551e+00
4.745000000000000107e+00,8.259999999999999565e-01,8.617240000000001565e-01,7.179999999999999716e-01,0.000000000000000000e+00,0.000000000000000000e+00,0.000000000000000000e+00,1.052360041977147276e+00
4.746000000000000441e+00,8.239999999999999547e-01,8.610240000000001226e-01,7.159999999999999698e-01,0.000000000000000000e+00,0.000000000000000000e+00,0.000000000000000000e+00,1.054529173343387694e+00
4.746999999999999886e+00,8.239999999999999547e-01,8.610240000000001226e-01,7.159999999999999698e-01,0.000000000000000000e+00,0.000000000000000000e+00,0.000000000000000000e+00,1.054529173343387694e+00
4.748000000000000220e+00,8.239999999999999547e-01,8.610240000000001226e-01,7.159999999999999698e-01,0.000000000000000000e+00,0.000000000000000000e+00,0.000000000000000000e+00,1.054529173343387694e+00
4.748999999999999666e+00,8.239999999999999547e-01,8.610240000000001226e-01,7.159999999999999698e-01,0.000000000000000000e+00,0.000000000000000000e+00,0.000000000000000000e+00,1.054529173343387694e+00
4.750000000000000000e+00,8.239999999999999547e-01,8.610240000000001226e-01,7.159999999999999698e-01,0.000000000000000000e+00,0.000000000000000000e+00,0.000000000000000000e+00,1.054529173343387694e+00
4.751000000000000334e+00,8.239999999999999547e-01,8.610240000000001226e-01,7.159999999999999698e-01,0.000000000000000000e+00,0.000000000000000000e+00,0.000000000000000000e+00,1.054529173343387694e+00
4.751999999999999780e+00,8.239999999999999547e-01,8.610240000000001226e-01,7.159999999999999698e-01,0.000000000000000000e+00,0.000000000000000000e+00,0.000000000000000000e+00,1.054529173343387694e+00
4.753000000000000114e+00,8.209999999999999520e-01,8.569590000000000263e-01,7.099999999999999645e-01,0.000000000000000000e+00,0.000000000000000000e+00,0.000000000000000000e+00,1.053348386819199511e+00
4.754000000000000448e+00,8.199999999999999512e-01,8.556000000000001382e-01,7.079999999999999627e-01,0.000000000000000000e+00,0.000000000000000000e+00,0.000000000000000000e+00,1.052944675788221485e+00
4.754999999999999893e+00,8.199999999999999512e-01,8.556000000000001382e-01,7.079999999999999627e-01,0.000000000000000000e+00,0.000000000000000000e+00,0.000000000000000000e+00,1.052944675788221485e+00
4.756000000000000227e+00,8.199999999999999512e-01,8.556000000000001382e-01,7.079999999999999627e-01,0.000000000000000000e+00,0.000000000000000000e+00,0.000000000000000000e+00,1.052944675788221485e+00
4.756999999999999673e+00,8.169999999999999485e-01,8.495110000000000161e-01,6.999999999999999556e-01,0.000000000000000000e+00,0.000000000000000000e+00,0.000000000000000000e+00,1.048706420630152847e+00
4.758000000000000007e+00,8.159999999999999476e-01,8.501440000000001218e-01,6.999999999999999556e-01,0.000000000000000000e+00,0.000000000000000000e+00,0.000000000000000000e+00,1.051278354479046717e+00
4.759000000000000341e+00,8.159999999999999476e-01,8.501440000000001218e-01,6.999999999999999556e-01,0.000000000000000000e+00,0.000000000000000000e+00,0.000000000000000000e+00,1.051278354479046717e+00
4.759999999999999787e+00,8.159999999999999476e-01,8.501440000000001218e-01,6.999999999999999556e-01,0.000000000000000000e+00,0.000000000000000000e+00,0.000000000000000000e+00,1.051278354479046717e+00
4.761000000000000121e+00,8.149999999999999467e-01,8.487749999999999462e-01,6.979999999999999538e-01,0.000000000000000000e+00,0.000000000000000000e+00,0.000000000000000000e+00,1.050848733486393849e+00
4.762000000000000455e+00,8.149999999999999467e-01,8.487749999999999462e-01,6.979999999999999538e-01,0.000000000000000000e+00,0.000000000000000000e+00,0.000000000000000000e+00,1.050848733486393849e+00
4.762999999999999901e+00,8.139999999999999458e-01,8.494040000000000479e-01,6.979999999999999538e-01,0.000000000000000000e+00,0.000000000000000000e+00,0.000000000000000000e+00,1.053432257363461355e+00
4.764000000000000234e+00,8.129999999999999449e-01,8.500309999999999810e-01,6.979999999999999538e-01,0.000000000000000000e+00,0.000000000000000000e+00,0.000000000000000000e+00,1.056025320400805656e+00
4.764999999999999680e+00,8.100000000000000533e-01,8.438999999999998725e-01,6.899999999999999467e-01,0.000000000000000000e+00,0.000000000000000000e+00,0.000000000000000000e+00,1.051668952903520582e+00
4.766000000000000014e+00,8.090000000000000524e-01,8.425189999999997958e-01,6.879999999999999449e-01,0.000000000000000000e+00,0.000000000000000000e+00,0.000000000000000000e+00,1.051214626551419951e+00
4.767000000000000348e+00,8.090000000000000524e-01,8.425189999999997958e-01,6.879999999999999449e-01,0.000000000000000000e+00,0.000000000000000000e+00,0.000000000000000000e+00,1.051214626551419951e+00
4.767999999999999794e+00,8.090000000000000524e-01,8.425189999999997958e-01,6.879999999999999449e-01,0.000000000000000000e+00,0.000000000000000000e+00,0.000000000000000000e+00,1.051214626551419951e+00
4.769000000000000128e+00,8.080000000000000515e-01,8.391359999999998820e-01,6.840000000000000524e-01,0.000000000000000000e+00,0.000000000000000000e+00,0.000000000000000000e+00,1.047691402803646588e+00
4.770000000000000462e+00,8.070000000000000506e-01,8.377510000000000234e-01,6.820000000000000506e-01,0.000000000000000000e+00,0.000000000000000000e+00,0.000000000000000000e+00,1.047218498608059267e+00
4.770999999999999908e+00,8.070000000000000506e-01,8.377510000000000234e-01,6.820000000000000506e-01,0.000000000000000000e+00,0.000000000000000000e+00,0.000000000000000000e+00,1.047218498608059267e+00
4.772000000000000242e+00,8.070000000000000506e-01,8.377510000000000234e-01,6.820000000000000506e-01,0.000000000000000000e+00,0.000000000000000000e+00,0.000000000000000000e+00,1.047218498608059267e+00
4.772999999999999687e+00,8.030000000000000471e-01,8.321910000000000140e-01,6.740000000000000435e-01,0.000000000000000000e+00,0.000000000000000000e+00,0.000000000000000000e+00,1.045270770104015146e+00
4.774000000000000021e+00,8.020000000000000462e-01,8.287959999999998661e-01,6.700000000000000400e-01,0.000000000000000000e+00,0.000000000000000000e+00,0.000000000000000000e+00,1.041660188680418431e+00
4.775000000000000355e+00,8.010000000000000453e-01,8.273989999999999956e-01,6.680000000000000382e-01,0.000000000000000000e+00,0.000000000000000000e+00,0.000000000000000000e+00,1.041145509436550043e+00
4.775999999999999801e+00,8.010000000000000453e-01,8.273989999999999956e-01,6.680000000000000382e-01,0.000000000000000000e+00,0.000000000000000000e+00,0.000000000000000000e+00,1.041145509436550043e+00
4.777000000000000135e+00,8.010000000000000453e-01,8.273989999999999956e-01,6.680000000000000382e-01,0.000000000000000000e+00,0.000000000000000000e+00,0.000000000000000000e+00,1.041145509436550043e+00
4.778000000000000469e+00,7.990000000000000435e-01,8.285989999999999744e-01,6.680000000000000382e-01,0.000000000000000000e+00,0.000000000000000000e+00,0.000000000000000000e+00,1.046364275745182093e+00
4.778999999999999915e+00,7.990000000000000435e-01,8.285989999999999744e-01,6.680000000000000382e-01,0.000000000000000000e+00,0.000000000000000000e+00,0.000000000000000000e+00,1.046364275745182093e+00
4.780000000000000249e+00,7.960000000000000409e-01,8.243840000000001167e-01,6.620000000000000329e-01,0.000000000000000000e+00,0.000000000000000000e+00,0.000000000000000000e+00,1.044796848564430114e+00
4.780999999999999694e+00,7.960000000000000409e-01,8.243840000000001167e-01,6.620000000000001439e-01,0.000000000000000000e+00,0.000000000000000000e+00,0.000000000000000000e+00,1.044796848564430336e+00
4.782000000000000028e+00,7.960000000000000409e-01,8.243840000000001167e-01,6.620000000000000329e-01,0.000000000000000000e+00,0.000000000000000000e+00,0.000000000000000000e+00,1.044796848564430114e+00
4.783000000000000362e+00,7.950000000000000400e-01,8.229750000000000121e-01,6.600000000000001421e-01,0.000000000000000000e+00,0.000000000000000000e+00,0.000000000000000000e+00,1.044262489616708312e+00
4.783999999999999808e+00,7.930000000000000382e-01,8.201509999999999634e-01,6.560000000000000275e-01,0.000000000000000000e+00,0.000000000000000000e+00,0.000000000000000000e+00,1.043175706727688112e+00
4.785000000000000142e+00,7.930000000000000382e-01,8.201509999999999634e-01,6.560000000000000275e-01,0.000000000000000000e+00,0.000000000000000000e+00,0.000000000000000000e+00,1.043175706727688112e+00
4.786000000000000476e+00,7.920000000000000373e-01,8.187360000000001303e-01,6.540000000000000258e-01,0.000000000000000000e+00,0.000000000000000000e+00,0.000000000000000000e+00,1.042623201714110825e+00
4.786999999999999922e+00,7.920000000000000373e-01,8.187360000000001303e-01,6.540000000000000258e-01,0.000000000000000000e+00,0.000000000000000000e+00,0.000000000000000000e+00,1.042623201714110825e+00
4.788000000000000256e+00,7.910000000000000364e-01,8.193190000000000195e-01,6.540000000000000258e-01,0.000000000000000000e+00,0.000000000000000000e+00,0.000000000000000000e+00,1.045261083523392864e+00
4.788999999999999702e+00,7.910000000000000364e-01,8.193190000000000195e-01,6.540000000000000258e-01,0.000000000000000000e+00,0.000000000000000000e+00,0.000000000000000000e+00,1.045261083523392864e+00
4.790000000000000036e+00,7.910000000000000364e-01,8.193190000000000195e-01,6.540000000000000258e-01,0.000000000000000000e+00,0.000000000000000000e+00,0.000000000000000000e+00,1.045261083523392864e+00
4.791000000000000369e+00,7.890000000000000346e-01,8.144789999999999530e-01,6.480000000000000204e-01,0.000000000000000000e+00,0.000000000000000000e+00,0.000000000000000000e+00,1.040928739753357535e+00
4.791999999999999815e+00,7.880000000000000338e-01,8.150559999999998917e-01,6.480000000000000204e-01,0.000000000000000000e+00,0.000000000000000000e+00,0.000000000000000000e+00,1.043572367234404386e+00
4.793000000000000149e+00,7.880000000000000338e-01,8.150559999999998917e-01,6.480000000000000204e-01,0.000000000000000000e+00,0.000000000000000000e+00,0.000000000000000000e+00,1.043572367234404386e+00
4.794000000000000483e+00,7.880000000000000338e-01,8.150559999999998917e-01,6.480000000000000204e-01,0.000000000000000000e+00,0.000000000000000000e+00,0.000000000000000000e+00,1.043572367234404386e+00
4.794999999999999929e+00,7.870000000000000329e-01,8.096309999999999896e-01,6.420000000000000151e-01,0.000000000000000000e+00,0.000000000000000000e+00,0.000000000000000000e+00,1.036538799972229752e+00
4.796000000000000263e+00,7.860000000000000320e-01,8.102039999999999242e-01,6.420000000000000151e-01,0.000000000000000000e+00,0.000000000000000000e+00,0.000000000000000000e+00,1.039177981081133684e+00
4.796999999999999709e+00,7.860000000000000320e-01,8.102039999999999242e-01,6.420000000000000151e-01,0.000000000000000000e+00,0.000000000000000000e+00,0.000000000000000000e+00,1.039177981081133684e+00
4.798000000000000043e+00,7.850000000000000311e-01,8.107750000000000234e-01,6.420000000000000151e-01,0.000000000000000000e+00,0.000000000000000000e+00,0.000000000000000000e+00,1.041827254655361301e+00
4.799000000000000377e+00,7.850000000000000311e-01,8.107750000000000234e-01,6.420000000000000151e-01,0.000000000000000000e+00,0.000000000000000000e+00,0.000000000000000000e+00,1.041827254655361301e+00
4.799999999999999822e+00,7.850000000000000311e-01,8.107750000000000234e-01,6.420000000000000151e-01,0.000000000000000000e+00,0.000000000000000000e+00,0.000000000000000000e+00,1.041827254655361301e+00
4.801000000000000156e+00,7.840000000000000302e-01,8.093439999999998413e-01,6.400000000000000133e-01,0.000000000000000000e+00,0.000000000000000000e+00,0.000000000000000000e+00,1.041232819658475472e+00
4.802000000000000490e+00,7.830000000000000293e-01,8.079110000000000458e-01,6.380000000000000115e-01,0.000000000000000000e+00,0.000000000000000000e+00,0.000000000000000000e+00,1.040631947400785240e+00
4.802999999999999936e+00,7.830000000000000293e-01,8.079110000000000458e-01,6.380000000000000115e-01,0.000000000000000000e+00,0.000000000000000000e+00,0.000000000000000000e+00,1.040631947400785240e+00
4.804000000000000270e+00,7.820000000000000284e-01,8.084759999999998614e-01,6.380000000000000115e-01,0.000000000000000000e+00,0.000000000000000000e+00,0.000000000000000000e+00,1.043295111884406712e+00
4.804999999999999716e+00,7.810000000000000275e-01,8.050389999999999491e-01,6.340000000000000080e-01,0.000000000000000000e+00,0.000000000000000000e+00,0.000000000000000000e+00,1.039410716422853209e+00
4.806000000000000050e+00,7.780000000000000249e-01,8.007160000000000943e-01,6.280000000000000027e-01,0.000000000000000000e+00,0.000000000000000000e+00,0.000000000000000000e+00,1.037529490288856104e+00
4.807000000000000384e+00,7.760000000000000231e-01,7.998240000000000904e-01,6.260000000000000009e-01,0.000000000000000000e+00,0.000000000000000000e+00,0.000000000000000000e+00,1.039563184185354316e+00
4.807999999999999829e+00,7.760000000000000231e-01,7.998240000000000904e-01,6.260000000000000009e-01,0.000000000000000000e+00,0.000000000000000000e+00,0.000000000000000000e+00,1.039563184185354316e+00
4.809000000000000163e+00,7.750000000000000222e-01,8.003749999999999476e-01,6.260000000000000009e-01,0.000000000000000000e+00,0.000000000000000000e+00,0.000000000000000000e+00,1.042247658688865597e+00
4.810000000000000497e+00,7.750000000000000222e-01,8.003750000000001696e-01,6.260000000000001119e-01,0.000000000000000000e+00,0.000000000000000000e+00,0.000000000000000000e+00,1.042247658688865819e+00
4.810999999999999943e+00,7.750000000000000222e-01,8.003750000000001696e-01,6.260000000000001119e-01,0.000000000000000000e+00,0.000000000000000000e+00,0.000000000000000000e+00,1.042247658688865819e+00
4.812000000000000277e+00,7.750000000000000222e-01,8.003750000000001696e-01,6.260000000000001119e-01,0.000000000000000000e+00,0.000000000000000000e+00,0.000000000000000000e+00,1.042247658688865819e+00
4.812999999999999723e+00,7.740000000000000213e-01,7.989240000000000785e-01,6.239999999999999991e-01,0.000000000000000000e+00,0.000000000000000000e+00,0.000000000000000000e+00,1.041604070268213000e+00
4.814000000000000057e+00,7.740000000000000213e-01,7.989240000000000785e-01,6.239999999999999991e-01,0.000000000000000000e+00,0.000000000000000000e+00,0.000000000000000000e+00,1.041604070268213000e+00
4.815000000000000391e+00,7.730000000000000204e-01,7.954710000000000392e-01,6.199999999999999956e-01,0.000000000000000000e+00,0.000000000000000000e+00,0.000000000000000000e+00,1.037606542946032828e+00
4.815999999999999837e+00,7.730000000000000204e-01,7.954710000000002612e-01,6.200000000000001066e-01,0.000000000000000000e+00,0.000000000000000000e+00,0.000000000000000000e+00,1.037606542946033050e+00
4.817000000000000171e+00,7.730000000000000204e-01,7.954710000000000392e-01,6.199999999999999956e-01,0.000000000000000000e+00,0.000000000000000000e+00,0.000000000000000000e+00,1.037606542946032828e+00
4.818000000000000504e+00,7.730000000000000204e-01,7.954710000000002612e-01,6.200000000000001066e-01,0.000000000000000000e+00,0.000000000000000000e+00,0.000000000000000000e+00,1.037606542946033050e+00
4.818999999999999950e+00,7.720000000000000195e-01,7.960159999999998348e-01,6.199999999999999956e-01,0.000000000000000000e+00,0.000000000000000000e+00,0.000000000000000000e+00,1.040296383795537905e+00
4.820000000000000284e+00,7.710000000000000187e-01,7.945590000000000153e-01,6.179999999999999938e-01,0.000000000000000000e+00,0.000000000000000000e+00,0.000000000000000000e+00,1.039632192261300991e+00
4.820999999999999730e+00,7.700000000000000178e-01,7.950999999999999179e-01,6.179999999999999938e-01,0.000000000000000000e+00,0.000000000000000000e+00,0.000000000000000000e+00,1.042334289087535781e+00
4.822000000000000064e+00,7.670000000000000151e-01,7.947109999999999452e-01,6.159999999999999920e-01,0.000000000000000000e+00,0.000000000000000000e+00,0.000000000000000000e+00,1.047104399368337546e+00
4.823000000000000398e+00,7.670000000000000151e-01,7.947109999999999452e-01,6.160000000000001030e-01,0.000000000000000000e+00,0.000000000000000000e+00,0.000000000000000000e+00,1.047104399368337768e+00
4.823999999999999844e+00,7.660000000000000142e-01,7.952440000000000619e-01,6.159999999999999920e-01,0.000000000000000000e+00,0.000000000000000000e+00,0.000000000000000000e+00,1.049840137978989452e+00
4.825000000000000178e+00,7.630000000000000115e-01,7.948309999999999542e-01,6.139999999999999902e-01,0.000000000000000000e+00,0.000000000000000000e+00,0.000000000000000000e+00,1.054676562991158750e+00
4.826000000000000512e+00,7.590000000000000080e-01,7.909189999999999277e-01,6.080000000000000959e-01,0.000000000000000000e+00,0.000000000000000000e+00,0.000000000000000000e+00,1.055407138926643951e+00
4.826999999999999957e+00,7.590000000000000080e-01,7.909189999999999277e-01,6.079999999999999849e-01,0.000000000000000000e+00,0.000000000000000000e+00,0.000000000000000000e+00,1.055407138926643951e+00
4.828000000000000291e+00,7.590000000000000080e-01,7.909189999999999277e-01,6.079999999999999849e-01,0.000000000000000000e+00,0.000000000000000000e+00,0.000000000000000000e+00,1.055407138926643951e+00
4.828999999999999737e+00,7.580000000000000071e-01,7.834360000000001323e-01,5.999999999999999778e-01,0.000000000000000000e+00,0.000000000000000000e+00,0.000000000000000000e+00,1.044270090016081731e+00
4.830000000000000071e+00,7.580000000000000071e-01,7.834360000000001323e-01,5.999999999999999778e-01,0.000000000000000000e+00,0.000000000000000000e+00,0.000000000000000000e+00,1.044270090016081731e+00
4.831000000000000405e+00,7.580000000000000071e-01,7.834360000000001323e-01,5.999999999999999778e-01,0.000000000000000000e+00,0.000000000000000000e+00,0.000000000000000000e+00,1.044270090016081731e+00
4.831999999999999851e+00,7.570000000000000062e-01,7.819509999999999517e-01,5.979999999999999760e-01,0.000000000000000000e+00,0.000000000000000000e+00,0.000000000000000000e+00,1.043540779235283544e+00
4.833000000000000185e+00,7.570000000000000062e-01,7.819509999999999517e-01,5.980000000000000870e-01,0.000000000000000000e+00,0.000000000000000000e+00,0.000000000000000000e+00,1.043540779235283544e+00
4.834000000000000519e+00,7.570000000000000062e-01,7.819509999999999517e-01,5.979999999999999760e-01,0.000000000000000000e+00,0.000000000000000000e+00,0.000000000000000000e+00,1.043540779235283544e+00
4.834999999999999964e+00,7.560000000000000053e-01,7.824640000000000484e-01,5.979999999999999760e-01,0.000000000000000000e+00,0.000000000000000000e+00,0.000000000000000000e+00,1.046303294980543530e+00
4.836000000000000298e+00,7.560000000000000053e-01,7.824640000000000484e-01,5.979999999999999760e-01,0.000000000000000000e+00,0.000000000000000000e+00,0.000000000000000000e+00,1.046303294980543530e+00
4.836999999999999744e+00,7.540000000000000036e-01,7.814840000000000675e-01,5.959999999999999742e-01,0.000000000000000000e+00,0.000000000000000000e+00,0.000000000000000000e+00,1.048343406342125750e+00
4.838000000000000078e+00,7.530000000000000027e-01,7.819909999999999917e-01,5.959999999999999742e-01,0.000000000000000000e+00,0.000000000000000000e+00,0.000000000000000000e+00,1.051129699881306889e+00
4.839000000000000412e+00,7.530000000000000027e-01,7.819909999999999917e-01,5.959999999999999742e-01,0.000000000000000000e+00,0.000000000000000000e+00,0.000000000000000000e+00,1.051129699881306889e+00
4.839999999999999858e+00,7.530000000000000027e-01,7.819909999999999917e-01,5.959999999999999742e-01,0.000000000000000000e+00,0.000000000000000000e+00,0.000000000000000000e+00,1.051129699881306889e+00
4.841000000000000192e+00,7.520000000000000018e-01,7.824959999999998583e-01,5.959999999999999742e-01,0.000000000000000000e+00,0.000000000000000000e+00,0.000000000000000000e+00,1.053927116342236348e+00
4.842000000000000526e+00,7.520000000000000018e-01,7.824959999999998583e-01,5.959999999999999742e-01,0.000000000000000000e+00,0.000000000000000000e+00,0.000000000000000000e+00,1.053927116342236348e+00
4.842999999999999972e+00,7.510000000000000009e-01,7.809989999999999988e-01,5.939999999999999725e-01,0.000000000000000000e+00,0.000000000000000000e+00,0.000000000000000000e+00,1.053189622004216286e+00
4.844000000000000306e+00,7.500000000000000000e-01,7.795000000000000817e-01,5.919999999999999707e-01,0.000000000000000000e+00,0.000000000000000000e+00,0.000000000000000000e+00,1.052444444444444294e+00
4.844999999999999751e+00,7.489999999999999991e-01,7.799989999999999979e-01,5.919999999999999707e-01,0.000000000000000000e+00,0.000000000000000000e+00,0.000000000000000000e+00,1.055256585995390406e+00
4.846000000000000085e+00,7.479999999999999982e-01,7.784960000000000768e-01,5.899999999999999689e-01,0.000000000000000000e+00,0.000000000000000000e+00,0.000000000000000000e+00,1.054505419085475681e+00
4.847000000000000419e+00,7.479999999999999982e-01,7.784960000000000768e-01,5.900000000000000799e-01,0.000000000000000000e+00,0.000000000000000000e+00,0.000000000000000000e+00,1.054505419085475904e+00
4.847999999999999865e+00,7.479999999999999982e-01,7.784960000000000768e-01,5.899999999999999689e-01,0.000000000000000000e+00,0.000000000000000000e+00,0.000000000000000000e+00,1.054505419085475681e+00
4.849000000000000199e+00,7.469999999999999973e-01,7.789909999999999890e-01,5.899999999999999689e-01,0.000000000000000000e+00,0.000000000000000000e+00,0.000000000000000000e+00,1.057330616531274581e+00
4.850000000000000533e+00,7.469999999999999973e-01,7.789909999999999890e-01,5.899999999999999689e-01,0.000000000000000000e+00,0.000000000000000000e+00,0.000000000000000000e+00,1.057330616531274581e+00
4.850999999999999979e+00,7.469999999999999973e-01,7.789910000000002110e-01,5.900000000000000799e-01,0.000000000000000000e+00,0.000000000000000000e+00,0.000000000000000000e+00,1.057330616531274803e+00
4.852000000000000313e+00,7.459999999999999964e-01,7.774840000000000639e-01,5.880000000000000782e-01,0.000000000000000000e+00,0.000000000000000000e+00,0.000000000000000000e+00,1.056573395913145585e+00
4.852999999999999758e+00,7.459999999999999964e-01,7.774840000000000639e-01,5.880000000000000782e-01,0.000000000000000000e+00,0.000000000000000000e+00,0.000000000000000000e+00,1.056573395913145585e+00
4.854000000000000092e+00,7.459999999999999964e-01,7.774840000000000639e-01,5.880000000000000782e-01,0.000000000000000000e+00,0.000000000000000000e+00,0.000000000000000000e+00,1.056573395913145585e+00
4.855000000000000426e+00,7.449999999999999956e-01,7.779749999999999721e-01,5.879999999999999671e-01,0.000000000000000000e+00,0.000000000000000000e+00,0.000000000000000000e+00,1.059411738209990572e+00
4.855999999999999872e+00,7.429999999999999938e-01,7.749509999999999454e-01,5.839999999999999636e-01,0.000000000000000000e+00,0.000000000000000000e+00,0.000000000000000000e+00,1.057877108734913030e+00
4.857000000000000206e+00,7.419999999999999929e-01,7.754360000000001252e-01,5.839999999999999636e-01,0.000000000000000000e+00,0.000000000000000000e+00,0.000000000000000000e+00,1.060730450955747139e+00
4.858000000000000540e+00,7.419999999999999929e-01,7.754360000000001252e-01,5.839999999999999636e-01,0.000000000000000000e+00,0.000000000000000000e+00,0.000000000000000000e+00,1.060730450955747139e+00
4.858999999999999986e+00,7.419999999999999929e-01,7.754360000000001252e-01,5.839999999999999636e-01,0.000000000000000000e+00,0.000000000000000000e+00,0.000000000000000000e+00,1.060730450955747139e+00
4.860000000000000320e+00,7.419999999999999929e-01,7.754360000000001252e-01,5.839999999999999636e-01,0.000000000000000000e+00,0.000000000000000000e+00,0.000000000000000000e+00,1.060730450955747139e+00
4.860999999999999766e+00,7.409999999999999920e-01,7.759189999999999143e-01,5.839999999999999636e-01,0.000000000000000000e+00,0.000000000000000000e+00,0.000000000000000000e+00,1.063595352962495300e+00
4.862000000000000099e+00,7.399999999999999911e-01,7.744000000000000883e-01,5.819999999999999618e-01,0.000000000000000000e+00,0.000000000000000000e+00,0.000000000000000000e+00,1.062819576333089877e+00
4.863000000000000433e+00,7.379999999999999893e-01,7.713559999999998196e-01,5.779999999999999583e-01,0.000000000000000000e+00,0.000000000000000000e+00,0.000000000000000000e+00,1.061243674767370804e+00
4.863999999999999879e+00,7.379999999999999893e-01,7.713559999999998196e-01,5.779999999999999583e-01,0.000000000000000000e+00,0.000000000000000000e+00,0.000000000000000000e+00,1.061243674767370804e+00
4.865000000000000213e+00,7.379999999999999893e-01,7.713559999999998196e-01,5.779999999999999583e-01,0.000000000000000000e+00,0.000000000000000000e+00,0.000000000000000000e+00,1.061243674767370804e+00
4.865999999999999659e+00,7.379999999999999893e-01,7.713559999999998196e-01,5.779999999999999583e-01,0.000000000000000000e+00,0.000000000000000000e+00,0.000000000000000000e+00,1.061243674767370804e+00
4.866999999999999993e+00,7.369999999999999885e-01,7.698309999999999320e-01,5.759999999999999565e-01,0.000000000000000000e+00,0.000000000000000000e+00,0.000000000000000000e+00,1.060443434732099899e+00
4.868000000000000327e+00,7.369999999999999885e-01,7.698309999999999320e-01,5.759999999999999565e-01,0.000000000000000000e+00,0.000000000000000000e+00,0.000000000000000000e+00,1.060443434732099899e+00
4.868999999999999773e+00,7.359999999999999876e-01,7.703039999999998777e-01,5.759999999999999565e-01,0.000000000000000000e+00,0.000000000000000000e+00,0.000000000000000000e+00,1.063327032136105910e+00
4.870000000000000107e+00,7.349999999999999867e-01,7.687749999999999861e-01,5.739999999999999547e-01,0.000000000000000000e+00,0.000000000000000000e+00,0.000000000000000000e+00,1.062520246193715545e+00
4.871000000000000441e+00,7.339999999999999858e-01,7.692439999999998168e-01,5.739999999999999547e-01,0.000000000000000000e+00,0.000000000000000000e+00,0.000000000000000000e+00,1.065417368901691919e+00
4.871999999999999886e+00,7.339999999999999858e-01,7.692439999999998168e-01,5.739999999999999547e-01,0.000000000000000000e+00,0.000000000000000000e+00,0.000000000000000000e+00,1.065417368901691919e+00
4.873000000000000220e+00,7.339999999999999858e-01,7.692439999999998168e-01,5.739999999999999547e-01,0.000000000000000000e+00,0.000000000000000000e+00,0.000000000000000000e+00,1.065417368901691919e+00
4.873999999999999666e+00,7.309999999999999831e-01,7.666389999999999594e-01,5.699999999999999512e-01,0.000000000000000000e+00,0.000000000000000000e+00,0.000000000000000000e+00,1.066694612817926435e+00
4.875000000000000000e+00,7.309999999999999831e-01,7.666389999999999594e-01,5.699999999999999512e-01,0.000000000000000000e+00,0.000000000000000000e+00,0.000000000000000000e+00,1.066694612817926435e+00
4.876000000000000334e+00,7.309999999999999831e-01,7.666389999999999594e-01,5.699999999999999512e-01,0.000000000000000000e+00,0.000000000000000000e+00,0.000000000000000000e+00,1.066694612817926435e+00
4.876999999999999780e+00,7.289999999999999813e-01,7.655589999999999895e-01,5.679999999999999494e-01,0.000000000000000000e+00,0.000000000000000000e+00,0.000000000000000000e+00,1.068792208354266915e+00
4.878000000000000114e+00,7.269999999999999796e-01,7.664710000000000134e-01,5.679999999999999494e-01,0.000000000000000000e+00,0.000000000000000000e+00,0.000000000000000000e+00,1.074680859517642473e+00
4.879000000000000448e+00,7.269999999999999796e-01,7.664710000000000134e-01,5.679999999999999494e-01,0.000000000000000000e+00,0.000000000000000000e+00,0.000000000000000000e+00,1.074680859517642473e+00
4.879999999999999893e+00,7.259999999999999787e-01,7.649239999999998263e-01,5.659999999999999476e-01,0.000000000000000000e+00,0.000000000000000000e+00,0.000000000000000000e+00,1.073848932601749961e+00
4.881000000000000227e+00,7.259999999999999787e-01,7.649239999999998263e-01,5.659999999999999476e-01,0.000000000000000000e+00,0.000000000000000000e+00,0.000000000000000000e+00,1.073848932601749961e+00
4.881999999999999673e+00,7.249999999999999778e-01,7.653749999999999165e-01,5.659999999999999476e-01,0.000000000000000000e+00,0.000000000000000000e+00,0.000000000000000000e+00,1.076813317479191401e+00
4.883000000000000007e+00,7.249999999999999778e-01,7.653749999999999165e-01,5.659999999999999476e-01,0.000000000000000000e+00,0.000000000000000000e+00,0.000000000000000000e+00,1.076813317479191401e+00
4.884000000000000341e+00,7.249999999999999778e-01,7.653749999999999165e-01,5.659999999999999476e-01,0.000000000000000000e+00,0.000000000000000000e+00,0.000000000000000000e+00,1.076813317479191401e+00
4.884999999999999787e+00,7.239999999999999769e-01,7.658240000000000602e-01,5.659999999999999476e-01,0.000000000000000000e+00,0.000000000000000000e+00,0.000000000000000000e+00,1.079789994200421210e+00
4.886000000000000121e+00,7.229999999999999760e-01,7.642709999999999226e-01,5.639999999999999458e-01,0.000000000000000000e+00,0.000000000000000000e+00,0.000000000000000000e+00,1.078952956503274052e+00
4.887000000000000455e+00,7.209999999999999742e-01,7.591589999999999172e-01,5.580000000000000515e-01,0.000000000000000000e+00,0.000000000000000000e+00,0.000000000000000000e+00,1.073405137340071480e+00
4.887999999999999901e+00,7.189999999999999725e-01,7.560390000000001276e-01,5.540000000000000480e-01,0.000000000000000000e+00,0.000000000000000000e+00,0.000000000000000000e+00,1.071647571093370832e+00
4.889000000000000234e+00,7.169999999999999707e-01,7.509110000000002172e-01,5.480000000000000426e-01,0.000000000000000000e+00,0.000000000000000000e+00,0.000000000000000000e+00,1.065963286512646935e+00
4.889999999999999680e+00,7.169999999999999707e-01,7.509110000000002172e-01,5.480000000000000426e-01,0.000000000000000000e+00,0.000000000000000000e+00,0.000000000000000000e+00,1.065963286512646935e+00
4.891000000000000014e+00,7.149999999999999689e-01,7.497750000000001913e-01,5.460000000000000409e-01,0.000000000000000000e+00,0.000000000000000000e+00,0.000000000000000000e+00,1.068022886204704536e+00
4.892000000000000348e+00,7.139999999999999680e-01,7.502040000000000930e-01,5.460000000000000409e-01,0.000000000000000000e+00,0.000000000000000000e+00,0.000000000000000000e+00,1.071016641950898185e+00
4.892999999999999794e+00,7.139999999999999680e-01,7.502040000000000930e-01,5.460000000000000409e-01,0.000000000000000000e+00,0.000000000000000000e+00,0.000000000000000000e+00,1.071016641950898185e+00
4.894000000000000128e+00,7.139999999999999680e-01,7.502040000000000930e-01,5.460000000000000409e-01,0.000000000000000000e+00,0.000000000000000000e+00,0.000000000000000000e+00,1.071016641950898185e+00
4.895000000000000462e+00,7.129999999999999671e-01,7.506309999999999372e-01,5.460000000000000409e-01,0.000000000000000000e+00,0.000000000000000000e+00,0.000000000000000000e+00,1.074023002976184804e+00
4.895999999999999908e+00,7.129999999999999671e-01,7.506309999999999372e-01,5.460000000000000409e-01,0.000000000000000000e+00,0.000000000000000000e+00,0.000000000000000000e+00,1.074023002976184804e+00
4.897000000000000242e+00,7.129999999999999671e-01,7.506309999999999372e-01,5.460000000000000409e-01,0.000000000000000000e+00,0.000000000000000000e+00,0.000000000000000000e+00,1.074023002976184804e+00
4.897999999999999687e+00,7.129999999999999671e-01,7.506309999999999372e-01,5.460000000000000409e-01,0.000000000000000000e+00,0.000000000000000000e+00,0.000000000000000000e+00,1.074023002976184804e+00
4.899000000000000021e+00,7.129999999999999671e-01,7.506309999999999372e-01,5.460000000000000409e-01,0.000000000000000000e+00,0.000000000000000000e+00,0.000000000000000000e+00,1.074023002976184804e+00
4.900000000000000355e+00,7.119999999999999662e-01,7.510560000000000569e-01,5.460000000000000409e-01,0.000000000000000000e+00,0.000000000000000000e+00,0.000000000000000000e+00,1.077042040146446444e+00
4.900999999999999801e+00,7.089999999999999636e-01,7.523189999999999600e-01,5.460000000000000409e-01,0.000000000000000000e+00,0.000000000000000000e+00,0.000000000000000000e+00,1.086175924691802797e+00
4.902000000000000135e+00,7.079999999999999627e-01,7.487360000000000682e-01,5.420000000000000373e-01,0.000000000000000000e+00,0.000000000000000000e+00,0.000000000000000000e+00,1.081266558141019685e+00
4.903000000000000469e+00,7.079999999999999627e-01,7.487360000000000682e-01,5.420000000000000373e-01,0.000000000000000000e+00,0.000000000000000000e+00,0.000000000000000000e+00,1.081266558141019685e+00
4.903999999999999915e+00,7.039999999999999591e-01,7.463840000000000474e-01,5.380000000000000338e-01,0.000000000000000000e+00,0.000000000000000000e+00,0.000000000000000000e+00,1.085517820247934084e+00
4.905000000000000249e+00,7.019999999999999574e-01,7.471959999999999713e-01,5.380000000000000338e-01,0.000000000000000000e+00,0.000000000000000000e+00,0.000000000000000000e+00,1.091711917922744357e+00
4.905999999999999694e+00,7.009999999999999565e-01,7.435989999999998989e-01,5.340000000000000302e-01,0.000000000000000000e+00,0.000000000000000000e+00,0.000000000000000000e+00,1.086688875277014299e+00
4.907000000000000028e+00,6.999999999999999556e-01,7.439999999999999947e-01,5.340000000000000302e-01,0.000000000000000000e+00,0.000000000000000000e+00,0.000000000000000000e+00,1.089795918367347127e+00
4.908000000000000362e+00,6.989999999999999547e-01,7.443990000000001439e-01,5.340000000000000302e-01,0.000000000000000000e+00,0.000000000000000000e+00,0.000000000000000000e+00,1.092916305942886135e+00
4.908999999999999808e+00,6.989999999999999547e-01,7.443990000000001439e-01,5.340000000000000302e-01,0.000000000000000000e+00,0.000000000000000000e+00,0.000000000000000000e+00,1.092916305942886135e+00
4.910000000000000142e+00,6.969999999999999529e-01,7.411909999999999332e-01,5.300000000000000266e-01,0.000000000000000000e+00,0.000000000000000000e+00,0.000000000000000000e+00,1.090963732660366725e+00
4.911000000000000476e+00,6.959999999999999520e-01,7.395840000000000192e-01,5.280000000000000249e-01,0.000000000000000000e+00,0.000000000000000000e+00,0.000000000000000000e+00,1.089972255251684619e+00
4.911999999999999922e+00,6.949999999999999512e-01,7.359749999999999348e-01,5.240000000000000213e-01,0.000000000000000000e+00,0.000000000000000000e+00,0.000000000000000000e+00,1.084829977744423468e+00
4.913000000000000256e+00,6.929999999999999494e-01,7.347509999999999319e-01,5.220000000000000195e-01,0.000000000000000000e+00,0.000000000000000000e+00,0.000000000000000000e+00,1.086936151871217060e+00
4.913999999999999702e+00,6.929999999999999494e-01,7.347509999999999319e-01,5.220000000000000195e-01,0.000000000000000000e+00,0.000000000000000000e+00,0.000000000000000000e+00,1.086936151871217060e+00
4.915000000000000036e+00,6.929999999999999494e-01,7.347509999999999319e-01,5.220000000000000195e-01,0.000000000000000000e+00,0.000000000000000000e+00,0.000000000000000000e+00,1.086936151871217060e+00
4.916000000000000369e+00,6.919999999999999485e-01,7.331360000000000099e-01,5.200000000000000178e-01,0.000000000000000000e+00,0.000000000000000000e+00,0.000000000000000000e+00,1.085903304487286780e+00
4.916999999999999815e+00,6.919999999999999485e-01,7.331360000000000099e-01,5.200000000000000178e-01,0.000000000000000000e+00,0.000000000000000000e+00,0.000000000000000000e+00,1.085903304487286780e+00
4.918000000000000149e+00,6.909999999999999476e-01,7.295189999999999175e-01,5.160000000000000142e-01,0.000000000000000000e+00,0.000000000000000000e+00,0.000000000000000000e+00,1.080671272783629178e+00
4.919000000000000483e+00,6.909999999999999476e-01,7.295189999999999175e-01,5.160000000000000142e-01,0.000000000000000000e+00,0.000000000000000000e+00,0.000000000000000000e+00,1.080671272783629178e+00
4.919999999999999929e+00,6.889999999999999458e-01,7.282789999999998987e-01,5.140000000000000124e-01,0.000000000000000000e+00,0.000000000000000000e+00,0.000000000000000000e+00,1.082741231165252893e+00
4.921000000000000263e+00,6.860000000000000542e-01,7.254040000000001598e-01,5.100000000000000089e-01,0.000000000000000000e+00,0.000000000000000000e+00,0.000000000000000000e+00,1.083732118420045909e+00
4.921999999999999709e+00,6.850000000000000533e-01,7.237750000000000572e-01,5.080000000000000071e-01,0.000000000000000000e+00,0.000000000000000000e+00,0.000000000000000000e+00,1.082636261921253062e+00
4.923000000000000043e+00,6.850000000000000533e-01,7.237750000000000572e-01,5.080000000000000071e-01,0.000000000000000000e+00,0.000000000000000000e+00,0.000000000000000000e+00,1.082636261921253062e+00
4.924000000000000377e+00,6.850000000000000533e-01,7.237750000000000572e-01,5.080000000000000071e-01,0.000000000000000000e+00,0.000000000000000000e+00,0.000000000000000000e+00,1.082636261921253062e+00
4.924999999999999822e+00,6.850000000000000533e-01,7.237750000000000572e-01,5.080000000000000071e-01,0.000000000000000000e+00,0.000000000000000000e+00,0.000000000000000000e+00,1.082636261921253062e+00
4.926000000000000156e+00,6.850000000000000533e-01,7.237750000000000572e-01,5.080000000000000071e-01,0.000000000000000000e+00,0.000000000000000000e+00,0.000000000000000000e+00,1.082636261921253062e+00
4.927000000000000490e+00,6.840000000000000524e-01,7.241440000000001209e-01,5.080000000000000071e-01,0.000000000000000000e+00,0.000000000000000000e+00,0.000000000000000000e+00,1.085804179063643460e+00
4.927999999999999936e+00,6.820000000000000506e-01,7.228760000000000741e-01,5.060000000000000053e-01,0.000000000000000000e+00,0.000000000000000000e+00,0.000000000000000000e+00,1.087881941159776433e+00
4.929000000000000270e+00,6.820000000000000506e-01,7.228760000000000741e-01,5.060000000000000053e-01,0.000000000000000000e+00,0.000000000000000000e+00,0.000000000000000000e+00,1.087881941159776433e+00
4.929999999999999716e+00,6.800000000000000488e-01,7.235999999999997989e-01,5.060000000000000053e-01,0.000000000000000000e+00,0.000000000000000000e+00,0.000000000000000000e+00,1.094290657439446202e+00
4.931000000000000050e+00,6.790000000000000480e-01,7.239590000000000192e-01,5.060000000000000053e-01,0.000000000000000000e+00,0.000000000000000000e+00,0.000000000000000000e+00,1.097516272956201133e+00
4.932000000000000384e+00,6.790000000000000480e-01,7.239590000000000192e-01,5.060000000000000053e-01,0.000000000000000000e+00,0.000000000000000000e+00,0.000000000000000000e+00,1.097516272956201133e+00
4.932999999999999829e+00,6.790000000000000480e-01,7.239590000000000192e-01,5.060000000000000053e-01,0.000000000000000000e+00,0.000000000000000000e+00,0.000000000000000000e+00,1.097516272956201133e+00
4.934000000000000163e+00,6.760000000000000453e-01,7.190240000000001075e-01,5.000000000000000000e-01,0.000000000000000000e+00,0.000000000000000000e+00,0.000000000000000000e+00,1.094149364518048895e+00
4.935000000000000497e+00,6.750000000000000444e-01,7.113749999999999796e-01,4.919999999999999929e-01,0.000000000000000000e+00,0.000000000000000000e+00,0.000000000000000000e+00,1.079835390946501938e+00
4.935999999999999943e+00,6.750000000000000444e-01,7.113749999999999796e-01,4.919999999999999929e-01,0.000000000000000000e+00,0.000000000000000000e+00,0.000000000000000000e+00,1.079835390946501938e+00
4.937000000000000277e+00,6.750000000000000444e-01,7.113749999999999796e-01,4.919999999999999929e-01,0.000000000000000000e+00,0.000000000000000000e+00,0.000000000000000000e+00,1.079835390946501938e+00
4.937999999999999723e+00,6.750000000000000444e-01,7.113749999999999796e-01,4.919999999999999929e-01,0.000000000000000000e+00,0.000000000000000000e+00,0.000000000000000000e+00,1.079835390946501938e+00
4.939000000000000057e+00,6.750000000000000444e-01,7.113749999999999796e-01,4.919999999999999929e-01,0.000000000000000000e+00,0.000000000000000000e+00,0.000000000000000000e+00,1.079835390946501938e+00
4.940000000000000391e+00,6.750000000000000444e-01,7.113749999999999796e-01,4.919999999999999929e-01,0.000000000000000000e+00,0.000000000000000000e+00,0.000000000000000000e+00,1.079835390946501938e+00
4.940999999999999837e+00,6.750000000000000444e-01,7.113749999999999796e-01,4.919999999999999929e-01,0.000000000000000000e+00,0.000000000000000000e+00,0.000000000000000000e+00,1.079835390946501938e+00
4.942000000000000171e+00,6.750000000000000444e-01,7.113749999999999796e-01,4.919999999999999929e-01,0.000000000000000000e+00,0.000000000000000000e+00,0.000000000000000000e+00,1.079835390946501938e+00
4.943000000000000504e+00,6.750000000000000444e-01,7.113749999999999796e-01,4.919999999999999929e-01,0.000000000000000000e+00,0.000000000000000000e+00,0.000000000000000000e+00,1.079835390946501938e+00
4.943999999999999950e+00,6.740000000000000435e-01,7.097240000000000215e-01,4.899999999999999911e-01,0.000000000000000000e+00,0.000000000000000000e+00,0.000000000000000000e+00,1.078639417446662252e+00
4.945000000000000284e+00,6.740000000000000435e-01,7.097240000000000215e-01,4.899999999999999911e-01,0.000000000000000000e+00,0.000000000000000000e+00,0.000000000000000000e+00,1.078639417446662252e+00
4.945999999999999730e+00,6.740000000000000435e-01,7.097240000000000215e-01,4.899999999999999911e-01,0.000000000000000000e+00,0.000000000000000000e+00,0.000000000000000000e+00,1.078639417446662252e+00
4.947000000000000064e+00,6.730000000000000426e-01,7.100709999999998967e-01,4.899999999999999911e-01,0.000000000000000000e+00,0.000000000000000000e+00,0.000000000000000000e+00,1.081847265244662903e+00
4.948000000000000398e+00,6.720000000000000417e-01,7.084160000000001567e-01,4.879999999999999893e-01,0.000000000000000000e+00,0.000000000000000000e+00,0.000000000000000000e+00,1.080640589569160870e+00
4.948999999999999844e+00,6.710000000000000409e-01,7.067589999999999151e-01,4.859999999999999876e-01,0.000000000000000000e+00,0.000000000000000000e+00,0.000000000000000000e+00,1.079421909599525442e+00
4.950000000000000178e+00,6.690000000000000391e-01,7.034389999999999254e-01,4.819999999999999840e-01,0.000000000000000000e+00,0.000000000000000000e+00,0.000000000000000000e+00,1.076948170193560150e+00
4.951000000000000512e+00,6.680000000000000382e-01,6.997759999999998426e-01,4.779999999999999805e-01,0.000000000000000000e+00,0.000000000000000000e+00,0.000000000000000000e+00,1.071210871669833864e+00
4.951999999999999957e+00,6.660000000000000364e-01,6.984439999999998427e-01,4.759999999999999787e-01,0.000000000000000000e+00,0.000000000000000000e+00,0.000000000000000000e+00,1.073145217289361186e+00
4.953000000000000291e+00,6.650000000000000355e-01,6.967749999999999222e-01,4.739999999999999769e-01,0.000000000000000000e+00,0.000000000000000000e+00,0.000000000000000000e+00,1.071852563740177455e+00
4.953999999999999737e+00,6.650000000000000355e-01,6.967749999999999222e-01,4.739999999999999769e-01,0.000000000000000000e+00,0.000000000000000000e+00,0.000000000000000000e+00,1.071852563740177455e+00
4.955000000000000071e+00,6.650000000000000355e-01,6.967749999999999222e-01,4.739999999999999769e-01,0.000000000000000000e+00,0.000000000000000000e+00,0.000000000000000000e+00,1.071852563740177455e+00
4.956000000000000405e+00,6.640000000000000346e-01,6.971039999999998349e-01,4.739999999999999769e-01,0.000000000000000000e+00,0.000000000000000000e+00,0.000000000000000000e+00,1.075083466395703180e+00
4.956999999999999851e+00,6.630000000000000338e-01,6.974309999999999121e-01,4.739999999999999769e-01,0.000000000000000000e+00,0.000000000000000000e+00,0.000000000000000000e+00,1.078328999542733646e+00
4.958000000000000185e+00,6.630000000000000338e-01,6.974309999999999121e-01,4.739999999999999769e-01,0.000000000000000000e+00,0.000000000000000000e+00,0.000000000000000000e+00,1.078328999542733646e+00
4.959000000000000519e+00,6.610000000000000320e-01,6.980789999999998940e-01,4.739999999999999769e-01,0.000000000000000000e+00,0.000000000000000000e+00,0.000000000000000000e+00,1.084864311855003427e+00
4.959999999999999964e+00,6.600000000000000311e-01,6.983999999999999098e-01,4.739999999999999769e-01,0.000000000000000000e+00,0.000000000000000000e+00,0.000000000000000000e+00,1.088154269972451571e+00
4.961000000000000298e+00,6.590000000000000302e-01,6.947189999999999754e-01,4.699999999999999734e-01,0.000000000000000000e+00,0.000000000000000000e+00,0.000000000000000000e+00,1.082248590198511939e+00
4.961999999999999744e+00,6.590000000000000302e-01,6.947189999999999754e-01,4.699999999999999734e-01,0.000000000000000000e+00,0.000000000000000000e+00,0.000000000000000000e+00,1.082248590198511939e+00
4.963000000000000078e+00,6.580000000000000293e-01,6.930360000000000964e-01,4.680000000000000271e-01,0.000000000000000000e+00,0.000000000000000000e+00,0.000000000000000000e+00,1.080921277519609092e+00
4.964000000000000412e+00,6.560000000000000275e-01,6.896640000000000548e-01,4.640000000000000235e-01,0.000000000000000000e+00,0.000000000000000000e+00,0.000000000000000000e+00,1.078227245687090941e+00
4.964999999999999858e+00,6.550000000000000266e-01,6.899750000000000050e-01,4.640000000000000235e-01,0.000000000000000000e+00,0.000000000000000000e+00,0.000000000000000000e+00,1.081522055824252648e+00
4.966000000000000192e+00,6.550000000000000266e-01,6.899750000000000050e-01,4.640000000000000235e-01,0.000000000000000000e+00,0.000000000000000000e+00,0.000000000000000000e+00,1.081522055824252648e+00
4.967000000000000526e+00,6.550000000000000266e-01,6.899750000000000050e-01,4.640000000000000235e-01,0.000000000000000000e+00,0.000000000000000000e+00,0.000000000000000000e+00,1.081522055824252648e+00
4.967999999999999972e+00,6.550000000000000266e-01,6.899750000000000050e-01,4.640000000000000235e-01,0.000000000000000000e+00,0.000000000000000000e+00,0.000000000000000000e+00,1.081522055824252648e+00
4.969000000000000306e+00,6.550000000000000266e-01,6.899750000000000050e-01,4.640000000000000235e-01,0.000000000000000000e+00,0.000000000000000000e+00,0.000000000000000000e+00,1.081522055824252648e+00
4.969999999999999751e+00,6.550000000000000266e-01,6.899750000000000050e-01,4.640000000000000235e-01,0.000000000000000000e+00,0.000000000000000000e+00,0.000000000000000000e+00,1.081522055824252648e+00
4.971000000000000085e+00,6.550000000000000266e-01,6.899750000000000050e-01,4.640000000000000235e-01,0.000000000000000000e+00,0.000000000000000000e+00,0.000000000000000000e+00,1.081522055824252648e+00
4.972000000000000419e+00,6.550000000000000266e-01,6.899750000000000050e-01,4.640000000000000235e-01,0.000000000000000000e+00,0.000000000000000000e+00,0.000000000000000000e+00,1.081522055824252648e+00
4.972999999999999865e+00,6.540000000000000258e-01,6.882840000000001179e-01,4.620000000000000218e-01,0.000000000000000000e+00,0.000000000000000000e+00,0.000000000000000000e+00,1.080155991358751955e+00
4.974000000000000199e+00,6.530000000000000249e-01,6.845909999999999496e-01,4.580000000000000182e-01,0.000000000000000000e+00,0.000000000000000000e+00,0.000000000000000000e+00,1.074086147337415476e+00
4.975000000000000533e+00,6.500000000000000222e-01,6.834999999999999964e-01,4.560000000000000164e-01,0.000000000000000000e+00,0.000000000000000000e+00,0.000000000000000000e+00,1.079289940828402239e+00
4.975999999999999979e+00,6.500000000000000222e-01,6.834999999999999964e-01,4.560000000000000164e-01,0.000000000000000000e+00,0.000000000000000000e+00,0.000000000000000000e+00,1.079289940828402239e+00
4.977000000000000313e+00,6.500000000000000222e-01,6.834999999999999964e-01,4.560000000000000164e-01,0.000000000000000000e+00,0.000000000000000000e+00,0.000000000000000000e+00,1.079289940828402239e+00
4.977999999999999758e+00,6.500000000000000222e-01,6.834999999999999964e-01,4.560000000000000164e-01,0.000000000000000000e+00,0.000000000000000000e+00,0.000000000000000000e+00,1.079289940828402239e+00
4.979000000000000092e+00,6.500000000000000222e-01,6.834999999999999964e-01,4.560000000000000164e-01,0.000000000000000000e+00,0.000000000000000000e+00,0.000000000000000000e+00,1.079289940828402239e+00
4.980000000000000426e+00,6.500000000000000222e-01,6.834999999999999964e-01,4.560000000000000164e-01,0.000000000000000000e+00,0.000000000000000000e+00,0.000000000000000000e+00,1.079289940828402239e+00
4.980999999999999872e+00,6.480000000000000204e-01,6.840960000000000374e-01,4.560000000000000164e-01,0.000000000000000000e+00,0.000000000000000000e+00,0.000000000000000000e+00,1.085962505715592163e+00
4.982000000000000206e+00,6.470000000000000195e-01,6.843909999999999716e-01,4.560000000000000164e-01,0.000000000000000000e+00,0.000000000000000000e+00,0.000000000000000000e+00,1.089322016487939804e+00
4.983000000000000540e+00,6.470000000000000195e-01,6.843909999999999716e-01,4.560000000000000164e-01,0.000000000000000000e+00,0.000000000000000000e+00,0.000000000000000000e+00,1.089322016487939804e+00
4.983999999999999986e+00,6.470000000000000195e-01,6.843909999999999716e-01,4.560000000000000164e-01,0.000000000000000000e+00,0.000000000000000000e+00,0.000000000000000000e+00,1.089322016487939804e+00
4.985000000000000320e+00,6.470000000000000195e-01,6.843909999999999716e-01,4.560000000000000164e-01,0.000000000000000000e+00,0.000000000000000000e+00,0.000000000000000000e+00,1.089322016487939804e+00
4.985999999999999766e+00,6.470000000000000195e-01,6.843909999999999716e-01,4.560000000000000164e-01,0.000000000000000000e+00,0.000000000000000000e+00,0.000000000000000000e+00,1.089322016487939804e+00
4.987000000000000099e+00,6.460000000000000187e-01,6.806840000000000668e-01,4.520000000000000129e-01,0.000000000000000000e+00,0.000000000000000000e+00,0.000000000000000000e+00,1.083112078137430601e+00
4.988000000000000433e+00,6.440000000000000169e-01,6.712640000000000828e-01,4.420000000000000040e-01,0.000000000000000000e+00,0.000000000000000000e+00,0.000000000000000000e+00,1.065738204544577572e+00
4.988999999999999879e+00,6.440000000000000169e-01,6.712640000000000828e-01,4.420000000000000040e-01,0.000000000000000000e+00,0.000000000000000000e+00,0.000000000000000000e+00,1.065738204544577572e+00
4.990000000000000213e+00,6.440000000000000169e-01,6.712640000000000828e-01,4.420000000000000040e-01,0.000000000000000000e+00,0.000000000000000000e+00,0.000000000000000000e+00,1.065738204544577572e+00
4.991000000000000547e+00,6.440000000000000169e-01,6.712640000000000828e-01,4.420000000000000040e-01,0.000000000000000000e+00,0.000000000000000000e+00,0.000000000000000000e+00,1.065738204544577572e+00
4.991999999999999993e+00,6.430000000000000160e-01,6.715510000000000090e-01,4.420000000000000040e-01,0.000000000000000000e+00,0.000000000000000000e+00,0.000000000000000000e+00,1.069055675548858497e+00
4.993000000000000327e+00,6.430000000000000160e-01,6.715510000000000090e-01,4.420000000000000040e-01,0.000000000000000000e+00,0.000000000000000000e+00,0.000000000000000000e+00,1.069055675548858497e+00
4.993999999999999773e+00,6.420000000000000151e-01,6.698360000000000980e-01,4.400000000000000022e-01,0.000000000000000000e+00,0.000000000000000000e+00,0.000000000000000000e+00,1.067536223445036292e+00
4.995000000000000107e+00,6.410000000000000142e-01,6.681189999999999074e-01,4.380000000000000004e-01,0.000000000000000000e+00,0.000000000000000000e+00,0.000000000000000000e+00,1.066002078460673630e+00
4.996000000000000441e+00,6.410000000000000142e-01,6.681189999999999074e-01,4.380000000000000004e-01,0.000000000000000000e+00,0.000000000000000000e+00,0.000000000000000000e+00,1.066002078460673630e+00
4.996999999999999886e+00,6.380000000000000115e-01,6.649560000000001025e-01,4.339999999999999969e-01,0.000000000000000000e+00,0.000000000000000000e+00,0.000000000000000000e+00,1.066223798901347219e+00
4.998000000000000220e+00,6.380000000000000115e-01,6.649560000000001025e-01,4.339999999999999969e-01,0.000000000000000000e+00,0.000000000000000000e+00,0.000000000000000000e+00,1.066223798901347219e+00
4.998999999999999666e+00,6.380000000000000115e-01,6.649560000000001025e-01,4.339999999999999969e-01,0.000000000000000000e+00,0.000000000000000000e+00,0.000000000000000000e+00,1.066223798901347219e+00
5.000000000000000000e+00,6.380000000000000115e-01,6.649560000000001025e-01,4.339999999999999969e-01,0.000000000000000000e+00,0.000000000000000000e+00,0.000000000000000000e+00,1.066223798901347219e+00
